# BEGIN PLOT
XTwosidedTicks=1
YTwosidedTicks=1
XMax=24
XLabelSep=4.4
RatioPlotReference=/CMS_2015_PAS_FSQ_15_007/d01-x01-y01
ConnectBins=0
RatioPlot=1
LogY=0
LegendXPos=0.40
XLabel=\large{$p_\text{T}^{\text{max}}$[GeV]}
YLabelSep=5.4
YLabel=\large{$(1/N_\text{events})\; dp_\text{T}^{\text{sum}}\,/d\eta\, d\phi$}
Title=\large{CMS, 13 TeV, MB, TransMIN charged $p_\text{T}^{\text{sum}}$ density}
DrawOnly=/CMS_2015_PAS_FSQ_15_007/d01-x01-y01 //afs/cern.ch/user/m/mdessena/OtherSqrtS/CMSSW_11_2_4/src/Result_pTzero/result_TOT_0.yoda/CMS_2015_PAS_FSQ_15_007/d01-x01-y01 //afs/cern.ch/user/m/mdessena/OtherSqrtS/CMSSW_11_2_4/src/Result_pTzero/result_TOT_1.yoda/CMS_2015_PAS_FSQ_15_007/d01-x01-y01 //afs/cern.ch/user/m/mdessena/OtherSqrtS/CMSSW_11_2_4/src/Result_pTzero/result_TOT_2.yoda/CMS_2015_PAS_FSQ_15_007/d01-x01-y01 //afs/cern.ch/user/m/mdessena/OtherSqrtS/CMSSW_11_2_4/src/Result_pTzero/result_TOT_3.yoda/CMS_2015_PAS_FSQ_15_007/d01-x01-y01 //afs/cern.ch/user/m/mdessena/OtherSqrtS/CMSSW_11_2_4/src/Result_pTzero/result_TOT_4.yoda/CMS_2015_PAS_FSQ_15_007/d01-x01-y01 //afs/cern.ch/user/m/mdessena/OtherSqrtS/CMSSW_11_2_4/src/Result_pTzero/result_TOT_5.yoda/CMS_2015_PAS_FSQ_15_007/d01-x01-y01 //afs/cern.ch/user/m/mdessena/OtherSqrtS/CMSSW_11_2_4/src/Result_pTzero/result_TOT_6.yoda/CMS_2015_PAS_FSQ_15_007/d01-x01-y01 //afs/cern.ch/user/m/mdessena/OtherSqrtS/CMSSW_11_2_4/src/Result_pTzero/result_TOT_7.yoda/CMS_2015_PAS_FSQ_15_007/d01-x01-y01
RatioPlotErrorBandColor=grey!40!yellow!60
LegendYPos=0.50
Legend=1
LegendOnly=/CMS_2015_PAS_FSQ_15_007/d01-x01-y01 //afs/cern.ch/user/m/mdessena/OtherSqrtS/CMSSW_11_2_4/src/Result_pTzero/result_TOT_0.yoda/CMS_2015_PAS_FSQ_15_007/d01-x01-y01 //afs/cern.ch/user/m/mdessena/OtherSqrtS/CMSSW_11_2_4/src/Result_pTzero/result_TOT_1.yoda/CMS_2015_PAS_FSQ_15_007/d01-x01-y01 //afs/cern.ch/user/m/mdessena/OtherSqrtS/CMSSW_11_2_4/src/Result_pTzero/result_TOT_2.yoda/CMS_2015_PAS_FSQ_15_007/d01-x01-y01 //afs/cern.ch/user/m/mdessena/OtherSqrtS/CMSSW_11_2_4/src/Result_pTzero/result_TOT_3.yoda/CMS_2015_PAS_FSQ_15_007/d01-x01-y01 //afs/cern.ch/user/m/mdessena/OtherSqrtS/CMSSW_11_2_4/src/Result_pTzero/result_TOT_4.yoda/CMS_2015_PAS_FSQ_15_007/d01-x01-y01 //afs/cern.ch/user/m/mdessena/OtherSqrtS/CMSSW_11_2_4/src/Result_pTzero/result_TOT_5.yoda/CMS_2015_PAS_FSQ_15_007/d01-x01-y01 //afs/cern.ch/user/m/mdessena/OtherSqrtS/CMSSW_11_2_4/src/Result_pTzero/result_TOT_6.yoda/CMS_2015_PAS_FSQ_15_007/d01-x01-y01 //afs/cern.ch/user/m/mdessena/OtherSqrtS/CMSSW_11_2_4/src/Result_pTzero/result_TOT_7.yoda/CMS_2015_PAS_FSQ_15_007/d01-x01-y01
# END PLOT

# BEGIN HISTO1D /CMS_2015_PAS_FSQ_15_007/d01-x01-y01
ConnectBins=0
ErrorBars=1
Path=/CMS_2015_PAS_FSQ_15_007/d01-x01-y01
PolyMarker=*
Title=Data
# xlow	 xhigh	 val	 errminus	 errplus
5.000000e-01	1.000000e+00	1.667996e-02	8.751172e-05	8.751172e-05
1.000000e+00	1.500000e+00	8.085203e-02	8.406703e-04	8.406703e-04
1.500000e+00	2.000000e+00	2.128351e-01	4.206595e-03	4.206595e-03
2.000000e+00	2.500000e+00	3.668857e-01	9.416816e-03	9.416816e-03
2.500000e+00	3.000000e+00	5.132973e-01	5.931760e-03	5.931760e-03
3.000000e+00	3.500000e+00	6.341223e-01	4.267072e-03	4.267072e-03
3.500000e+00	4.000000e+00	7.192914e-01	9.839061e-03	9.839061e-03
4.000000e+00	4.500000e+00	7.944312e-01	1.990948e-02	1.990948e-02
4.500000e+00	5.000000e+00	8.451503e-01	2.836434e-02	2.836434e-02
5.000000e+00	6.000000e+00	8.965431e-01	3.185672e-02	3.185672e-02
6.000000e+00	7.000000e+00	9.417464e-01	1.380844e-02	1.380844e-02
7.000000e+00	8.000000e+00	9.597402e-01	1.625558e-02	1.625558e-02
8.000000e+00	1.000000e+01	9.608157e-01	1.926096e-02	1.926096e-02
1.000000e+01	1.200000e+01	9.638889e-01	2.044447e-02	2.044447e-02
1.200000e+01	1.600000e+01	9.860002e-01	3.034245e-02	3.034245e-02
1.600000e+01	2.000000e+01	1.028135e+00	3.567587e-02	3.567587e-02
2.000000e+01	2.400000e+01	9.112370e-01	6.859083e-02	6.859083e-02
2.400000e+01	2.800000e+01	1.201662e+00	1.047896e-01	1.047896e-01
2.800000e+01	3.200000e+01	7.550629e-01	2.010319e-01	2.010319e-01
3.200000e+01	3.600000e+01	5.049735e-01	1.512861e-01	1.512861e-01
3.600000e+01	4.000000e+01	4.862863e-01	2.265712e-01	2.265712e-01
4.000000e+01	5.000000e+01	1.406478e+00	2.002717e-01	2.002717e-01
# END HISTO1D


# BEGIN HISTO1D //afs/cern.ch/user/m/mdessena/OtherSqrtS/CMSSW_11_2_4/src/Result_pTzero/result_TOT_0.yoda/CMS_2015_PAS_FSQ_15_007/d01-x01-y01
LineColor=red
LineStyle=solid
Path=//afs/cern.ch/user/m/mdessena/OtherSqrtS/CMSSW_11_2_4/src/Result_pTzero/result_TOT_0.yoda/CMS_2015_PAS_FSQ_15_007/d01-x01-y01
Title=result_TOT_0
# xlow	 xhigh	 val	 errminus	 errplus
5.000000e-01	1.000000e+00	1.335453e-02	4.727236e-05	4.727236e-05
1.000000e+00	1.500000e+00	6.216042e-02	1.541744e-04	1.541744e-04
1.500000e+00	2.000000e+00	1.323006e-01	3.327584e-04	3.327584e-04
2.000000e+00	2.500000e+00	2.019266e-01	5.739506e-04	5.739506e-04
2.500000e+00	3.000000e+00	2.609554e-01	8.962780e-04	8.962780e-04
3.000000e+00	3.500000e+00	3.010882e-01	1.292328e-03	1.292328e-03
3.500000e+00	4.000000e+00	3.310195e-01	1.813456e-03	1.813456e-03
4.000000e+00	4.500000e+00	3.430774e-01	2.362306e-03	2.362306e-03
4.500000e+00	5.000000e+00	3.582065e-01	3.023741e-03	3.023741e-03
5.000000e+00	6.000000e+00	3.793853e-01	3.127721e-03	3.127721e-03
6.000000e+00	7.000000e+00	3.821771e-01	4.508757e-03	4.508757e-03
7.000000e+00	8.000000e+00	3.959261e-01	6.535685e-03	6.535685e-03
8.000000e+00	1.000000e+01	4.070432e-01	7.107682e-03	7.107682e-03
1.000000e+01	1.200000e+01	4.319998e-01	1.269756e-02	1.269756e-02
1.200000e+01	1.600000e+01	4.308112e-01	1.473120e-02	1.473120e-02
1.600000e+01	2.000000e+01	4.884118e-01	3.049859e-02	3.049859e-02
2.000000e+01	2.400000e+01	4.936768e-01	4.170455e-02	4.170455e-02
2.400000e+01	2.800000e+01	4.200171e-01	5.850422e-02	5.850422e-02
2.800000e+01	3.200000e+01	6.812134e-01	1.638527e-01	1.638527e-01
3.200000e+01	3.600000e+01	1.262939e+00	3.999873e-01	3.999873e-01
3.600000e+01	4.000000e+01	1.035693e+00	3.807372e-01	3.807372e-01
4.000000e+01	5.000000e+01	6.634543e-01	1.098864e-01	1.098864e-01
# END HISTO1D


# BEGIN HISTO1D //afs/cern.ch/user/m/mdessena/OtherSqrtS/CMSSW_11_2_4/src/Result_pTzero/result_TOT_1.yoda/CMS_2015_PAS_FSQ_15_007/d01-x01-y01
LineColor=blue
LineStyle=solid
Path=//afs/cern.ch/user/m/mdessena/OtherSqrtS/CMSSW_11_2_4/src/Result_pTzero/result_TOT_1.yoda/CMS_2015_PAS_FSQ_15_007/d01-x01-y01
Title=result_TOT_1
# xlow	 xhigh	 val	 errminus	 errplus
5.000000e-01	1.000000e+00	1.447568e-02	5.049231e-05	5.049231e-05
1.000000e+00	1.500000e+00	7.620531e-02	1.871694e-04	1.871694e-04
1.500000e+00	2.000000e+00	1.936005e-01	4.491729e-04	4.491729e-04
2.000000e+00	2.500000e+00	3.385479e-01	7.911529e-04	7.911529e-04
2.500000e+00	3.000000e+00	4.748049e-01	1.224256e-03	1.224256e-03
3.000000e+00	3.500000e+00	5.803157e-01	1.774107e-03	1.774107e-03
3.500000e+00	4.000000e+00	6.474238e-01	2.469341e-03	2.469341e-03
4.000000e+00	4.500000e+00	6.913806e-01	3.308322e-03	3.308322e-03
4.500000e+00	5.000000e+00	7.194480e-01	4.342430e-03	4.342430e-03
5.000000e+00	6.000000e+00	7.262676e-01	4.267134e-03	4.267134e-03
6.000000e+00	7.000000e+00	7.394511e-01	6.477845e-03	6.477845e-03
7.000000e+00	8.000000e+00	7.389721e-01	8.936165e-03	8.936165e-03
8.000000e+00	1.000000e+01	7.413176e-01	9.853728e-03	9.853728e-03
1.000000e+01	1.200000e+01	7.604095e-01	1.579420e-02	1.579420e-02
1.200000e+01	1.600000e+01	7.921761e-01	2.010502e-02	2.010502e-02
1.600000e+01	2.000000e+01	7.780925e-01	3.772850e-02	3.772850e-02
2.000000e+01	2.400000e+01	9.644500e-01	8.743313e-02	8.743313e-02
2.400000e+01	2.800000e+01	8.794661e-01	1.064807e-01	1.064807e-01
2.800000e+01	3.200000e+01	7.379818e-01	1.494694e-01	1.494694e-01
3.200000e+01	3.600000e+01	5.962981e-01	1.887833e-01	1.887833e-01
3.600000e+01	4.000000e+01	6.860349e-01	2.124174e-01	2.124174e-01
4.000000e+01	5.000000e+01	7.170927e-01	1.894453e-01	1.894453e-01
# END HISTO1D


# BEGIN HISTO1D //afs/cern.ch/user/m/mdessena/OtherSqrtS/CMSSW_11_2_4/src/Result_pTzero/result_TOT_2.yoda/CMS_2015_PAS_FSQ_15_007/d01-x01-y01
LineColor=green
LineStyle=solid
Path=//afs/cern.ch/user/m/mdessena/OtherSqrtS/CMSSW_11_2_4/src/Result_pTzero/result_TOT_2.yoda/CMS_2015_PAS_FSQ_15_007/d01-x01-y01
Title=result_TOT_2
# xlow	 xhigh	 val	 errminus	 errplus
5.000000e-01	1.000000e+00	1.385111e-02	4.891368e-05	4.891368e-05
1.000000e+00	1.500000e+00	6.852998e-02	1.684170e-04	1.684170e-04
1.500000e+00	2.000000e+00	1.583030e-01	3.797393e-04	3.797393e-04
2.000000e+00	2.500000e+00	2.536245e-01	6.493996e-04	6.493996e-04
2.500000e+00	3.000000e+00	3.387270e-01	1.020015e-03	1.020015e-03
3.000000e+00	3.500000e+00	3.970541e-01	1.462930e-03	1.462930e-03
3.500000e+00	4.000000e+00	4.368538e-01	2.062442e-03	2.062442e-03
4.000000e+00	4.500000e+00	4.670660e-01	2.754610e-03	2.754610e-03
4.500000e+00	5.000000e+00	4.766577e-01	3.538423e-03	3.538423e-03
5.000000e+00	6.000000e+00	4.887955e-01	3.473008e-03	3.473008e-03
6.000000e+00	7.000000e+00	4.988809e-01	5.166040e-03	5.166040e-03
7.000000e+00	8.000000e+00	5.110428e-01	7.432758e-03	7.432758e-03
8.000000e+00	1.000000e+01	5.249379e-01	8.199274e-03	8.199274e-03
1.000000e+01	1.200000e+01	5.409223e-01	1.332967e-02	1.332967e-02
1.200000e+01	1.600000e+01	5.674660e-01	1.734198e-02	1.734198e-02
1.600000e+01	2.000000e+01	5.692582e-01	2.963962e-02	2.963962e-02
2.000000e+01	2.400000e+01	6.574437e-01	6.007790e-02	6.007790e-02
2.400000e+01	2.800000e+01	5.565799e-01	7.037508e-02	7.037508e-02
2.800000e+01	3.200000e+01	5.924819e-01	9.400901e-02	9.400901e-02
3.200000e+01	3.600000e+01	6.442784e-01	1.472788e-01	1.472788e-01
3.600000e+01	4.000000e+01	6.849214e-01	1.412059e-01	1.412059e-01
4.000000e+01	5.000000e+01	5.118500e-01	1.035343e-01	1.035343e-01
# END HISTO1D


# BEGIN HISTO1D //afs/cern.ch/user/m/mdessena/OtherSqrtS/CMSSW_11_2_4/src/Result_pTzero/result_TOT_3.yoda/CMS_2015_PAS_FSQ_15_007/d01-x01-y01
LineColor=orange
LineStyle=solid
Path=//afs/cern.ch/user/m/mdessena/OtherSqrtS/CMSSW_11_2_4/src/Result_pTzero/result_TOT_3.yoda/CMS_2015_PAS_FSQ_15_007/d01-x01-y01
Title=result_TOT_3
# xlow	 xhigh	 val	 errminus	 errplus
5.000000e-01	1.000000e+00	1.212346e-02	4.304159e-05	4.304159e-05
1.000000e+00	1.500000e+00	4.654736e-02	1.233137e-04	1.233137e-04
1.500000e+00	2.000000e+00	8.504397e-02	2.567736e-04	2.567736e-04
2.000000e+00	2.500000e+00	1.159817e-01	4.323252e-04	4.323252e-04
2.500000e+00	3.000000e+00	1.405487e-01	6.600941e-04	6.600941e-04
3.000000e+00	3.500000e+00	1.583920e-01	9.642298e-04	9.642298e-04
3.500000e+00	4.000000e+00	1.723129e-01	1.333412e-03	1.333412e-03
4.000000e+00	4.500000e+00	1.802545e-01	1.744202e-03	1.744202e-03
4.500000e+00	5.000000e+00	1.903180e-01	2.260744e-03	2.260744e-03
5.000000e+00	6.000000e+00	1.987812e-01	2.227274e-03	2.227274e-03
6.000000e+00	7.000000e+00	2.103214e-01	3.402321e-03	3.402321e-03
7.000000e+00	8.000000e+00	2.152453e-01	4.734486e-03	4.734486e-03
8.000000e+00	1.000000e+01	2.264937e-01	5.370759e-03	5.370759e-03
1.000000e+01	1.200000e+01	2.416871e-01	9.108369e-03	9.108369e-03
1.200000e+01	1.600000e+01	2.646244e-01	1.244647e-02	1.244647e-02
1.600000e+01	2.000000e+01	2.749410e-01	2.282679e-02	2.282679e-02
2.000000e+01	2.400000e+01	3.024746e-01	4.153967e-02	4.153967e-02
2.400000e+01	2.800000e+01	3.056051e-01	6.751975e-02	6.751975e-02
2.800000e+01	3.200000e+01	3.163521e-01	8.330833e-02	8.330833e-02
3.200000e+01	3.600000e+01	8.467300e-02	2.794743e-02	2.794743e-02
3.600000e+01	4.000000e+01	1.431962e-01	7.444272e-02	7.444272e-02
4.000000e+01	5.000000e+01	2.946304e-01	9.158957e-02	9.158957e-02
# END HISTO1D


# BEGIN HISTO1D //afs/cern.ch/user/m/mdessena/OtherSqrtS/CMSSW_11_2_4/src/Result_pTzero/result_TOT_4.yoda/CMS_2015_PAS_FSQ_15_007/d01-x01-y01
LineColor=lilac
LineStyle=solid
Path=//afs/cern.ch/user/m/mdessena/OtherSqrtS/CMSSW_11_2_4/src/Result_pTzero/result_TOT_4.yoda/CMS_2015_PAS_FSQ_15_007/d01-x01-y01
Title=result_TOT_4
# xlow	 xhigh	 val	 errminus	 errplus
5.000000e-01	1.000000e+00	1.732330e-02	5.588697e-05	5.588697e-05
1.000000e+00	1.500000e+00	9.831507e-02	2.327184e-04	2.327184e-04
1.500000e+00	2.000000e+00	2.795710e-01	6.406836e-04	6.406836e-04
2.000000e+00	2.500000e+00	5.756131e-01	1.262699e-03	1.262699e-03
2.500000e+00	3.000000e+00	9.567305e-01	2.022046e-03	2.022046e-03
3.000000e+00	3.500000e+00	1.321921e+00	2.824787e-03	2.824787e-03
3.500000e+00	4.000000e+00	1.589900e+00	3.784231e-03	3.784231e-03
4.000000e+00	4.500000e+00	1.741988e+00	5.034931e-03	5.034931e-03
4.500000e+00	5.000000e+00	1.816610e+00	6.559157e-03	6.559157e-03
5.000000e+00	6.000000e+00	1.865283e+00	6.711686e-03	6.711686e-03
6.000000e+00	7.000000e+00	1.855084e+00	1.059782e-02	1.059782e-02
7.000000e+00	8.000000e+00	1.802596e+00	1.485485e-02	1.485485e-02
8.000000e+00	1.000000e+01	1.821745e+00	1.655920e-02	1.655920e-02
1.000000e+01	1.200000e+01	1.824263e+00	2.767984e-02	2.767984e-02
1.200000e+01	1.600000e+01	1.878636e+00	3.593519e-02	3.593519e-02
1.600000e+01	2.000000e+01	1.791017e+00	6.728150e-02	6.728150e-02
2.000000e+01	2.400000e+01	1.781528e+00	1.056145e-01	1.056145e-01
2.400000e+01	2.800000e+01	1.740001e+00	1.506546e-01	1.506546e-01
2.800000e+01	3.200000e+01	1.711013e+00	1.869852e-01	1.869852e-01
3.200000e+01	3.600000e+01	1.305835e+00	3.367820e-01	3.367820e-01
3.600000e+01	4.000000e+01	1.313236e+00	2.652490e-01	2.652490e-01
4.000000e+01	5.000000e+01	2.277277e+00	5.693820e-01	5.693820e-01
# END HISTO1D


# BEGIN HISTO1D //afs/cern.ch/user/m/mdessena/OtherSqrtS/CMSSW_11_2_4/src/Result_pTzero/result_TOT_5.yoda/CMS_2015_PAS_FSQ_15_007/d01-x01-y01
LineColor=red
LineStyle=dashed
Path=//afs/cern.ch/user/m/mdessena/OtherSqrtS/CMSSW_11_2_4/src/Result_pTzero/result_TOT_5.yoda/CMS_2015_PAS_FSQ_15_007/d01-x01-y01
Title=result_TOT_5
# xlow	 xhigh	 val	 errminus	 errplus
5.000000e-01	1.000000e+00	1.561622e-02	5.270155e-05	5.270155e-05
1.000000e+00	1.500000e+00	8.694834e-02	2.109978e-04	2.109978e-04
1.500000e+00	2.000000e+00	2.365252e-01	5.479227e-04	5.479227e-04
2.000000e+00	2.500000e+00	4.569202e-01	1.019545e-03	1.019545e-03
2.500000e+00	3.000000e+00	7.074707e-01	1.601753e-03	1.601753e-03
3.000000e+00	3.500000e+00	9.152171e-01	2.286964e-03	2.286964e-03
3.500000e+00	4.000000e+00	1.060023e+00	3.130563e-03	3.130563e-03
4.000000e+00	4.500000e+00	1.139246e+00	4.186451e-03	4.186451e-03
4.500000e+00	5.000000e+00	1.185914e+00	5.529031e-03	5.529031e-03
5.000000e+00	6.000000e+00	1.204431e+00	5.490136e-03	5.490136e-03
6.000000e+00	7.000000e+00	1.213111e+00	8.405442e-03	8.405442e-03
7.000000e+00	8.000000e+00	1.210161e+00	1.203619e-02	1.203619e-02
8.000000e+00	1.000000e+01	1.208070e+00	1.298256e-02	1.298256e-02
1.000000e+01	1.200000e+01	1.233989e+00	2.207285e-02	2.207285e-02
1.200000e+01	1.600000e+01	1.218415e+00	2.629147e-02	2.629147e-02
1.600000e+01	2.000000e+01	1.234249e+00	5.021714e-02	5.021714e-02
2.000000e+01	2.400000e+01	1.283951e+00	8.062322e-02	8.062322e-02
2.400000e+01	2.800000e+01	1.040960e+00	1.199659e-01	1.199659e-01
2.800000e+01	3.200000e+01	1.285091e+00	1.391141e-01	1.391141e-01
3.200000e+01	3.600000e+01	1.297635e+00	2.339385e-01	2.339385e-01
3.600000e+01	4.000000e+01	9.191967e-01	1.726904e-01	1.726904e-01
4.000000e+01	5.000000e+01	2.365791e+00	7.514212e-01	7.514212e-01
# END HISTO1D


# BEGIN HISTO1D //afs/cern.ch/user/m/mdessena/OtherSqrtS/CMSSW_11_2_4/src/Result_pTzero/result_TOT_6.yoda/CMS_2015_PAS_FSQ_15_007/d01-x01-y01
LineColor=blue
LineStyle=dashed
Path=//afs/cern.ch/user/m/mdessena/OtherSqrtS/CMSSW_11_2_4/src/Result_pTzero/result_TOT_6.yoda/CMS_2015_PAS_FSQ_15_007/d01-x01-y01
Title=result_TOT_6
# xlow	 xhigh	 val	 errminus	 errplus
5.000000e-01	1.000000e+00	1.297552e-02	4.580639e-05	4.580639e-05
1.000000e+00	1.500000e+00	5.510083e-02	1.398029e-04	1.398029e-04
1.500000e+00	2.000000e+00	1.101473e-01	2.968976e-04	2.968976e-04
2.000000e+00	2.500000e+00	1.595128e-01	5.060971e-04	5.060971e-04
2.500000e+00	3.000000e+00	1.997332e-01	7.870966e-04	7.870966e-04
3.000000e+00	3.500000e+00	2.273464e-01	1.135587e-03	1.135587e-03
3.500000e+00	4.000000e+00	2.490115e-01	1.583387e-03	1.583387e-03
4.000000e+00	4.500000e+00	2.638996e-01	2.103470e-03	2.103470e-03
4.500000e+00	5.000000e+00	2.741485e-01	2.744119e-03	2.744119e-03
5.000000e+00	6.000000e+00	2.802136e-01	2.641467e-03	2.641467e-03
6.000000e+00	7.000000e+00	3.005859e-01	4.165843e-03	4.165843e-03
7.000000e+00	8.000000e+00	3.042619e-01	5.736264e-03	5.736264e-03
8.000000e+00	1.000000e+01	3.166482e-01	6.084465e-03	6.084465e-03
1.000000e+01	1.200000e+01	3.417853e-01	1.083361e-02	1.083361e-02
1.200000e+01	1.600000e+01	3.308880e-01	1.267101e-02	1.267101e-02
1.600000e+01	2.000000e+01	3.239845e-01	2.454187e-02	2.454187e-02
2.000000e+01	2.400000e+01	2.899267e-01	3.642718e-02	3.642718e-02
2.400000e+01	2.800000e+01	3.878197e-01	6.043017e-02	6.043017e-02
2.800000e+01	3.200000e+01	5.417940e-01	1.247967e-01	1.247967e-01
3.200000e+01	3.600000e+01	9.361865e-01	3.485998e-01	3.485998e-01
3.600000e+01	4.000000e+01	1.468578e+00	8.981413e-01	8.981413e-01
4.000000e+01	5.000000e+01	5.591581e-01	1.802623e-01	1.802623e-01
# END HISTO1D


# BEGIN HISTO1D //afs/cern.ch/user/m/mdessena/OtherSqrtS/CMSSW_11_2_4/src/Result_pTzero/result_TOT_7.yoda/CMS_2015_PAS_FSQ_15_007/d01-x01-y01
LineColor=green
LineStyle=dashed
Path=//afs/cern.ch/user/m/mdessena/OtherSqrtS/CMSSW_11_2_4/src/Result_pTzero/result_TOT_7.yoda/CMS_2015_PAS_FSQ_15_007/d01-x01-y01
Title=result_TOT_7
# xlow	 xhigh	 val	 errminus	 errplus
5.000000e-01	1.000000e+00	1.223014e-02	4.326753e-05	4.326753e-05
1.000000e+00	1.500000e+00	4.763767e-02	1.252874e-04	1.252874e-04
1.500000e+00	2.000000e+00	8.741669e-02	2.602451e-04	2.602451e-04
2.000000e+00	2.500000e+00	1.212221e-01	4.414430e-04	4.414430e-04
2.500000e+00	3.000000e+00	1.459995e-01	6.786987e-04	6.786987e-04
3.000000e+00	3.500000e+00	1.656224e-01	9.833924e-04	9.833924e-04
3.500000e+00	4.000000e+00	1.769358e-01	1.334749e-03	1.334749e-03
4.000000e+00	4.500000e+00	1.901392e-01	1.823349e-03	1.823349e-03
4.500000e+00	5.000000e+00	2.000884e-01	2.367382e-03	2.367382e-03
5.000000e+00	6.000000e+00	2.097513e-01	2.348665e-03	2.348665e-03
6.000000e+00	7.000000e+00	2.227288e-01	3.552205e-03	3.552205e-03
7.000000e+00	8.000000e+00	2.260868e-01	4.899584e-03	4.899584e-03
8.000000e+00	1.000000e+01	2.255157e-01	5.094133e-03	5.094133e-03
1.000000e+01	1.200000e+01	2.534870e-01	9.770636e-03	9.770636e-03
1.200000e+01	1.600000e+01	2.643594e-01	1.207137e-02	1.207137e-02
1.600000e+01	2.000000e+01	2.852843e-01	2.325296e-02	2.325296e-02
2.000000e+01	2.400000e+01	3.309009e-01	3.930377e-02	3.930377e-02
2.400000e+01	2.800000e+01	2.665627e-01	4.401601e-02	4.401601e-02
2.800000e+01	3.200000e+01	3.516460e-01	8.869489e-02	8.869489e-02
3.200000e+01	3.600000e+01	6.033335e-01	1.964673e-01	1.964673e-01
3.600000e+01	4.000000e+01	8.958741e-02	3.571808e-02	3.571808e-02
4.000000e+01	5.000000e+01	3.252250e-01	1.125729e-01	1.125729e-01
# END HISTO1D

