# BEGIN PLOT
XTwosidedTicks=1
YTwosidedTicks=1
XMax=24
XLabelSep=4.4
RatioPlotReference=/CMS_2015_PAS_FSQ_15_007/d02-x01-y01
ConnectBins=0
RatioPlot=1
LogY=0
LegendXPos=0.40
XLabel=\large{$p_\text{T}^{\text{max}}$[GeV]}
YLabelSep=5.4
YLabel=\large{$(1/N_\text{events})\; dp_\text{T}^{\text{sum}}\,/d\eta\, d\phi$}
Title=\large{CMS, 13 TeV, MB, TransMAX charged $p_\text{T}^{\text{sum}}$ density}
DrawOnly=/CMS_2015_PAS_FSQ_15_007/d02-x01-y01 //afs/cern.ch/user/m/mdessena/OtherSqrtS/CMSSW_11_2_4/src/Result_pTzero/result_TOT_0.yoda/CMS_2015_PAS_FSQ_15_007/d02-x01-y01 //afs/cern.ch/user/m/mdessena/OtherSqrtS/CMSSW_11_2_4/src/Result_pTzero/result_TOT_1.yoda/CMS_2015_PAS_FSQ_15_007/d02-x01-y01 //afs/cern.ch/user/m/mdessena/OtherSqrtS/CMSSW_11_2_4/src/Result_pTzero/result_TOT_2.yoda/CMS_2015_PAS_FSQ_15_007/d02-x01-y01 //afs/cern.ch/user/m/mdessena/OtherSqrtS/CMSSW_11_2_4/src/Result_pTzero/result_TOT_3.yoda/CMS_2015_PAS_FSQ_15_007/d02-x01-y01 //afs/cern.ch/user/m/mdessena/OtherSqrtS/CMSSW_11_2_4/src/Result_pTzero/result_TOT_4.yoda/CMS_2015_PAS_FSQ_15_007/d02-x01-y01 //afs/cern.ch/user/m/mdessena/OtherSqrtS/CMSSW_11_2_4/src/Result_pTzero/result_TOT_5.yoda/CMS_2015_PAS_FSQ_15_007/d02-x01-y01 //afs/cern.ch/user/m/mdessena/OtherSqrtS/CMSSW_11_2_4/src/Result_pTzero/result_TOT_6.yoda/CMS_2015_PAS_FSQ_15_007/d02-x01-y01 //afs/cern.ch/user/m/mdessena/OtherSqrtS/CMSSW_11_2_4/src/Result_pTzero/result_TOT_7.yoda/CMS_2015_PAS_FSQ_15_007/d02-x01-y01
RatioPlotErrorBandColor=grey!40!yellow!60
LegendYPos=0.50
Legend=1
LegendOnly=/CMS_2015_PAS_FSQ_15_007/d02-x01-y01 //afs/cern.ch/user/m/mdessena/OtherSqrtS/CMSSW_11_2_4/src/Result_pTzero/result_TOT_0.yoda/CMS_2015_PAS_FSQ_15_007/d02-x01-y01 //afs/cern.ch/user/m/mdessena/OtherSqrtS/CMSSW_11_2_4/src/Result_pTzero/result_TOT_1.yoda/CMS_2015_PAS_FSQ_15_007/d02-x01-y01 //afs/cern.ch/user/m/mdessena/OtherSqrtS/CMSSW_11_2_4/src/Result_pTzero/result_TOT_2.yoda/CMS_2015_PAS_FSQ_15_007/d02-x01-y01 //afs/cern.ch/user/m/mdessena/OtherSqrtS/CMSSW_11_2_4/src/Result_pTzero/result_TOT_3.yoda/CMS_2015_PAS_FSQ_15_007/d02-x01-y01 //afs/cern.ch/user/m/mdessena/OtherSqrtS/CMSSW_11_2_4/src/Result_pTzero/result_TOT_4.yoda/CMS_2015_PAS_FSQ_15_007/d02-x01-y01 //afs/cern.ch/user/m/mdessena/OtherSqrtS/CMSSW_11_2_4/src/Result_pTzero/result_TOT_5.yoda/CMS_2015_PAS_FSQ_15_007/d02-x01-y01 //afs/cern.ch/user/m/mdessena/OtherSqrtS/CMSSW_11_2_4/src/Result_pTzero/result_TOT_6.yoda/CMS_2015_PAS_FSQ_15_007/d02-x01-y01 //afs/cern.ch/user/m/mdessena/OtherSqrtS/CMSSW_11_2_4/src/Result_pTzero/result_TOT_7.yoda/CMS_2015_PAS_FSQ_15_007/d02-x01-y01
# END PLOT

# BEGIN HISTO1D /CMS_2015_PAS_FSQ_15_007/d02-x01-y01
ConnectBins=0
ErrorBars=1
Path=/CMS_2015_PAS_FSQ_15_007/d02-x01-y01
PolyMarker=*
Title=Data
# xlow	 xhigh	 val	 errminus	 errplus
5.000000e-01	1.000000e+00	7.574498e-02	2.649560e-04	2.649560e-04
1.000000e+00	1.500000e+00	2.514323e-01	5.274155e-03	5.274155e-03
1.500000e+00	2.000000e+00	5.111401e-01	9.760261e-03	9.760261e-03
2.000000e+00	2.500000e+00	7.802509e-01	1.619773e-02	1.619773e-02
2.500000e+00	3.000000e+00	1.022590e+00	8.936159e-03	8.936159e-03
3.000000e+00	3.500000e+00	1.215093e+00	5.998222e-03	5.998222e-03
3.500000e+00	4.000000e+00	1.356881e+00	1.672860e-02	1.672860e-02
4.000000e+00	4.500000e+00	1.488536e+00	3.031749e-02	3.031749e-02
4.500000e+00	5.000000e+00	1.572450e+00	4.254929e-02	4.254929e-02
5.000000e+00	6.000000e+00	1.658542e+00	5.341004e-02	5.341004e-02
6.000000e+00	7.000000e+00	1.750813e+00	2.330830e-02	2.330830e-02
7.000000e+00	8.000000e+00	1.810615e+00	2.643093e-02	2.643093e-02
8.000000e+00	1.000000e+01	1.859186e+00	3.067393e-02	3.067393e-02
1.000000e+01	1.200000e+01	1.930078e+00	3.316693e-02	3.316693e-02
1.200000e+01	1.600000e+01	1.952233e+00	4.769271e-02	4.769271e-02
1.600000e+01	2.000000e+01	2.081804e+00	5.752488e-02	5.752488e-02
2.000000e+01	2.400000e+01	2.064639e+00	1.055483e-01	1.055483e-01
2.400000e+01	2.800000e+01	2.506720e+00	1.916816e-01	1.916816e-01
2.800000e+01	3.200000e+01	2.552197e+00	2.878187e-01	2.878187e-01
3.200000e+01	3.600000e+01	2.470607e+00	3.740868e-01	3.740868e-01
3.600000e+01	4.000000e+01	1.813055e+00	6.660335e-01	6.660335e-01
4.000000e+01	5.000000e+01	1.691568e+00	4.547266e-01	4.547266e-01
# END HISTO1D


# BEGIN HISTO1D //afs/cern.ch/user/m/mdessena/OtherSqrtS/CMSSW_11_2_4/src/Result_pTzero/result_TOT_0.yoda/CMS_2015_PAS_FSQ_15_007/d02-x01-y01
LineColor=red
LineStyle=solid
Path=//afs/cern.ch/user/m/mdessena/OtherSqrtS/CMSSW_11_2_4/src/Result_pTzero/result_TOT_0.yoda/CMS_2015_PAS_FSQ_15_007/d02-x01-y01
Title=result_TOT_0
# xlow	 xhigh	 val	 errminus	 errplus
5.000000e-01	1.000000e+00	7.683762e-02	1.134632e-04	1.134632e-04
1.000000e+00	1.500000e+00	2.202464e-01	2.919871e-04	2.919871e-04
1.500000e+00	2.000000e+00	3.820305e-01	5.862058e-04	5.862058e-04
2.000000e+00	2.500000e+00	5.278843e-01	9.780510e-04	9.780510e-04
2.500000e+00	3.000000e+00	6.461746e-01	1.498941e-03	1.498941e-03
3.000000e+00	3.500000e+00	7.325345e-01	2.179131e-03	2.179131e-03
3.500000e+00	4.000000e+00	7.898985e-01	3.031128e-03	3.031128e-03
4.000000e+00	4.500000e+00	8.305018e-01	4.060512e-03	4.060512e-03
4.500000e+00	5.000000e+00	8.691007e-01	5.230948e-03	5.230948e-03
5.000000e+00	6.000000e+00	9.100034e-01	5.404087e-03	5.404087e-03
6.000000e+00	7.000000e+00	9.412067e-01	7.987413e-03	7.987413e-03
7.000000e+00	8.000000e+00	9.799759e-01	1.189066e-02	1.189066e-02
8.000000e+00	1.000000e+01	1.019317e+00	1.306532e-02	1.306532e-02
1.000000e+01	1.200000e+01	1.132822e+00	2.489931e-02	2.489931e-02
1.200000e+01	1.600000e+01	1.180040e+00	3.177043e-02	3.177043e-02
1.600000e+01	2.000000e+01	1.303400e+00	6.063652e-02	6.063652e-02
2.000000e+01	2.400000e+01	1.383856e+00	1.038918e-01	1.038918e-01
2.400000e+01	2.800000e+01	1.619239e+00	2.333593e-01	2.333593e-01
2.800000e+01	3.200000e+01	1.985948e+00	3.833057e-01	3.833057e-01
3.200000e+01	3.600000e+01	2.194344e+00	5.900152e-01	5.900152e-01
3.600000e+01	4.000000e+01	3.764028e+00	1.248858e+00	1.248858e+00
4.000000e+01	5.000000e+01	2.433002e+00	6.129559e-01	6.129559e-01
# END HISTO1D


# BEGIN HISTO1D //afs/cern.ch/user/m/mdessena/OtherSqrtS/CMSSW_11_2_4/src/Result_pTzero/result_TOT_1.yoda/CMS_2015_PAS_FSQ_15_007/d02-x01-y01
LineColor=blue
LineStyle=solid
Path=//afs/cern.ch/user/m/mdessena/OtherSqrtS/CMSSW_11_2_4/src/Result_pTzero/result_TOT_1.yoda/CMS_2015_PAS_FSQ_15_007/d02-x01-y01
Title=result_TOT_1
# xlow	 xhigh	 val	 errminus	 errplus
5.000000e-01	1.000000e+00	7.788259e-02	1.168136e-04	1.168136e-04
1.000000e+00	1.500000e+00	2.439290e-01	3.361809e-04	3.361809e-04
1.500000e+00	2.000000e+00	4.816307e-01	7.314101e-04	7.314101e-04
2.000000e+00	2.500000e+00	7.425741e-01	1.227296e-03	1.227296e-03
2.500000e+00	3.000000e+00	9.736965e-01	1.849948e-03	1.849948e-03
3.000000e+00	3.500000e+00	1.151616e+00	2.639172e-03	2.639172e-03
3.500000e+00	4.000000e+00	1.266341e+00	3.667654e-03	3.667654e-03
4.000000e+00	4.500000e+00	1.347889e+00	4.942427e-03	4.942427e-03
4.500000e+00	5.000000e+00	1.390592e+00	6.455333e-03	6.455333e-03
5.000000e+00	6.000000e+00	1.423650e+00	6.450000e-03	6.450000e-03
6.000000e+00	7.000000e+00	1.470125e+00	9.857065e-03	9.857065e-03
7.000000e+00	8.000000e+00	1.463229e+00	1.382323e-02	1.382323e-02
8.000000e+00	1.000000e+01	1.496546e+00	1.561456e-02	1.561456e-02
1.000000e+01	1.200000e+01	1.560232e+00	2.627903e-02	2.627903e-02
1.200000e+01	1.600000e+01	1.701339e+00	3.548723e-02	3.548723e-02
1.600000e+01	2.000000e+01	1.725046e+00	6.433862e-02	6.433862e-02
2.000000e+01	2.400000e+01	1.804961e+00	1.295536e-01	1.295536e-01
2.400000e+01	2.800000e+01	2.100073e+00	2.180335e-01	2.180335e-01
2.800000e+01	3.200000e+01	2.135571e+00	2.943913e-01	2.943913e-01
3.200000e+01	3.600000e+01	1.623436e+00	3.475133e-01	3.475133e-01
3.600000e+01	4.000000e+01	1.815274e+00	5.362341e-01	5.362341e-01
4.000000e+01	5.000000e+01	1.759249e+00	2.623025e-01	2.623025e-01
# END HISTO1D


# BEGIN HISTO1D //afs/cern.ch/user/m/mdessena/OtherSqrtS/CMSSW_11_2_4/src/Result_pTzero/result_TOT_2.yoda/CMS_2015_PAS_FSQ_15_007/d02-x01-y01
LineColor=green
LineStyle=solid
Path=//afs/cern.ch/user/m/mdessena/OtherSqrtS/CMSSW_11_2_4/src/Result_pTzero/result_TOT_2.yoda/CMS_2015_PAS_FSQ_15_007/d02-x01-y01
Title=result_TOT_2
# xlow	 xhigh	 val	 errminus	 errplus
5.000000e-01	1.000000e+00	7.724509e-02	1.156281e-04	1.156281e-04
1.000000e+00	1.500000e+00	2.310525e-01	3.117356e-04	3.117356e-04
1.500000e+00	2.000000e+00	4.254502e-01	6.461857e-04	6.461857e-04
2.000000e+00	2.500000e+00	6.118757e-01	1.064022e-03	1.064022e-03
2.500000e+00	3.000000e+00	7.694189e-01	1.625315e-03	1.625315e-03
3.000000e+00	3.500000e+00	8.807675e-01	2.325733e-03	2.325733e-03
3.500000e+00	4.000000e+00	9.596706e-01	3.276279e-03	3.276279e-03
4.000000e+00	4.500000e+00	1.019351e+00	4.378725e-03	4.378725e-03
4.500000e+00	5.000000e+00	1.054263e+00	5.757601e-03	5.757601e-03
5.000000e+00	6.000000e+00	1.084991e+00	5.678612e-03	5.678612e-03
6.000000e+00	7.000000e+00	1.109503e+00	8.492735e-03	8.492735e-03
7.000000e+00	8.000000e+00	1.152046e+00	1.226559e-02	1.226559e-02
8.000000e+00	1.000000e+01	1.193749e+00	1.410999e-02	1.410999e-02
1.000000e+01	1.200000e+01	1.284914e+00	2.522488e-02	2.522488e-02
1.200000e+01	1.600000e+01	1.355526e+00	3.319832e-02	3.319832e-02
1.600000e+01	2.000000e+01	1.499011e+00	6.413280e-02	6.413280e-02
2.000000e+01	2.400000e+01	1.711180e+00	1.271946e-01	1.271946e-01
2.400000e+01	2.800000e+01	1.525314e+00	1.715356e-01	1.715356e-01
2.800000e+01	3.200000e+01	1.850072e+00	3.944938e-01	3.944938e-01
3.200000e+01	3.600000e+01	1.779235e+00	4.919878e-01	4.919878e-01
3.600000e+01	4.000000e+01	1.644407e+00	3.473219e-01	3.473219e-01
4.000000e+01	5.000000e+01	2.238734e+00	4.383976e-01	4.383976e-01
# END HISTO1D


# BEGIN HISTO1D //afs/cern.ch/user/m/mdessena/OtherSqrtS/CMSSW_11_2_4/src/Result_pTzero/result_TOT_3.yoda/CMS_2015_PAS_FSQ_15_007/d02-x01-y01
LineColor=orange
LineStyle=solid
Path=//afs/cern.ch/user/m/mdessena/OtherSqrtS/CMSSW_11_2_4/src/Result_pTzero/result_TOT_3.yoda/CMS_2015_PAS_FSQ_15_007/d02-x01-y01
Title=result_TOT_3
# xlow	 xhigh	 val	 errminus	 errplus
5.000000e-01	1.000000e+00	7.475031e-02	1.062537e-04	1.062537e-04
1.000000e+00	1.500000e+00	1.904981e-01	2.497438e-04	2.497438e-04
1.500000e+00	2.000000e+00	2.938290e-01	4.948062e-04	4.948062e-04
2.000000e+00	2.500000e+00	3.729063e-01	8.258615e-04	8.258615e-04
2.500000e+00	3.000000e+00	4.357063e-01	1.270435e-03	1.270435e-03
3.000000e+00	3.500000e+00	4.817426e-01	1.844848e-03	1.844848e-03
3.500000e+00	4.000000e+00	5.212479e-01	2.573946e-03	2.573946e-03
4.000000e+00	4.500000e+00	5.463864e-01	3.404642e-03	3.404642e-03
4.500000e+00	5.000000e+00	5.713028e-01	4.460251e-03	4.460251e-03
5.000000e+00	6.000000e+00	6.066903e-01	4.513628e-03	4.513628e-03
6.000000e+00	7.000000e+00	6.479420e-01	6.891206e-03	6.891206e-03
7.000000e+00	8.000000e+00	6.662674e-01	9.974769e-03	9.974769e-03
8.000000e+00	1.000000e+01	7.185272e-01	1.180443e-02	1.180443e-02
1.000000e+01	1.200000e+01	7.750010e-01	2.050596e-02	2.050596e-02
1.200000e+01	1.600000e+01	9.105387e-01	2.996263e-02	2.996263e-02
1.600000e+01	2.000000e+01	9.995891e-01	6.943909e-02	6.943909e-02
2.000000e+01	2.400000e+01	1.263248e+00	1.270418e-01	1.270418e-01
2.400000e+01	2.800000e+01	1.102858e+00	2.032270e-01	2.032270e-01
2.800000e+01	3.200000e+01	1.329252e+00	2.182008e-01	2.182008e-01
3.200000e+01	3.600000e+01	9.097305e-01	2.934092e-01	2.934092e-01
3.600000e+01	4.000000e+01	7.853500e-01	3.176404e-01	3.176404e-01
4.000000e+01	5.000000e+01	1.950885e+00	5.301873e-01	5.301873e-01
# END HISTO1D


# BEGIN HISTO1D //afs/cern.ch/user/m/mdessena/OtherSqrtS/CMSSW_11_2_4/src/Result_pTzero/result_TOT_4.yoda/CMS_2015_PAS_FSQ_15_007/d02-x01-y01
LineColor=lilac
LineStyle=solid
Path=//afs/cern.ch/user/m/mdessena/OtherSqrtS/CMSSW_11_2_4/src/Result_pTzero/result_TOT_4.yoda/CMS_2015_PAS_FSQ_15_007/d02-x01-y01
Title=result_TOT_4
# xlow	 xhigh	 val	 errminus	 errplus
5.000000e-01	1.000000e+00	8.353541e-02	1.224864e-04	1.224864e-04
1.000000e+00	1.500000e+00	2.775486e-01	3.917864e-04	3.917864e-04
1.500000e+00	2.000000e+00	6.024083e-01	9.588621e-04	9.588621e-04
2.000000e+00	2.500000e+00	1.060910e+00	1.768113e-03	1.768113e-03
2.500000e+00	3.000000e+00	1.612879e+00	2.734066e-03	2.734066e-03
3.000000e+00	3.500000e+00	2.124835e+00	3.731385e-03	3.731385e-03
3.500000e+00	4.000000e+00	2.498533e+00	4.964057e-03	4.964057e-03
4.000000e+00	4.500000e+00	2.719144e+00	6.604377e-03	6.604377e-03
4.500000e+00	5.000000e+00	2.826308e+00	8.595083e-03	8.595083e-03
5.000000e+00	6.000000e+00	2.891466e+00	8.808177e-03	8.808177e-03
6.000000e+00	7.000000e+00	2.899792e+00	1.399458e-02	1.399458e-02
7.000000e+00	8.000000e+00	2.875220e+00	1.999243e-02	1.999243e-02
8.000000e+00	1.000000e+01	2.918045e+00	2.261937e-02	2.261937e-02
1.000000e+01	1.200000e+01	2.911944e+00	3.772130e-02	3.772130e-02
1.200000e+01	1.600000e+01	3.039579e+00	5.029711e-02	5.029711e-02
1.600000e+01	2.000000e+01	3.074718e+00	9.741375e-02	9.741375e-02
2.000000e+01	2.400000e+01	3.105663e+00	1.606840e-01	1.606840e-01
2.400000e+01	2.800000e+01	3.110136e+00	2.466212e-01	2.466212e-01
2.800000e+01	3.200000e+01	2.867286e+00	2.827731e-01	2.827731e-01
3.200000e+01	3.600000e+01	2.576976e+00	5.108234e-01	5.108234e-01
3.600000e+01	4.000000e+01	2.439745e+00	5.997389e-01	5.997389e-01
4.000000e+01	5.000000e+01	3.358932e+00	5.822951e-01	5.822951e-01
# END HISTO1D


# BEGIN HISTO1D //afs/cern.ch/user/m/mdessena/OtherSqrtS/CMSSW_11_2_4/src/Result_pTzero/result_TOT_5.yoda/CMS_2015_PAS_FSQ_15_007/d02-x01-y01
LineColor=red
LineStyle=dashed
Path=//afs/cern.ch/user/m/mdessena/OtherSqrtS/CMSSW_11_2_4/src/Result_pTzero/result_TOT_5.yoda/CMS_2015_PAS_FSQ_15_007/d02-x01-y01
Title=result_TOT_5
# xlow	 xhigh	 val	 errminus	 errplus
5.000000e-01	1.000000e+00	7.993790e-02	1.191837e-04	1.191837e-04
1.000000e+00	1.500000e+00	2.599485e-01	3.657897e-04	3.657897e-04
1.500000e+00	2.000000e+00	5.436994e-01	8.542311e-04	8.542311e-04
2.000000e+00	2.500000e+00	9.043539e-01	1.487166e-03	1.487166e-03
2.500000e+00	3.000000e+00	1.291359e+00	2.259649e-03	2.259649e-03
3.000000e+00	3.500000e+00	1.607882e+00	3.177626e-03	3.177626e-03
3.500000e+00	4.000000e+00	1.825986e+00	4.326982e-03	4.326982e-03
4.000000e+00	4.500000e+00	1.955224e+00	5.806555e-03	5.806555e-03
4.500000e+00	5.000000e+00	2.033369e+00	7.644289e-03	7.644289e-03
5.000000e+00	6.000000e+00	2.063038e+00	7.645197e-03	7.645197e-03
6.000000e+00	7.000000e+00	2.093321e+00	1.170910e-02	1.170910e-02
7.000000e+00	8.000000e+00	2.112394e+00	1.688803e-02	1.688803e-02
8.000000e+00	1.000000e+01	2.129003e+00	1.857837e-02	1.857837e-02
1.000000e+01	1.200000e+01	2.196375e+00	3.273702e-02	3.273702e-02
1.200000e+01	1.600000e+01	2.242622e+00	4.114982e-02	4.114982e-02
1.600000e+01	2.000000e+01	2.242678e+00	7.000822e-02	7.000822e-02
2.000000e+01	2.400000e+01	2.501944e+00	1.363489e-01	1.363489e-01
2.400000e+01	2.800000e+01	2.424779e+00	2.638396e-01	2.638396e-01
2.800000e+01	3.200000e+01	3.044504e+00	3.096460e-01	3.096460e-01
3.200000e+01	3.600000e+01	2.562061e+00	5.053179e-01	5.053179e-01
3.600000e+01	4.000000e+01	2.355769e+00	6.601863e-01	6.601863e-01
4.000000e+01	5.000000e+01	4.075938e+00	8.154698e-01	8.154698e-01
# END HISTO1D


# BEGIN HISTO1D //afs/cern.ch/user/m/mdessena/OtherSqrtS/CMSSW_11_2_4/src/Result_pTzero/result_TOT_6.yoda/CMS_2015_PAS_FSQ_15_007/d02-x01-y01
LineColor=blue
LineStyle=dashed
Path=//afs/cern.ch/user/m/mdessena/OtherSqrtS/CMSSW_11_2_4/src/Result_pTzero/result_TOT_6.yoda/CMS_2015_PAS_FSQ_15_007/d02-x01-y01
Title=result_TOT_6
# xlow	 xhigh	 val	 errminus	 errplus
5.000000e-01	1.000000e+00	7.605809e-02	1.107811e-04	1.107811e-04
1.000000e+00	1.500000e+00	2.077460e-01	2.732250e-04	2.732250e-04
1.500000e+00	2.000000e+00	3.423586e-01	5.433078e-04	5.433078e-04
2.000000e+00	2.500000e+00	4.539341e-01	9.009480e-04	9.009480e-04
2.500000e+00	3.000000e+00	5.421816e-01	1.390982e-03	1.390982e-03
3.000000e+00	3.500000e+00	6.058444e-01	2.023531e-03	2.023531e-03
3.500000e+00	4.000000e+00	6.574421e-01	2.816585e-03	2.816585e-03
4.000000e+00	4.500000e+00	6.902661e-01	3.727418e-03	3.727418e-03
4.500000e+00	5.000000e+00	7.205071e-01	4.990109e-03	4.990109e-03
5.000000e+00	6.000000e+00	7.543331e-01	4.942336e-03	4.942336e-03
6.000000e+00	7.000000e+00	8.055203e-01	7.726238e-03	7.726238e-03
7.000000e+00	8.000000e+00	8.240634e-01	1.085638e-02	1.085638e-02
8.000000e+00	1.000000e+01	8.795369e-01	1.220921e-02	1.220921e-02
1.000000e+01	1.200000e+01	9.643774e-01	2.260617e-02	2.260617e-02
1.200000e+01	1.600000e+01	1.007722e+00	2.905358e-02	2.905358e-02
1.600000e+01	2.000000e+01	1.051499e+00	6.001736e-02	6.001736e-02
2.000000e+01	2.400000e+01	1.027676e+00	8.228976e-02	8.228976e-02
2.400000e+01	2.800000e+01	1.128660e+00	1.362051e-01	1.362051e-01
2.800000e+01	3.200000e+01	2.058924e+00	4.345634e-01	4.345634e-01
3.200000e+01	3.600000e+01	2.100449e+00	5.323495e-01	5.323495e-01
3.600000e+01	4.000000e+01	3.135362e+00	1.426941e+00	1.426941e+00
4.000000e+01	5.000000e+01	1.822891e+00	4.843372e-01	4.843372e-01
# END HISTO1D


# BEGIN HISTO1D //afs/cern.ch/user/m/mdessena/OtherSqrtS/CMSSW_11_2_4/src/Result_pTzero/result_TOT_7.yoda/CMS_2015_PAS_FSQ_15_007/d02-x01-y01
LineColor=green
LineStyle=dashed
Path=//afs/cern.ch/user/m/mdessena/OtherSqrtS/CMSSW_11_2_4/src/Result_pTzero/result_TOT_7.yoda/CMS_2015_PAS_FSQ_15_007/d02-x01-y01
Title=result_TOT_7
# xlow	 xhigh	 val	 errminus	 errplus
5.000000e-01	1.000000e+00	7.488299e-02	1.068361e-04	1.068361e-04
1.000000e+00	1.500000e+00	1.923443e-01	2.520745e-04	2.520745e-04
1.500000e+00	2.000000e+00	2.983285e-01	4.963946e-04	4.963946e-04
2.000000e+00	2.500000e+00	3.833525e-01	8.341854e-04	8.341854e-04
2.500000e+00	3.000000e+00	4.468808e-01	1.286895e-03	1.286895e-03
3.000000e+00	3.500000e+00	4.946872e-01	1.865049e-03	1.865049e-03
3.500000e+00	4.000000e+00	5.299564e-01	2.559529e-03	2.559529e-03
4.000000e+00	4.500000e+00	5.604387e-01	3.510344e-03	3.510344e-03
4.500000e+00	5.000000e+00	5.895319e-01	4.597397e-03	4.597397e-03
5.000000e+00	6.000000e+00	6.205105e-01	4.580825e-03	4.580825e-03
6.000000e+00	7.000000e+00	6.649868e-01	7.161163e-03	7.161163e-03
7.000000e+00	8.000000e+00	6.897225e-01	1.016972e-02	1.016972e-02
8.000000e+00	1.000000e+01	7.415134e-01	1.142867e-02	1.142867e-02
1.000000e+01	1.200000e+01	8.288377e-01	2.147520e-02	2.147520e-02
1.200000e+01	1.600000e+01	8.841033e-01	2.730346e-02	2.730346e-02
1.600000e+01	2.000000e+01	9.612506e-01	5.262241e-02	5.262241e-02
2.000000e+01	2.400000e+01	1.175058e+00	1.029748e-01	1.029748e-01
2.400000e+01	2.800000e+01	1.236910e+00	1.481377e-01	1.481377e-01
2.800000e+01	3.200000e+01	1.634048e+00	3.412994e-01	3.412994e-01
3.200000e+01	3.600000e+01	1.026121e+00	2.683215e-01	2.683215e-01
3.600000e+01	4.000000e+01	1.096154e+00	4.023388e-01	4.023388e-01
4.000000e+01	5.000000e+01	1.554752e+00	3.261215e-01	3.261215e-01
# END HISTO1D

