# BEGIN PLOT
XTwosidedTicks=1
YTwosidedTicks=1
XMax=24
XLabelSep=4.4
RatioPlotReference=/CMS_2015_PAS_FSQ_15_007/d03-x01-y01
ConnectBins=0
RatioPlot=1
LogY=0
LegendXPos=0.40
XLabel=\large{$p_\text{T}^{\text{max}}$[GeV]}
YLabelSep=5.4
YLabel=\large{$(1/N_\text{events})\; dp_\text{T}^{\text{sum}}\,/d\eta\, d\phi$}
Title=\large{CMS, 13 TeV, MB, TransDIF charged $p_\text{T}^{\text{sum}}$ density}
DrawOnly=/CMS_2015_PAS_FSQ_15_007/d03-x01-y01 //afs/cern.ch/user/m/mdessena/OtherSqrtS/CMSSW_11_2_4/src/Result_pTzero/result_TOT_0.yoda/CMS_2015_PAS_FSQ_15_007/d03-x01-y01 //afs/cern.ch/user/m/mdessena/OtherSqrtS/CMSSW_11_2_4/src/Result_pTzero/result_TOT_1.yoda/CMS_2015_PAS_FSQ_15_007/d03-x01-y01 //afs/cern.ch/user/m/mdessena/OtherSqrtS/CMSSW_11_2_4/src/Result_pTzero/result_TOT_2.yoda/CMS_2015_PAS_FSQ_15_007/d03-x01-y01 //afs/cern.ch/user/m/mdessena/OtherSqrtS/CMSSW_11_2_4/src/Result_pTzero/result_TOT_3.yoda/CMS_2015_PAS_FSQ_15_007/d03-x01-y01 //afs/cern.ch/user/m/mdessena/OtherSqrtS/CMSSW_11_2_4/src/Result_pTzero/result_TOT_4.yoda/CMS_2015_PAS_FSQ_15_007/d03-x01-y01 //afs/cern.ch/user/m/mdessena/OtherSqrtS/CMSSW_11_2_4/src/Result_pTzero/result_TOT_5.yoda/CMS_2015_PAS_FSQ_15_007/d03-x01-y01 //afs/cern.ch/user/m/mdessena/OtherSqrtS/CMSSW_11_2_4/src/Result_pTzero/result_TOT_6.yoda/CMS_2015_PAS_FSQ_15_007/d03-x01-y01 //afs/cern.ch/user/m/mdessena/OtherSqrtS/CMSSW_11_2_4/src/Result_pTzero/result_TOT_7.yoda/CMS_2015_PAS_FSQ_15_007/d03-x01-y01
RatioPlotErrorBandColor=grey!40!yellow!60
LegendYPos=0.50
Legend=1
LegendOnly=/CMS_2015_PAS_FSQ_15_007/d03-x01-y01 //afs/cern.ch/user/m/mdessena/OtherSqrtS/CMSSW_11_2_4/src/Result_pTzero/result_TOT_0.yoda/CMS_2015_PAS_FSQ_15_007/d03-x01-y01 //afs/cern.ch/user/m/mdessena/OtherSqrtS/CMSSW_11_2_4/src/Result_pTzero/result_TOT_1.yoda/CMS_2015_PAS_FSQ_15_007/d03-x01-y01 //afs/cern.ch/user/m/mdessena/OtherSqrtS/CMSSW_11_2_4/src/Result_pTzero/result_TOT_2.yoda/CMS_2015_PAS_FSQ_15_007/d03-x01-y01 //afs/cern.ch/user/m/mdessena/OtherSqrtS/CMSSW_11_2_4/src/Result_pTzero/result_TOT_3.yoda/CMS_2015_PAS_FSQ_15_007/d03-x01-y01 //afs/cern.ch/user/m/mdessena/OtherSqrtS/CMSSW_11_2_4/src/Result_pTzero/result_TOT_4.yoda/CMS_2015_PAS_FSQ_15_007/d03-x01-y01 //afs/cern.ch/user/m/mdessena/OtherSqrtS/CMSSW_11_2_4/src/Result_pTzero/result_TOT_5.yoda/CMS_2015_PAS_FSQ_15_007/d03-x01-y01 //afs/cern.ch/user/m/mdessena/OtherSqrtS/CMSSW_11_2_4/src/Result_pTzero/result_TOT_6.yoda/CMS_2015_PAS_FSQ_15_007/d03-x01-y01 //afs/cern.ch/user/m/mdessena/OtherSqrtS/CMSSW_11_2_4/src/Result_pTzero/result_TOT_7.yoda/CMS_2015_PAS_FSQ_15_007/d03-x01-y01
# END PLOT

# BEGIN HISTO1D /CMS_2015_PAS_FSQ_15_007/d03-x01-y01
ConnectBins=0
ErrorBars=1
Path=/CMS_2015_PAS_FSQ_15_007/d03-x01-y01
PolyMarker=*
Title=Data
# xlow	 xhigh	 val	 errminus	 errplus
5.000000e-01	1.000000e+00	5.906501e-02	2.790340e-04	2.790340e-04
1.000000e+00	1.500000e+00	1.705802e-01	4.058386e-03	4.058386e-03
1.500000e+00	2.000000e+00	2.983050e-01	5.727535e-03	5.727535e-03
2.000000e+00	2.500000e+00	4.133652e-01	7.708834e-03	7.708834e-03
2.500000e+00	3.000000e+00	5.092931e-01	5.359362e-03	5.359362e-03
3.000000e+00	3.500000e+00	5.809705e-01	4.200646e-03	4.200646e-03
3.500000e+00	4.000000e+00	6.375897e-01	2.425665e-03	2.425665e-03
4.000000e+00	4.500000e+00	6.941051e-01	4.138942e-03	4.138942e-03
4.500000e+00	5.000000e+00	7.273000e-01	6.482692e-03	6.482692e-03
5.000000e+00	6.000000e+00	7.619986e-01	1.318231e-02	1.318231e-02
6.000000e+00	7.000000e+00	8.090667e-01	5.051820e-03	5.051820e-03
7.000000e+00	8.000000e+00	8.508746e-01	7.120133e-03	7.120133e-03
8.000000e+00	1.000000e+01	8.983699e-01	1.003109e-02	1.003109e-02
1.000000e+01	1.200000e+01	9.661892e-01	1.251068e-02	1.251068e-02
1.200000e+01	1.600000e+01	9.662331e-01	2.165847e-02	2.165847e-02
1.600000e+01	2.000000e+01	1.053670e+00	2.901027e-02	2.901027e-02
2.000000e+01	2.400000e+01	1.153402e+00	6.784806e-02	6.784806e-02
2.400000e+01	2.800000e+01	1.305058e+00	1.536979e-01	1.536979e-01
2.800000e+01	3.200000e+01	1.797134e+00	2.164775e-01	2.164775e-01
3.200000e+01	3.600000e+01	1.965634e+00	5.693099e-01	5.693099e-01
3.600000e+01	4.000000e+01	1.326769e+00	5.964774e-01	5.964774e-01
4.000000e+01	5.000000e+01	2.850896e-01	7.255272e-01	7.255272e-01
# END HISTO1D


# BEGIN HISTO1D //afs/cern.ch/user/m/mdessena/OtherSqrtS/CMSSW_11_2_4/src/Result_pTzero/result_TOT_0.yoda/CMS_2015_PAS_FSQ_15_007/d03-x01-y01
LineColor=red
LineStyle=solid
Path=//afs/cern.ch/user/m/mdessena/OtherSqrtS/CMSSW_11_2_4/src/Result_pTzero/result_TOT_0.yoda/CMS_2015_PAS_FSQ_15_007/d03-x01-y01
Title=result_TOT_0
# xlow	 xhigh	 val	 errminus	 errplus
5.000000e-01	1.000000e+00	6.348309e-02	9.918432e-05	9.918432e-05
1.000000e+00	1.500000e+00	1.580859e-01	2.338490e-04	2.338490e-04
1.500000e+00	2.000000e+00	2.497300e-01	4.456639e-04	4.456639e-04
2.000000e+00	2.500000e+00	3.259578e-01	7.151316e-04	7.151316e-04
2.500000e+00	3.000000e+00	3.852192e-01	1.070284e-03	1.070284e-03
3.000000e+00	3.500000e+00	4.314463e-01	1.548992e-03	1.548992e-03
3.500000e+00	4.000000e+00	4.588788e-01	2.121550e-03	2.121550e-03
4.000000e+00	4.500000e+00	4.874244e-01	2.879578e-03	2.879578e-03
4.500000e+00	5.000000e+00	5.108941e-01	3.728620e-03	3.728620e-03
5.000000e+00	6.000000e+00	5.306180e-01	3.816059e-03	3.816059e-03
6.000000e+00	7.000000e+00	5.590299e-01	5.750577e-03	5.750577e-03
7.000000e+00	8.000000e+00	5.840497e-01	8.633116e-03	8.633116e-03
8.000000e+00	1.000000e+01	6.122739e-01	9.572455e-03	9.572455e-03
1.000000e+01	1.200000e+01	7.008229e-01	1.846056e-02	1.846056e-02
1.200000e+01	1.600000e+01	7.492295e-01	2.473531e-02	2.473531e-02
1.600000e+01	2.000000e+01	8.149884e-01	4.831639e-02	4.831639e-02
2.000000e+01	2.400000e+01	8.901797e-01	9.174810e-02	9.174810e-02
2.400000e+01	2.800000e+01	1.199222e+00	2.261105e-01	2.261105e-01
2.800000e+01	3.200000e+01	1.304734e+00	2.822296e-01	2.822296e-01
3.200000e+01	3.600000e+01	9.314044e-01	3.254703e-01	3.254703e-01
3.600000e+01	4.000000e+01	2.728335e+00	9.342359e-01	9.342359e-01
4.000000e+01	5.000000e+01	1.769547e+00	5.808186e-01	5.808186e-01
# END HISTO1D


# BEGIN HISTO1D //afs/cern.ch/user/m/mdessena/OtherSqrtS/CMSSW_11_2_4/src/Result_pTzero/result_TOT_1.yoda/CMS_2015_PAS_FSQ_15_007/d03-x01-y01
LineColor=blue
LineStyle=solid
Path=//afs/cern.ch/user/m/mdessena/OtherSqrtS/CMSSW_11_2_4/src/Result_pTzero/result_TOT_1.yoda/CMS_2015_PAS_FSQ_15_007/d03-x01-y01
Title=result_TOT_1
# xlow	 xhigh	 val	 errminus	 errplus
5.000000e-01	1.000000e+00	6.340691e-02	1.003867e-04	1.003867e-04
1.000000e+00	1.500000e+00	1.677237e-01	2.574659e-04	2.574659e-04
1.500000e+00	2.000000e+00	2.880301e-01	5.153946e-04	5.153946e-04
2.000000e+00	2.500000e+00	4.040262e-01	8.240288e-04	8.240288e-04
2.500000e+00	3.000000e+00	4.988914e-01	1.209753e-03	1.209753e-03
3.000000e+00	3.500000e+00	5.713003e-01	1.700331e-03	1.700331e-03
3.500000e+00	4.000000e+00	6.189177e-01	2.342290e-03	2.342290e-03
4.000000e+00	4.500000e+00	6.565079e-01	3.161415e-03	3.161415e-03
4.500000e+00	5.000000e+00	6.711442e-01	4.091579e-03	4.091579e-03
5.000000e+00	6.000000e+00	6.973826e-01	4.148859e-03	4.148859e-03
6.000000e+00	7.000000e+00	7.306743e-01	6.420886e-03	6.420886e-03
7.000000e+00	8.000000e+00	7.242570e-01	9.113911e-03	9.113911e-03
8.000000e+00	1.000000e+01	7.552284e-01	1.026198e-02	1.026198e-02
1.000000e+01	1.200000e+01	7.998225e-01	1.825951e-02	1.825951e-02
1.200000e+01	1.600000e+01	9.091634e-01	2.630222e-02	2.630222e-02
1.600000e+01	2.000000e+01	9.469535e-01	4.672208e-02	4.672208e-02
2.000000e+01	2.400000e+01	8.405112e-01	7.280178e-02	7.280178e-02
2.400000e+01	2.800000e+01	1.220608e+00	1.842479e-01	1.842479e-01
2.800000e+01	3.200000e+01	1.397589e+00	2.128582e-01	2.128582e-01
3.200000e+01	3.600000e+01	1.027138e+00	2.591700e-01	2.591700e-01
3.600000e+01	4.000000e+01	1.129239e+00	3.613423e-01	3.613423e-01
4.000000e+01	5.000000e+01	1.042157e+00	1.799556e-01	1.799556e-01
# END HISTO1D


# BEGIN HISTO1D //afs/cern.ch/user/m/mdessena/OtherSqrtS/CMSSW_11_2_4/src/Result_pTzero/result_TOT_2.yoda/CMS_2015_PAS_FSQ_15_007/d03-x01-y01
LineColor=green
LineStyle=solid
Path=//afs/cern.ch/user/m/mdessena/OtherSqrtS/CMSSW_11_2_4/src/Result_pTzero/result_TOT_2.yoda/CMS_2015_PAS_FSQ_15_007/d03-x01-y01
Title=result_TOT_2
# xlow	 xhigh	 val	 errminus	 errplus
5.000000e-01	1.000000e+00	6.339398e-02	1.001597e-04	1.001597e-04
1.000000e+00	1.500000e+00	1.625226e-01	2.444476e-04	2.444476e-04
1.500000e+00	2.000000e+00	2.671471e-01	4.750936e-04	4.750936e-04
2.000000e+00	2.500000e+00	3.582512e-01	7.538086e-04	7.538086e-04
2.500000e+00	3.000000e+00	4.306917e-01	1.115585e-03	1.115585e-03
3.000000e+00	3.500000e+00	4.837133e-01	1.586750e-03	1.586750e-03
3.500000e+00	4.000000e+00	5.228170e-01	2.219431e-03	2.219431e-03
4.000000e+00	4.500000e+00	5.522854e-01	2.950405e-03	2.950405e-03
4.500000e+00	5.000000e+00	5.776053e-01	3.968708e-03	3.968708e-03
5.000000e+00	6.000000e+00	5.961957e-01	3.906063e-03	3.906063e-03
6.000000e+00	7.000000e+00	6.106216e-01	5.819521e-03	5.819521e-03
7.000000e+00	8.000000e+00	6.410033e-01	8.525841e-03	8.525841e-03
8.000000e+00	1.000000e+01	6.688108e-01	9.818545e-03	9.818545e-03
1.000000e+01	1.200000e+01	7.439920e-01	1.856149e-02	1.856149e-02
1.200000e+01	1.600000e+01	7.880604e-01	2.498194e-02	2.498194e-02
1.600000e+01	2.000000e+01	9.297533e-01	5.325902e-02	5.325902e-02
2.000000e+01	2.400000e+01	1.053736e+00	1.072806e-01	1.072806e-01
2.400000e+01	2.800000e+01	9.687346e-01	1.304735e-01	1.304735e-01
2.800000e+01	3.200000e+01	1.257590e+00	3.590993e-01	3.590993e-01
3.200000e+01	3.600000e+01	1.134956e+00	4.151742e-01	4.151742e-01
3.600000e+01	4.000000e+01	9.594850e-01	2.624204e-01	2.624204e-01
4.000000e+01	5.000000e+01	1.726884e+00	4.052458e-01	4.052458e-01
# END HISTO1D


# BEGIN HISTO1D //afs/cern.ch/user/m/mdessena/OtherSqrtS/CMSSW_11_2_4/src/Result_pTzero/result_TOT_3.yoda/CMS_2015_PAS_FSQ_15_007/d03-x01-y01
LineColor=orange
LineStyle=solid
Path=//afs/cern.ch/user/m/mdessena/OtherSqrtS/CMSSW_11_2_4/src/Result_pTzero/result_TOT_3.yoda/CMS_2015_PAS_FSQ_15_007/d03-x01-y01
Title=result_TOT_3
# xlow	 xhigh	 val	 errminus	 errplus
5.000000e-01	1.000000e+00	6.262685e-02	9.425546e-05	9.425546e-05
1.000000e+00	1.500000e+00	1.439508e-01	2.091998e-04	2.091998e-04
1.500000e+00	2.000000e+00	2.087851e-01	3.975093e-04	3.975093e-04
2.000000e+00	2.500000e+00	2.569247e-01	6.441327e-04	6.441327e-04
2.500000e+00	3.000000e+00	2.951576e-01	9.825010e-04	9.825010e-04
3.000000e+00	3.500000e+00	3.233507e-01	1.406107e-03	1.406107e-03
3.500000e+00	4.000000e+00	3.489351e-01	1.968438e-03	1.968438e-03
4.000000e+00	4.500000e+00	3.661319e-01	2.606738e-03	2.606738e-03
4.500000e+00	5.000000e+00	3.809846e-01	3.420373e-03	3.420373e-03
5.000000e+00	6.000000e+00	4.079092e-01	3.477713e-03	3.477713e-03
6.000000e+00	7.000000e+00	4.376207e-01	5.310037e-03	5.310037e-03
7.000000e+00	8.000000e+00	4.510223e-01	7.835291e-03	7.835291e-03
8.000000e+00	1.000000e+01	4.920335e-01	9.233449e-03	9.233449e-03
1.000000e+01	1.200000e+01	5.333138e-01	1.642860e-02	1.642860e-02
1.200000e+01	1.600000e+01	6.459145e-01	2.433237e-02	2.433237e-02
1.600000e+01	2.000000e+01	7.246479e-01	5.889419e-02	5.889419e-02
2.000000e+01	2.400000e+01	9.607738e-01	1.066045e-01	1.066045e-01
2.400000e+01	2.800000e+01	7.972526e-01	1.812481e-01	1.812481e-01
2.800000e+01	3.200000e+01	1.012900e+00	2.032083e-01	2.032083e-01
3.200000e+01	3.600000e+01	8.250574e-01	2.848061e-01	2.848061e-01
3.600000e+01	4.000000e+01	6.421540e-01	3.092869e-01	3.092869e-01
4.000000e+01	5.000000e+01	1.656255e+00	4.948366e-01	4.948366e-01
# END HISTO1D


# BEGIN HISTO1D //afs/cern.ch/user/m/mdessena/OtherSqrtS/CMSSW_11_2_4/src/Result_pTzero/result_TOT_4.yoda/CMS_2015_PAS_FSQ_15_007/d03-x01-y01
LineColor=lilac
LineStyle=solid
Path=//afs/cern.ch/user/m/mdessena/OtherSqrtS/CMSSW_11_2_4/src/Result_pTzero/result_TOT_4.yoda/CMS_2015_PAS_FSQ_15_007/d03-x01-y01
Title=result_TOT_4
# xlow	 xhigh	 val	 errminus	 errplus
5.000000e-01	1.000000e+00	6.621211e-02	1.023339e-04	1.023339e-04
1.000000e+00	1.500000e+00	1.792334e-01	2.821851e-04	2.821851e-04
1.500000e+00	2.000000e+00	3.228372e-01	6.100671e-04	6.100671e-04
2.000000e+00	2.500000e+00	4.852964e-01	1.016302e-03	1.016302e-03
2.500000e+00	3.000000e+00	6.561484e-01	1.500185e-03	1.500185e-03
3.000000e+00	3.500000e+00	8.029151e-01	2.024973e-03	2.024973e-03
3.500000e+00	4.000000e+00	9.086325e-01	2.714061e-03	2.714061e-03
4.000000e+00	4.500000e+00	9.771559e-01	3.631070e-03	3.631070e-03
4.500000e+00	5.000000e+00	1.009699e+00	4.695472e-03	4.695472e-03
5.000000e+00	6.000000e+00	1.026185e+00	4.810189e-03	4.810189e-03
6.000000e+00	7.000000e+00	1.044708e+00	7.677107e-03	7.677107e-03
7.000000e+00	8.000000e+00	1.072623e+00	1.121254e-02	1.121254e-02
8.000000e+00	1.000000e+01	1.096299e+00	1.286203e-02	1.286203e-02
1.000000e+01	1.200000e+01	1.087680e+00	2.084447e-02	2.084447e-02
1.200000e+01	1.600000e+01	1.160944e+00	2.980432e-02	2.980432e-02
1.600000e+01	2.000000e+01	1.283700e+00	6.248386e-02	6.248386e-02
2.000000e+01	2.400000e+01	1.324135e+00	1.033708e-01	1.033708e-01
2.400000e+01	2.800000e+01	1.370134e+00	1.673266e-01	1.673266e-01
2.800000e+01	3.200000e+01	1.156272e+00	1.820064e-01	1.820064e-01
3.200000e+01	3.600000e+01	1.271141e+00	3.205110e-01	3.205110e-01
3.600000e+01	4.000000e+01	1.126509e+00	3.944644e-01	3.944644e-01
4.000000e+01	5.000000e+01	1.081654e+00	2.826703e-01	2.826703e-01
# END HISTO1D


# BEGIN HISTO1D //afs/cern.ch/user/m/mdessena/OtherSqrtS/CMSSW_11_2_4/src/Result_pTzero/result_TOT_5.yoda/CMS_2015_PAS_FSQ_15_007/d03-x01-y01
LineColor=red
LineStyle=dashed
Path=//afs/cern.ch/user/m/mdessena/OtherSqrtS/CMSSW_11_2_4/src/Result_pTzero/result_TOT_5.yoda/CMS_2015_PAS_FSQ_15_007/d03-x01-y01
Title=result_TOT_5
# xlow	 xhigh	 val	 errminus	 errplus
5.000000e-01	1.000000e+00	6.432168e-02	1.010497e-04	1.010497e-04
1.000000e+00	1.500000e+00	1.730001e-01	2.714305e-04	2.714305e-04
1.500000e+00	2.000000e+00	3.071743e-01	5.688251e-04	5.688251e-04
2.000000e+00	2.500000e+00	4.474332e-01	9.155973e-04	9.155973e-04
2.500000e+00	3.000000e+00	5.838883e-01	1.344289e-03	1.344289e-03
3.000000e+00	3.500000e+00	6.926647e-01	1.869753e-03	1.869753e-03
3.500000e+00	4.000000e+00	7.659626e-01	2.539862e-03	2.539862e-03
4.000000e+00	4.500000e+00	8.159782e-01	3.404249e-03	3.404249e-03
4.500000e+00	5.000000e+00	8.474554e-01	4.464009e-03	4.464009e-03
5.000000e+00	6.000000e+00	8.586074e-01	4.494486e-03	4.494486e-03
6.000000e+00	7.000000e+00	8.802109e-01	6.894054e-03	6.894054e-03
7.000000e+00	8.000000e+00	9.022327e-01	1.015129e-02	1.015129e-02
8.000000e+00	1.000000e+01	9.209331e-01	1.133493e-02	1.133493e-02
1.000000e+01	1.200000e+01	9.623855e-01	2.091370e-02	2.091370e-02
1.200000e+01	1.600000e+01	1.024208e+00	2.662004e-02	2.662004e-02
1.600000e+01	2.000000e+01	1.008429e+00	4.452234e-02	4.452234e-02
2.000000e+01	2.400000e+01	1.217993e+00	9.937363e-02	9.937363e-02
2.400000e+01	2.800000e+01	1.383817e+00	2.222590e-01	2.222590e-01
2.800000e+01	3.200000e+01	1.759412e+00	2.763590e-01	2.763590e-01
3.200000e+01	3.600000e+01	1.264426e+00	4.702461e-01	4.702461e-01
3.600000e+01	4.000000e+01	1.436572e+00	5.367610e-01	5.367610e-01
4.000000e+01	5.000000e+01	1.710147e+00	4.981815e-01	4.981815e-01
# END HISTO1D


# BEGIN HISTO1D //afs/cern.ch/user/m/mdessena/OtherSqrtS/CMSSW_11_2_4/src/Result_pTzero/result_TOT_6.yoda/CMS_2015_PAS_FSQ_15_007/d03-x01-y01
LineColor=blue
LineStyle=dashed
Path=//afs/cern.ch/user/m/mdessena/OtherSqrtS/CMSSW_11_2_4/src/Result_pTzero/result_TOT_6.yoda/CMS_2015_PAS_FSQ_15_007/d03-x01-y01
Title=result_TOT_6
# xlow	 xhigh	 val	 errminus	 errplus
5.000000e-01	1.000000e+00	6.308257e-02	9.721222e-05	9.721222e-05
1.000000e+00	1.500000e+00	1.526452e-01	2.232035e-04	2.232035e-04
1.500000e+00	2.000000e+00	2.322114e-01	4.230388e-04	4.230388e-04
2.000000e+00	2.500000e+00	2.944213e-01	6.788331e-04	6.788331e-04
2.500000e+00	3.000000e+00	3.424484e-01	1.027567e-03	1.027567e-03
3.000000e+00	3.500000e+00	3.784979e-01	1.481717e-03	1.481717e-03
3.500000e+00	4.000000e+00	4.084306e-01	2.047835e-03	2.047835e-03
4.000000e+00	4.500000e+00	4.263664e-01	2.702579e-03	2.702579e-03
4.500000e+00	5.000000e+00	4.463584e-01	3.646402e-03	3.646402e-03
5.000000e+00	6.000000e+00	4.741194e-01	3.668537e-03	3.668537e-03
6.000000e+00	7.000000e+00	5.049343e-01	5.720104e-03	5.720104e-03
7.000000e+00	8.000000e+00	5.198015e-01	8.085747e-03	8.085747e-03
8.000000e+00	1.000000e+01	5.628887e-01	9.573089e-03	9.573089e-03
1.000000e+01	1.200000e+01	6.225923e-01	1.756311e-02	1.756311e-02
1.200000e+01	1.600000e+01	6.768341e-01	2.433879e-02	2.433879e-02
1.600000e+01	2.000000e+01	7.275144e-01	5.224182e-02	5.224182e-02
2.000000e+01	2.400000e+01	7.377488e-01	7.090893e-02	7.090893e-02
2.400000e+01	2.800000e+01	7.408404e-01	1.077953e-01	1.077953e-01
2.800000e+01	3.200000e+01	1.517130e+00	4.319891e-01	4.319891e-01
3.200000e+01	3.600000e+01	1.164262e+00	2.877468e-01	2.877468e-01
3.600000e+01	4.000000e+01	1.666784e+00	8.139241e-01	8.139241e-01
4.000000e+01	5.000000e+01	1.263733e+00	3.831932e-01	3.831932e-01
# END HISTO1D


# BEGIN HISTO1D //afs/cern.ch/user/m/mdessena/OtherSqrtS/CMSSW_11_2_4/src/Result_pTzero/result_TOT_7.yoda/CMS_2015_PAS_FSQ_15_007/d03-x01-y01
LineColor=green
LineStyle=dashed
Path=//afs/cern.ch/user/m/mdessena/OtherSqrtS/CMSSW_11_2_4/src/Result_pTzero/result_TOT_7.yoda/CMS_2015_PAS_FSQ_15_007/d03-x01-y01
Title=result_TOT_7
# xlow	 xhigh	 val	 errminus	 errplus
5.000000e-01	1.000000e+00	6.265285e-02	9.471293e-05	9.471293e-05
1.000000e+00	1.500000e+00	1.447066e-01	2.106609e-04	2.106609e-04
1.500000e+00	2.000000e+00	2.109118e-01	3.965797e-04	3.965797e-04
2.000000e+00	2.500000e+00	2.621304e-01	6.483895e-04	6.483895e-04
2.500000e+00	3.000000e+00	3.008813e-01	9.860884e-04	9.860884e-04
3.000000e+00	3.500000e+00	3.290648e-01	1.415800e-03	1.415800e-03
3.500000e+00	4.000000e+00	3.530207e-01	1.952140e-03	1.952140e-03
4.000000e+00	4.500000e+00	3.702997e-01	2.653667e-03	2.653667e-03
4.500000e+00	5.000000e+00	3.894434e-01	3.452998e-03	3.452998e-03
5.000000e+00	6.000000e+00	4.107594e-01	3.474616e-03	3.474616e-03
6.000000e+00	7.000000e+00	4.422580e-01	5.434058e-03	5.434058e-03
7.000000e+00	8.000000e+00	4.636357e-01	7.881103e-03	7.881103e-03
8.000000e+00	1.000000e+01	5.159977e-01	9.125633e-03	9.125633e-03
1.000000e+01	1.200000e+01	5.753507e-01	1.715928e-02	1.715928e-02
1.200000e+01	1.600000e+01	6.197440e-01	2.257272e-02	2.257272e-02
1.600000e+01	2.000000e+01	6.759662e-01	4.273520e-02	4.273520e-02
2.000000e+01	2.400000e+01	8.441579e-01	8.277269e-02	8.277269e-02
2.400000e+01	2.800000e+01	9.703473e-01	1.397018e-01	1.397018e-01
2.800000e+01	3.200000e+01	1.282401e+00	3.104489e-01	3.104489e-01
3.200000e+01	3.600000e+01	4.227874e-01	1.130578e-01	1.130578e-01
3.600000e+01	4.000000e+01	1.006567e+00	3.809331e-01	3.809331e-01
4.000000e+01	5.000000e+01	1.229527e+00	2.860408e-01	2.860408e-01
# END HISTO1D

