# BEGIN PLOT
XTwosidedTicks=1
YTwosidedTicks=1
XMax=24
XLabelSep=4.4
RatioPlotReference=/CMS_2015_PAS_FSQ_15_007/d05-x01-y01
ConnectBins=0
RatioPlot=1
LogY=0
LegendXPos=0.40
XLabel=\large{$p_\text{T}^{\text{max}}$[GeV]}
YLabelSep=5.4
YLabel=\large{$(1/N_\text{events})\; dN_\text{ch}\,/d\eta\, d\phi$}
Title=\large{CMS, 13 TeV, MB, TransMIN charged-particle density}
DrawOnly=/CMS_2015_PAS_FSQ_15_007/d05-x01-y01 //afs/cern.ch/user/m/mdessena/OtherSqrtS/CMSSW_11_2_4/src/Result_pTzero/result_TOT_0.yoda/CMS_2015_PAS_FSQ_15_007/d05-x01-y01 //afs/cern.ch/user/m/mdessena/OtherSqrtS/CMSSW_11_2_4/src/Result_pTzero/result_TOT_1.yoda/CMS_2015_PAS_FSQ_15_007/d05-x01-y01 //afs/cern.ch/user/m/mdessena/OtherSqrtS/CMSSW_11_2_4/src/Result_pTzero/result_TOT_2.yoda/CMS_2015_PAS_FSQ_15_007/d05-x01-y01 //afs/cern.ch/user/m/mdessena/OtherSqrtS/CMSSW_11_2_4/src/Result_pTzero/result_TOT_3.yoda/CMS_2015_PAS_FSQ_15_007/d05-x01-y01 //afs/cern.ch/user/m/mdessena/OtherSqrtS/CMSSW_11_2_4/src/Result_pTzero/result_TOT_4.yoda/CMS_2015_PAS_FSQ_15_007/d05-x01-y01 //afs/cern.ch/user/m/mdessena/OtherSqrtS/CMSSW_11_2_4/src/Result_pTzero/result_TOT_5.yoda/CMS_2015_PAS_FSQ_15_007/d05-x01-y01 //afs/cern.ch/user/m/mdessena/OtherSqrtS/CMSSW_11_2_4/src/Result_pTzero/result_TOT_6.yoda/CMS_2015_PAS_FSQ_15_007/d05-x01-y01 //afs/cern.ch/user/m/mdessena/OtherSqrtS/CMSSW_11_2_4/src/Result_pTzero/result_TOT_7.yoda/CMS_2015_PAS_FSQ_15_007/d05-x01-y01
RatioPlotErrorBandColor=grey!40!yellow!60
LegendYPos=0.50
Legend=1
LegendOnly=/CMS_2015_PAS_FSQ_15_007/d05-x01-y01 //afs/cern.ch/user/m/mdessena/OtherSqrtS/CMSSW_11_2_4/src/Result_pTzero/result_TOT_0.yoda/CMS_2015_PAS_FSQ_15_007/d05-x01-y01 //afs/cern.ch/user/m/mdessena/OtherSqrtS/CMSSW_11_2_4/src/Result_pTzero/result_TOT_1.yoda/CMS_2015_PAS_FSQ_15_007/d05-x01-y01 //afs/cern.ch/user/m/mdessena/OtherSqrtS/CMSSW_11_2_4/src/Result_pTzero/result_TOT_2.yoda/CMS_2015_PAS_FSQ_15_007/d05-x01-y01 //afs/cern.ch/user/m/mdessena/OtherSqrtS/CMSSW_11_2_4/src/Result_pTzero/result_TOT_3.yoda/CMS_2015_PAS_FSQ_15_007/d05-x01-y01 //afs/cern.ch/user/m/mdessena/OtherSqrtS/CMSSW_11_2_4/src/Result_pTzero/result_TOT_4.yoda/CMS_2015_PAS_FSQ_15_007/d05-x01-y01 //afs/cern.ch/user/m/mdessena/OtherSqrtS/CMSSW_11_2_4/src/Result_pTzero/result_TOT_5.yoda/CMS_2015_PAS_FSQ_15_007/d05-x01-y01 //afs/cern.ch/user/m/mdessena/OtherSqrtS/CMSSW_11_2_4/src/Result_pTzero/result_TOT_6.yoda/CMS_2015_PAS_FSQ_15_007/d05-x01-y01 //afs/cern.ch/user/m/mdessena/OtherSqrtS/CMSSW_11_2_4/src/Result_pTzero/result_TOT_7.yoda/CMS_2015_PAS_FSQ_15_007/d05-x01-y01
# END PLOT

# BEGIN HISTO1D /CMS_2015_PAS_FSQ_15_007/d05-x01-y01
ConnectBins=0
ErrorBars=1
Path=/CMS_2015_PAS_FSQ_15_007/d05-x01-y01
PolyMarker=*
Title=Data
# xlow	 xhigh	 val	 errminus	 errplus
5.000000e-01	1.000000e+00	1.780852e-02	1.429872e-04	1.429872e-04
1.000000e+00	1.500000e+00	1.052240e-01	1.398514e-03	1.398514e-03
1.500000e+00	2.000000e+00	2.564061e-01	5.803302e-03	5.803302e-03
2.000000e+00	2.500000e+00	4.114816e-01	1.198772e-02	1.198772e-02
2.500000e+00	3.000000e+00	5.467365e-01	9.254487e-03	9.254487e-03
3.000000e+00	3.500000e+00	6.506715e-01	6.020503e-03	6.020503e-03
3.500000e+00	4.000000e+00	7.165673e-01	4.534857e-03	4.534857e-03
4.000000e+00	4.500000e+00	7.756815e-01	1.359142e-02	1.359142e-02
4.500000e+00	5.000000e+00	8.141959e-01	1.941431e-02	1.941431e-02
5.000000e+00	6.000000e+00	8.480938e-01	2.272101e-02	2.272101e-02
6.000000e+00	7.000000e+00	8.808584e-01	1.003011e-02	1.003011e-02
7.000000e+00	8.000000e+00	8.880211e-01	1.197128e-02	1.197128e-02
8.000000e+00	1.000000e+01	8.773568e-01	1.438432e-02	1.438432e-02
1.000000e+01	1.200000e+01	8.879592e-01	1.506606e-02	1.506606e-02
1.200000e+01	1.600000e+01	8.786843e-01	2.237119e-02	2.237119e-02
1.600000e+01	2.000000e+01	9.047112e-01	2.576813e-02	2.576813e-02
2.000000e+01	2.400000e+01	7.844522e-01	4.563999e-02	4.563999e-02
2.400000e+01	2.800000e+01	1.184633e+00	7.026493e-02	7.026493e-02
2.800000e+01	3.200000e+01	9.590939e-01	1.272719e-01	1.272719e-01
3.200000e+01	3.600000e+01	6.968981e-01	1.808310e-01	1.808310e-01
3.600000e+01	4.000000e+01	6.500394e-01	1.767886e-01	1.767886e-01
4.000000e+01	5.000000e+01	1.159189e+00	2.156266e-01	2.156266e-01
# END HISTO1D


# BEGIN HISTO1D //afs/cern.ch/user/m/mdessena/OtherSqrtS/CMSSW_11_2_4/src/Result_pTzero/result_TOT_0.yoda/CMS_2015_PAS_FSQ_15_007/d05-x01-y01
LineColor=red
LineStyle=solid
Path=//afs/cern.ch/user/m/mdessena/OtherSqrtS/CMSSW_11_2_4/src/Result_pTzero/result_TOT_0.yoda/CMS_2015_PAS_FSQ_15_007/d05-x01-y01
Title=result_TOT_0
# xlow	 xhigh	 val	 errminus	 errplus
5.000000e-01	1.000000e+00	2.214729e-02	7.705618e-05	7.705618e-05
1.000000e+00	1.500000e+00	9.003142e-02	2.135423e-04	2.135423e-04
1.500000e+00	2.000000e+00	1.723224e-01	4.035416e-04	4.035416e-04
2.000000e+00	2.500000e+00	2.440831e-01	6.307521e-04	6.307521e-04
2.500000e+00	3.000000e+00	2.988834e-01	9.172877e-04	9.172877e-04
3.000000e+00	3.500000e+00	3.341651e-01	1.262646e-03	1.262646e-03
3.500000e+00	4.000000e+00	3.575602e-01	1.701884e-03	1.701884e-03
4.000000e+00	4.500000e+00	3.667162e-01	2.179473e-03	2.179473e-03
4.500000e+00	5.000000e+00	3.789488e-01	2.778138e-03	2.778138e-03
5.000000e+00	6.000000e+00	3.928318e-01	2.744526e-03	2.744526e-03
6.000000e+00	7.000000e+00	3.950986e-01	3.919839e-03	3.919839e-03
7.000000e+00	8.000000e+00	4.033673e-01	5.566120e-03	5.566120e-03
8.000000e+00	1.000000e+01	4.089402e-01	5.852843e-03	5.852843e-03
1.000000e+01	1.200000e+01	4.268246e-01	9.952732e-03	9.952732e-03
1.200000e+01	1.600000e+01	4.156862e-01	1.152060e-02	1.152060e-02
1.600000e+01	2.000000e+01	4.712098e-01	2.389961e-02	2.389961e-02
2.000000e+01	2.400000e+01	4.927326e-01	3.335932e-02	3.335932e-02
2.400000e+01	2.800000e+01	4.443075e-01	5.004165e-02	5.004165e-02
2.800000e+01	3.200000e+01	4.658193e-01	7.454475e-02	7.454475e-02
3.200000e+01	3.600000e+01	8.620894e-01	2.124259e-01	2.124259e-01
3.600000e+01	4.000000e+01	8.464149e-01	2.168122e-01	2.168122e-01
4.000000e+01	5.000000e+01	6.435396e-01	9.425207e-02	9.425207e-02
# END HISTO1D


# BEGIN HISTO1D //afs/cern.ch/user/m/mdessena/OtherSqrtS/CMSSW_11_2_4/src/Result_pTzero/result_TOT_1.yoda/CMS_2015_PAS_FSQ_15_007/d05-x01-y01
LineColor=blue
LineStyle=solid
Path=//afs/cern.ch/user/m/mdessena/OtherSqrtS/CMSSW_11_2_4/src/Result_pTzero/result_TOT_1.yoda/CMS_2015_PAS_FSQ_15_007/d05-x01-y01
Title=result_TOT_1
# xlow	 xhigh	 val	 errminus	 errplus
5.000000e-01	1.000000e+00	2.396317e-02	8.206726e-05	8.206726e-05
1.000000e+00	1.500000e+00	1.096852e-01	2.572102e-04	2.572102e-04
1.500000e+00	2.000000e+00	2.478718e-01	5.357442e-04	5.357442e-04
2.000000e+00	2.500000e+00	3.969993e-01	8.469830e-04	8.469830e-04
2.500000e+00	3.000000e+00	5.240308e-01	1.215721e-03	1.215721e-03
3.000000e+00	3.500000e+00	6.138170e-01	1.667394e-03	1.667394e-03
3.500000e+00	4.000000e+00	6.676041e-01	2.240739e-03	2.240739e-03
4.000000e+00	4.500000e+00	7.030319e-01	2.938609e-03	2.938609e-03
4.500000e+00	5.000000e+00	7.229003e-01	3.779252e-03	3.779252e-03
5.000000e+00	6.000000e+00	7.236076e-01	3.672962e-03	3.672962e-03
6.000000e+00	7.000000e+00	7.306665e-01	5.476593e-03	5.476593e-03
7.000000e+00	8.000000e+00	7.349999e-01	7.684985e-03	7.684985e-03
8.000000e+00	1.000000e+01	7.287938e-01	8.120424e-03	8.120424e-03
1.000000e+01	1.200000e+01	7.418084e-01	1.314079e-02	1.314079e-02
1.200000e+01	1.600000e+01	7.623350e-01	1.591927e-02	1.591927e-02
1.600000e+01	2.000000e+01	7.382735e-01	3.047124e-02	3.047124e-02
2.000000e+01	2.400000e+01	8.236269e-01	5.412403e-02	5.412403e-02
2.400000e+01	2.800000e+01	8.103452e-01	8.063220e-02	8.063220e-02
2.800000e+01	3.200000e+01	7.224797e-01	1.100868e-01	1.100868e-01
3.200000e+01	3.600000e+01	5.092958e-01	1.251743e-01	1.251743e-01
3.600000e+01	4.000000e+01	8.867204e-01	2.692610e-01	2.692610e-01
4.000000e+01	5.000000e+01	7.480280e-01	1.832506e-01	1.832506e-01
# END HISTO1D


# BEGIN HISTO1D //afs/cern.ch/user/m/mdessena/OtherSqrtS/CMSSW_11_2_4/src/Result_pTzero/result_TOT_2.yoda/CMS_2015_PAS_FSQ_15_007/d05-x01-y01
LineColor=green
LineStyle=solid
Path=//afs/cern.ch/user/m/mdessena/OtherSqrtS/CMSSW_11_2_4/src/Result_pTzero/result_TOT_2.yoda/CMS_2015_PAS_FSQ_15_007/d05-x01-y01
Title=result_TOT_2
# xlow	 xhigh	 val	 errminus	 errplus
5.000000e-01	1.000000e+00	2.293145e-02	7.950785e-05	7.950785e-05
1.000000e+00	1.500000e+00	9.879697e-02	2.320907e-04	2.320907e-04
1.500000e+00	2.000000e+00	2.041578e-01	4.558855e-04	4.558855e-04
2.000000e+00	2.500000e+00	3.024238e-01	7.054367e-04	7.054367e-04
2.500000e+00	3.000000e+00	3.816332e-01	1.029077e-03	1.029077e-03
3.000000e+00	3.500000e+00	4.315880e-01	1.408210e-03	1.408210e-03
3.500000e+00	4.000000e+00	4.641964e-01	1.912153e-03	1.912153e-03
4.000000e+00	4.500000e+00	4.866527e-01	2.492763e-03	2.492763e-03
4.500000e+00	5.000000e+00	4.929881e-01	3.143262e-03	3.143262e-03
5.000000e+00	6.000000e+00	5.012806e-01	3.033833e-03	3.033833e-03
6.000000e+00	7.000000e+00	5.063458e-01	4.451870e-03	4.451870e-03
7.000000e+00	8.000000e+00	5.157947e-01	6.365026e-03	6.365026e-03
8.000000e+00	1.000000e+01	5.188331e-01	6.721914e-03	6.721914e-03
1.000000e+01	1.200000e+01	5.305988e-01	1.076148e-02	1.076148e-02
1.200000e+01	1.600000e+01	5.416183e-01	1.354226e-02	1.354226e-02
1.600000e+01	2.000000e+01	5.631246e-01	2.366017e-02	2.366017e-02
2.000000e+01	2.400000e+01	6.061228e-01	4.069407e-02	4.069407e-02
2.400000e+01	2.800000e+01	5.524950e-01	6.097505e-02	6.097505e-02
2.800000e+01	3.200000e+01	6.051588e-01	8.787544e-02	8.787544e-02
3.200000e+01	3.600000e+01	6.525353e-01	1.444971e-01	1.444971e-01
3.600000e+01	4.000000e+01	7.161973e-01	1.314179e-01	1.314179e-01
4.000000e+01	5.000000e+01	4.933803e-01	8.712262e-02	8.712262e-02
# END HISTO1D


# BEGIN HISTO1D //afs/cern.ch/user/m/mdessena/OtherSqrtS/CMSSW_11_2_4/src/Result_pTzero/result_TOT_3.yoda/CMS_2015_PAS_FSQ_15_007/d05-x01-y01
LineColor=orange
LineStyle=solid
Path=//afs/cern.ch/user/m/mdessena/OtherSqrtS/CMSSW_11_2_4/src/Result_pTzero/result_TOT_3.yoda/CMS_2015_PAS_FSQ_15_007/d05-x01-y01
Title=result_TOT_3
# xlow	 xhigh	 val	 errminus	 errplus
5.000000e-01	1.000000e+00	2.014833e-02	7.039768e-05	7.039768e-05
1.000000e+00	1.500000e+00	6.839397e-02	1.738991e-04	1.738991e-04
1.500000e+00	2.000000e+00	1.135461e-01	3.191372e-04	3.191372e-04
2.000000e+00	2.500000e+00	1.452580e-01	4.913718e-04	4.913718e-04
2.500000e+00	3.000000e+00	1.691661e-01	7.078341e-04	7.078341e-04
3.000000e+00	3.500000e+00	1.845071e-01	9.787119e-04	9.787119e-04
3.500000e+00	4.000000e+00	1.957786e-01	1.307040e-03	1.307040e-03
4.000000e+00	4.500000e+00	2.017823e-01	1.658163e-03	1.658163e-03
4.500000e+00	5.000000e+00	2.116282e-01	2.142664e-03	2.142664e-03
5.000000e+00	6.000000e+00	2.154917e-01	2.032925e-03	2.032925e-03
6.000000e+00	7.000000e+00	2.224173e-01	2.972856e-03	2.972856e-03
7.000000e+00	8.000000e+00	2.278287e-01	4.067091e-03	4.067091e-03
8.000000e+00	1.000000e+01	2.327458e-01	4.333822e-03	4.333822e-03
1.000000e+01	1.200000e+01	2.401177e-01	7.199877e-03	7.199877e-03
1.200000e+01	1.600000e+01	2.548285e-01	8.885024e-03	8.885024e-03
1.600000e+01	2.000000e+01	2.741002e-01	1.802851e-02	1.802851e-02
2.000000e+01	2.400000e+01	2.719251e-01	2.340764e-02	2.340764e-02
2.400000e+01	2.800000e+01	2.696272e-01	3.848786e-02	3.848786e-02
2.800000e+01	3.200000e+01	3.110755e-01	6.771916e-02	6.771916e-02
3.200000e+01	3.600000e+01	1.005189e-01	3.324351e-02	3.324351e-02
3.600000e+01	4.000000e+01	1.705231e-01	7.265537e-02	7.265537e-02
4.000000e+01	5.000000e+01	2.938245e-01	8.178352e-02	8.178352e-02
# END HISTO1D


# BEGIN HISTO1D //afs/cern.ch/user/m/mdessena/OtherSqrtS/CMSSW_11_2_4/src/Result_pTzero/result_TOT_4.yoda/CMS_2015_PAS_FSQ_15_007/d05-x01-y01
LineColor=lilac
LineStyle=solid
Path=//afs/cern.ch/user/m/mdessena/OtherSqrtS/CMSSW_11_2_4/src/Result_pTzero/result_TOT_4.yoda/CMS_2015_PAS_FSQ_15_007/d05-x01-y01
Title=result_TOT_4
# xlow	 xhigh	 val	 errminus	 errplus
5.000000e-01	1.000000e+00	2.860527e-02	9.050485e-05	9.050485e-05
1.000000e+00	1.500000e+00	1.417318e-01	3.209314e-04	3.209314e-04
1.500000e+00	2.000000e+00	3.584435e-01	7.675379e-04	7.675379e-04
2.000000e+00	2.500000e+00	6.704754e-01	1.351387e-03	1.351387e-03
2.500000e+00	3.000000e+00	1.032396e+00	1.983973e-03	1.983973e-03
3.000000e+00	3.500000e+00	1.351176e+00	2.598559e-03	2.598559e-03
3.500000e+00	4.000000e+00	1.569117e+00	3.337683e-03	3.337683e-03
4.000000e+00	4.500000e+00	1.681013e+00	4.314219e-03	4.314219e-03
4.500000e+00	5.000000e+00	1.735165e+00	5.536056e-03	5.536056e-03
5.000000e+00	6.000000e+00	1.764135e+00	5.579434e-03	5.579434e-03
6.000000e+00	7.000000e+00	1.749320e+00	8.709012e-03	8.709012e-03
7.000000e+00	8.000000e+00	1.694197e+00	1.223989e-02	1.223989e-02
8.000000e+00	1.000000e+01	1.717913e+00	1.363964e-02	1.363964e-02
1.000000e+01	1.200000e+01	1.706601e+00	2.245189e-02	2.245189e-02
1.200000e+01	1.600000e+01	1.730655e+00	2.788106e-02	2.788106e-02
1.600000e+01	2.000000e+01	1.681530e+00	5.442241e-02	5.442241e-02
2.000000e+01	2.400000e+01	1.649070e+00	8.430864e-02	8.430864e-02
2.400000e+01	2.800000e+01	1.650238e+00	1.248457e-01	1.248457e-01
2.800000e+01	3.200000e+01	1.589276e+00	1.657871e-01	1.657871e-01
3.200000e+01	3.600000e+01	1.273239e+00	2.906797e-01	2.906797e-01
3.600000e+01	4.000000e+01	1.336902e+00	2.714977e-01	2.714977e-01
4.000000e+01	5.000000e+01	2.188380e+00	4.830689e-01	4.830689e-01
# END HISTO1D


# BEGIN HISTO1D //afs/cern.ch/user/m/mdessena/OtherSqrtS/CMSSW_11_2_4/src/Result_pTzero/result_TOT_5.yoda/CMS_2015_PAS_FSQ_15_007/d05-x01-y01
LineColor=red
LineStyle=dashed
Path=//afs/cern.ch/user/m/mdessena/OtherSqrtS/CMSSW_11_2_4/src/Result_pTzero/result_TOT_5.yoda/CMS_2015_PAS_FSQ_15_007/d05-x01-y01
Title=result_TOT_5
# xlow	 xhigh	 val	 errminus	 errplus
5.000000e-01	1.000000e+00	2.581150e-02	8.552177e-05	8.552177e-05
1.000000e+00	1.500000e+00	1.251548e-01	2.900132e-04	2.900132e-04
1.500000e+00	2.000000e+00	3.026793e-01	6.533876e-04	6.533876e-04
2.000000e+00	2.500000e+00	5.319278e-01	1.087070e-03	1.087070e-03
2.500000e+00	3.000000e+00	7.665622e-01	1.571084e-03	1.571084e-03
3.000000e+00	3.500000e+00	9.483305e-01	2.122756e-03	2.122756e-03
3.500000e+00	4.000000e+00	1.064169e+00	2.788768e-03	2.788768e-03
4.000000e+00	4.500000e+00	1.123954e+00	3.649270e-03	3.649270e-03
4.500000e+00	5.000000e+00	1.158389e+00	4.729274e-03	4.729274e-03
5.000000e+00	6.000000e+00	1.164292e+00	4.643065e-03	4.643065e-03
6.000000e+00	7.000000e+00	1.162453e+00	6.979489e-03	6.979489e-03
7.000000e+00	8.000000e+00	1.159300e+00	9.916064e-03	9.916064e-03
8.000000e+00	1.000000e+01	1.155109e+00	1.054569e-02	1.054569e-02
1.000000e+01	1.200000e+01	1.160938e+00	1.752015e-02	1.752015e-02
1.200000e+01	1.600000e+01	1.155734e+00	2.118445e-02	2.118445e-02
1.600000e+01	2.000000e+01	1.173558e+00	3.807369e-02	3.807369e-02
2.000000e+01	2.400000e+01	1.197597e+00	6.017497e-02	6.017497e-02
2.400000e+01	2.800000e+01	9.579139e-01	8.862547e-02	8.862547e-02
2.800000e+01	3.200000e+01	1.255556e+00	1.143276e-01	1.143276e-01
3.200000e+01	3.600000e+01	1.237068e+00	1.996985e-01	1.996985e-01
3.600000e+01	4.000000e+01	8.594367e-01	1.271817e-01	1.271817e-01
4.000000e+01	5.000000e+01	1.536840e+00	2.541208e-01	2.541208e-01
# END HISTO1D


# BEGIN HISTO1D //afs/cern.ch/user/m/mdessena/OtherSqrtS/CMSSW_11_2_4/src/Result_pTzero/result_TOT_6.yoda/CMS_2015_PAS_FSQ_15_007/d05-x01-y01
LineColor=blue
LineStyle=dashed
Path=//afs/cern.ch/user/m/mdessena/OtherSqrtS/CMSSW_11_2_4/src/Result_pTzero/result_TOT_6.yoda/CMS_2015_PAS_FSQ_15_007/d05-x01-y01
Title=result_TOT_6
# xlow	 xhigh	 val	 errminus	 errplus
5.000000e-01	1.000000e+00	2.152114e-02	7.469780e-05	7.469780e-05
1.000000e+00	1.500000e+00	8.019816e-02	1.949370e-04	1.949370e-04
1.500000e+00	2.000000e+00	1.451733e-01	3.643666e-04	3.643666e-04
2.000000e+00	2.500000e+00	1.956370e-01	5.630685e-04	5.630685e-04
2.500000e+00	3.000000e+00	2.338588e-01	8.215879e-04	8.215879e-04
3.000000e+00	3.500000e+00	2.579504e-01	1.132709e-03	1.132709e-03
3.500000e+00	4.000000e+00	2.756583e-01	1.522276e-03	1.522276e-03
4.000000e+00	4.500000e+00	2.869914e-01	1.959691e-03	1.959691e-03
4.500000e+00	5.000000e+00	2.935473e-01	2.501492e-03	2.501492e-03
5.000000e+00	6.000000e+00	2.988017e-01	2.394659e-03	2.394659e-03
6.000000e+00	7.000000e+00	3.133363e-01	3.568574e-03	3.568574e-03
7.000000e+00	8.000000e+00	3.132113e-01	4.866745e-03	4.866745e-03
8.000000e+00	1.000000e+01	3.248197e-01	5.184701e-03	5.184701e-03
1.000000e+01	1.200000e+01	3.344227e-01	8.370535e-03	8.370535e-03
1.200000e+01	1.600000e+01	3.278763e-01	9.939169e-03	9.939169e-03
1.600000e+01	2.000000e+01	3.183100e-01	1.906948e-02	1.906948e-02
2.000000e+01	2.400000e+01	2.873117e-01	2.458337e-02	2.458337e-02
2.400000e+01	2.800000e+01	3.580986e-01	4.437392e-02	4.437392e-02
2.800000e+01	3.200000e+01	5.073065e-01	8.339766e-02	8.339766e-02
3.200000e+01	3.600000e+01	6.331600e-01	1.243199e-01	1.243199e-01
3.600000e+01	4.000000e+01	5.252113e-01	1.975061e-01	1.975061e-01
4.000000e+01	5.000000e+01	4.493786e-01	1.243229e-01	1.243229e-01
# END HISTO1D


# BEGIN HISTO1D //afs/cern.ch/user/m/mdessena/OtherSqrtS/CMSSW_11_2_4/src/Result_pTzero/result_TOT_7.yoda/CMS_2015_PAS_FSQ_15_007/d05-x01-y01
LineColor=green
LineStyle=dashed
Path=//afs/cern.ch/user/m/mdessena/OtherSqrtS/CMSSW_11_2_4/src/Result_pTzero/result_TOT_7.yoda/CMS_2015_PAS_FSQ_15_007/d05-x01-y01
Title=result_TOT_7
# xlow	 xhigh	 val	 errminus	 errplus
5.000000e-01	1.000000e+00	2.033825e-02	7.080075e-05	7.080075e-05
1.000000e+00	1.500000e+00	6.978345e-02	1.760148e-04	1.760148e-04
1.500000e+00	2.000000e+00	1.166957e-01	3.234963e-04	3.234963e-04
2.000000e+00	2.500000e+00	1.515980e-01	5.004593e-04	5.004593e-04
2.500000e+00	3.000000e+00	1.748427e-01	7.230894e-04	7.230894e-04
3.000000e+00	3.500000e+00	1.922955e-01	9.984605e-04	9.984605e-04
3.500000e+00	4.000000e+00	2.014451e-01	1.311122e-03	1.311122e-03
4.000000e+00	4.500000e+00	2.113100e-01	1.729753e-03	1.729753e-03
4.500000e+00	5.000000e+00	2.189266e-01	2.196457e-03	2.196457e-03
5.000000e+00	6.000000e+00	2.257542e-01	2.094588e-03	2.094588e-03
6.000000e+00	7.000000e+00	2.339481e-01	3.051452e-03	3.051452e-03
7.000000e+00	8.000000e+00	2.380995e-01	4.163883e-03	4.163883e-03
8.000000e+00	1.000000e+01	2.359581e-01	4.312357e-03	4.312357e-03
1.000000e+01	1.200000e+01	2.531486e-01	7.378781e-03	7.378781e-03
1.200000e+01	1.600000e+01	2.580321e-01	8.771902e-03	8.771902e-03
1.600000e+01	2.000000e+01	2.691747e-01	1.732325e-02	1.732325e-02
2.000000e+01	2.400000e+01	3.183099e-01	3.157050e-02	3.157050e-02
2.400000e+01	2.800000e+01	2.712868e-01	3.604057e-02	3.604057e-02
2.800000e+01	3.200000e+01	3.163205e-01	6.418824e-02	6.418824e-02
3.200000e+01	3.600000e+01	5.476802e-01	1.429535e-01	1.429535e-01
3.600000e+01	4.000000e+01	1.193662e-01	4.511619e-02	4.511619e-02
4.000000e+01	5.000000e+01	2.949048e-01	7.529765e-02	7.529765e-02
# END HISTO1D

