# BEGIN PLOT
XTwosidedTicks=1
YTwosidedTicks=1
XMax=24
XLabelSep=4.4
RatioPlotReference=/CMS_2015_PAS_FSQ_15_007/d07-x01-y01
ConnectBins=0
RatioPlot=1
LogY=0
LegendXPos=0.40
XLabel=\large{$p_\text{T}^{\text{max}}$[GeV]}
YLabelSep=5.4
YLabel=\large{$(1/N_\text{events})\; dN_\text{ch}\,/d\eta\, d\phi$}
Title=\large{CMS, 13 TeV, MB, TransDIF charged-particle density}
DrawOnly=/CMS_2015_PAS_FSQ_15_007/d07-x01-y01 //afs/cern.ch/user/m/mdessena/OtherSqrtS/CMSSW_11_2_4/src/Result_pTzero/result_TOT_0.yoda/CMS_2015_PAS_FSQ_15_007/d07-x01-y01 //afs/cern.ch/user/m/mdessena/OtherSqrtS/CMSSW_11_2_4/src/Result_pTzero/result_TOT_1.yoda/CMS_2015_PAS_FSQ_15_007/d07-x01-y01 //afs/cern.ch/user/m/mdessena/OtherSqrtS/CMSSW_11_2_4/src/Result_pTzero/result_TOT_2.yoda/CMS_2015_PAS_FSQ_15_007/d07-x01-y01 //afs/cern.ch/user/m/mdessena/OtherSqrtS/CMSSW_11_2_4/src/Result_pTzero/result_TOT_3.yoda/CMS_2015_PAS_FSQ_15_007/d07-x01-y01 //afs/cern.ch/user/m/mdessena/OtherSqrtS/CMSSW_11_2_4/src/Result_pTzero/result_TOT_4.yoda/CMS_2015_PAS_FSQ_15_007/d07-x01-y01 //afs/cern.ch/user/m/mdessena/OtherSqrtS/CMSSW_11_2_4/src/Result_pTzero/result_TOT_5.yoda/CMS_2015_PAS_FSQ_15_007/d07-x01-y01 //afs/cern.ch/user/m/mdessena/OtherSqrtS/CMSSW_11_2_4/src/Result_pTzero/result_TOT_6.yoda/CMS_2015_PAS_FSQ_15_007/d07-x01-y01 //afs/cern.ch/user/m/mdessena/OtherSqrtS/CMSSW_11_2_4/src/Result_pTzero/result_TOT_7.yoda/CMS_2015_PAS_FSQ_15_007/d07-x01-y01
RatioPlotErrorBandColor=grey!40!yellow!60
LegendYPos=0.50
Legend=1
LegendOnly=/CMS_2015_PAS_FSQ_15_007/d07-x01-y01 //afs/cern.ch/user/m/mdessena/OtherSqrtS/CMSSW_11_2_4/src/Result_pTzero/result_TOT_0.yoda/CMS_2015_PAS_FSQ_15_007/d07-x01-y01 //afs/cern.ch/user/m/mdessena/OtherSqrtS/CMSSW_11_2_4/src/Result_pTzero/result_TOT_1.yoda/CMS_2015_PAS_FSQ_15_007/d07-x01-y01 //afs/cern.ch/user/m/mdessena/OtherSqrtS/CMSSW_11_2_4/src/Result_pTzero/result_TOT_2.yoda/CMS_2015_PAS_FSQ_15_007/d07-x01-y01 //afs/cern.ch/user/m/mdessena/OtherSqrtS/CMSSW_11_2_4/src/Result_pTzero/result_TOT_3.yoda/CMS_2015_PAS_FSQ_15_007/d07-x01-y01 //afs/cern.ch/user/m/mdessena/OtherSqrtS/CMSSW_11_2_4/src/Result_pTzero/result_TOT_4.yoda/CMS_2015_PAS_FSQ_15_007/d07-x01-y01 //afs/cern.ch/user/m/mdessena/OtherSqrtS/CMSSW_11_2_4/src/Result_pTzero/result_TOT_5.yoda/CMS_2015_PAS_FSQ_15_007/d07-x01-y01 //afs/cern.ch/user/m/mdessena/OtherSqrtS/CMSSW_11_2_4/src/Result_pTzero/result_TOT_6.yoda/CMS_2015_PAS_FSQ_15_007/d07-x01-y01 //afs/cern.ch/user/m/mdessena/OtherSqrtS/CMSSW_11_2_4/src/Result_pTzero/result_TOT_7.yoda/CMS_2015_PAS_FSQ_15_007/d07-x01-y01
# END PLOT

# BEGIN HISTO1D /CMS_2015_PAS_FSQ_15_007/d07-x01-y01
ConnectBins=0
ErrorBars=1
Path=/CMS_2015_PAS_FSQ_15_007/d07-x01-y01
PolyMarker=*
Title=Data
# xlow	 xhigh	 val	 errminus	 errplus
5.000000e-01	1.000000e+00	9.463422e-02	4.298400e-04	4.298400e-04
1.000000e+00	1.500000e+00	2.209390e-01	7.234267e-03	7.234267e-03
1.500000e+00	2.000000e+00	3.329997e-01	7.888630e-03	7.888630e-03
2.000000e+00	2.500000e+00	4.187658e-01	8.850288e-03	8.850288e-03
2.500000e+00	3.000000e+00	4.802923e-01	5.797122e-03	5.797122e-03
3.000000e+00	3.500000e+00	5.231474e-01	5.148293e-03	5.148293e-03
3.500000e+00	4.000000e+00	5.530549e-01	1.966626e-03	1.966626e-03
4.000000e+00	4.500000e+00	5.856928e-01	2.324734e-03	2.324734e-03
4.500000e+00	5.000000e+00	5.942578e-01	3.297531e-03	3.297531e-03
5.000000e+00	6.000000e+00	6.087271e-01	7.087455e-03	7.087455e-03
6.000000e+00	7.000000e+00	6.262689e-01	3.818856e-03	3.818856e-03
7.000000e+00	8.000000e+00	6.349226e-01	5.497644e-03	5.497644e-03
8.000000e+00	1.000000e+01	6.456418e-01	7.725139e-03	7.725139e-03
1.000000e+01	1.200000e+01	6.765359e-01	8.721123e-03	8.721123e-03
1.200000e+01	1.600000e+01	6.944970e-01	1.394915e-02	1.394915e-02
1.600000e+01	2.000000e+01	6.939400e-01	1.747243e-02	1.747243e-02
2.000000e+01	2.400000e+01	7.031405e-01	3.001331e-02	3.001331e-02
2.400000e+01	2.800000e+01	7.214712e-01	6.638613e-02	6.638613e-02
2.800000e+01	3.200000e+01	6.147974e-01	8.735718e-02	8.735718e-02
3.200000e+01	3.600000e+01	8.192480e-01	9.639391e-02	9.639391e-02
3.600000e+01	4.000000e+01	9.298633e-01	2.252982e-01	2.252982e-01
4.000000e+01	5.000000e+01	6.768184e-01	3.205687e-01	3.205687e-01
# END HISTO1D


# BEGIN HISTO1D //afs/cern.ch/user/m/mdessena/OtherSqrtS/CMSSW_11_2_4/src/Result_pTzero/result_TOT_0.yoda/CMS_2015_PAS_FSQ_15_007/d07-x01-y01
LineColor=red
LineStyle=solid
Path=//afs/cern.ch/user/m/mdessena/OtherSqrtS/CMSSW_11_2_4/src/Result_pTzero/result_TOT_0.yoda/CMS_2015_PAS_FSQ_15_007/d07-x01-y01
Title=result_TOT_0
# xlow	 xhigh	 val	 errminus	 errplus
5.000000e-01	1.000000e+00	1.002598e-01	1.566379e-04	1.566379e-04
1.000000e+00	1.500000e+00	2.085254e-01	3.074666e-04	3.074666e-04
1.500000e+00	2.000000e+00	2.889039e-01	5.001876e-04	5.001876e-04
2.000000e+00	2.500000e+00	3.430771e-01	7.129375e-04	7.129375e-04
2.500000e+00	3.000000e+00	3.792207e-01	9.787570e-04	9.787570e-04
3.000000e+00	3.500000e+00	4.032597e-01	1.329183e-03	1.329183e-03
3.500000e+00	4.000000e+00	4.147018e-01	1.730709e-03	1.730709e-03
4.000000e+00	4.500000e+00	4.308610e-01	2.264657e-03	2.264657e-03
4.500000e+00	5.000000e+00	4.375702e-01	2.829941e-03	2.829941e-03
5.000000e+00	6.000000e+00	4.451506e-01	2.753545e-03	2.753545e-03
6.000000e+00	7.000000e+00	4.531897e-01	4.004741e-03	4.004741e-03
7.000000e+00	8.000000e+00	4.625739e-01	5.849171e-03	5.849171e-03
8.000000e+00	1.000000e+01	4.725824e-01	6.063434e-03	6.063434e-03
1.000000e+01	1.200000e+01	5.118277e-01	1.059675e-02	1.059675e-02
1.200000e+01	1.600000e+01	5.212376e-01	1.313715e-02	1.313715e-02
1.600000e+01	2.000000e+01	5.467910e-01	2.360551e-02	2.360551e-02
2.000000e+01	2.400000e+01	5.885029e-01	4.065093e-02	4.065093e-02
2.400000e+01	2.800000e+01	6.399356e-01	7.655356e-02	7.655356e-02
2.800000e+01	3.200000e+01	7.453110e-01	1.231479e-01	1.231479e-01
3.200000e+01	3.600000e+01	5.703050e-01	1.222781e-01	1.222781e-01
3.600000e+01	4.000000e+01	8.247120e-01	1.621198e-01	1.621198e-01
4.000000e+01	5.000000e+01	6.746787e-01	1.168892e-01	1.168892e-01
# END HISTO1D


# BEGIN HISTO1D //afs/cern.ch/user/m/mdessena/OtherSqrtS/CMSSW_11_2_4/src/Result_pTzero/result_TOT_1.yoda/CMS_2015_PAS_FSQ_15_007/d07-x01-y01
LineColor=blue
LineStyle=solid
Path=//afs/cern.ch/user/m/mdessena/OtherSqrtS/CMSSW_11_2_4/src/Result_pTzero/result_TOT_1.yoda/CMS_2015_PAS_FSQ_15_007/d07-x01-y01
Title=result_TOT_1
# xlow	 xhigh	 val	 errminus	 errplus
5.000000e-01	1.000000e+00	1.003045e-01	1.590314e-04	1.590314e-04
1.000000e+00	1.500000e+00	2.216513e-01	3.394754e-04	3.394754e-04
1.500000e+00	2.000000e+00	3.308393e-01	5.762866e-04	5.762866e-04
2.000000e+00	2.500000e+00	4.178677e-01	8.143924e-04	8.143924e-04
2.500000e+00	3.000000e+00	4.765102e-01	1.092274e-03	1.092274e-03
3.000000e+00	3.500000e+00	5.178002e-01	1.445614e-03	1.445614e-03
3.500000e+00	4.000000e+00	5.377111e-01	1.897120e-03	1.897120e-03
4.000000e+00	4.500000e+00	5.557428e-01	2.454001e-03	2.454001e-03
4.500000e+00	5.000000e+00	5.614104e-01	3.109083e-03	3.109083e-03
5.000000e+00	6.000000e+00	5.684311e-01	3.054705e-03	3.054705e-03
6.000000e+00	7.000000e+00	5.794460e-01	4.592732e-03	4.592732e-03
7.000000e+00	8.000000e+00	5.669806e-01	6.208192e-03	6.208192e-03
8.000000e+00	1.000000e+01	5.823026e-01	6.837587e-03	6.837587e-03
1.000000e+01	1.200000e+01	5.871252e-01	1.134851e-02	1.134851e-02
1.200000e+01	1.600000e+01	6.221006e-01	1.481414e-02	1.481414e-02
1.600000e+01	2.000000e+01	6.751249e-01	2.544075e-02	2.544075e-02
2.000000e+01	2.400000e+01	6.192122e-01	4.653446e-02	4.653446e-02
2.400000e+01	2.800000e+01	7.599089e-01	6.761025e-02	6.761025e-02
2.800000e+01	3.200000e+01	9.172350e-01	1.271844e-01	1.271844e-01
3.200000e+01	3.600000e+01	6.843660e-01	1.207602e-01	1.207602e-01
3.600000e+01	4.000000e+01	5.797787e-01	1.635601e-01	1.635601e-01
4.000000e+01	5.000000e+01	8.753520e-01	1.311047e-01	1.311047e-01
# END HISTO1D


# BEGIN HISTO1D //afs/cern.ch/user/m/mdessena/OtherSqrtS/CMSSW_11_2_4/src/Result_pTzero/result_TOT_2.yoda/CMS_2015_PAS_FSQ_15_007/d07-x01-y01
LineColor=green
LineStyle=solid
Path=//afs/cern.ch/user/m/mdessena/OtherSqrtS/CMSSW_11_2_4/src/Result_pTzero/result_TOT_2.yoda/CMS_2015_PAS_FSQ_15_007/d07-x01-y01
Title=result_TOT_2
# xlow	 xhigh	 val	 errminus	 errplus
5.000000e-01	1.000000e+00	1.002011e-01	1.583708e-04	1.583708e-04
1.000000e+00	1.500000e+00	2.143632e-01	3.214480e-04	3.214480e-04
1.500000e+00	2.000000e+00	3.072063e-01	5.305881e-04	5.305881e-04
2.000000e+00	2.500000e+00	3.732966e-01	7.483971e-04	7.483971e-04
2.500000e+00	3.000000e+00	4.177320e-01	1.014528e-03	1.014528e-03
3.000000e+00	3.500000e+00	4.456468e-01	1.356015e-03	1.356015e-03
3.500000e+00	4.000000e+00	4.651788e-01	1.812333e-03	1.812333e-03
4.000000e+00	4.500000e+00	4.759598e-01	2.312031e-03	2.312031e-03
4.500000e+00	5.000000e+00	4.857032e-01	2.987707e-03	2.987707e-03
5.000000e+00	6.000000e+00	4.945623e-01	2.862245e-03	2.862245e-03
6.000000e+00	7.000000e+00	4.977131e-01	4.143241e-03	4.143241e-03
7.000000e+00	8.000000e+00	5.081585e-01	5.839264e-03	5.839264e-03
8.000000e+00	1.000000e+01	5.192451e-01	6.334693e-03	6.334693e-03
1.000000e+01	1.200000e+01	5.418410e-01	1.113045e-02	1.113045e-02
1.200000e+01	1.600000e+01	5.635779e-01	1.370838e-02	1.370838e-02
1.600000e+01	2.000000e+01	5.889747e-01	2.681674e-02	2.681674e-02
2.000000e+01	2.400000e+01	6.504383e-01	4.792807e-02	4.792807e-02
2.400000e+01	2.800000e+01	5.831891e-01	7.248535e-02	7.248535e-02
2.800000e+01	3.200000e+01	6.606781e-01	9.327189e-02	9.327189e-02
3.200000e+01	3.600000e+01	6.684507e-01	1.965879e-01	1.965879e-01
3.600000e+01	4.000000e+01	4.575705e-01	1.567632e-01	1.567632e-01
4.000000e+01	5.000000e+01	6.764087e-01	1.184480e-01	1.184480e-01
# END HISTO1D


# BEGIN HISTO1D //afs/cern.ch/user/m/mdessena/OtherSqrtS/CMSSW_11_2_4/src/Result_pTzero/result_TOT_3.yoda/CMS_2015_PAS_FSQ_15_007/d07-x01-y01
LineColor=orange
LineStyle=solid
Path=//afs/cern.ch/user/m/mdessena/OtherSqrtS/CMSSW_11_2_4/src/Result_pTzero/result_TOT_3.yoda/CMS_2015_PAS_FSQ_15_007/d07-x01-y01
Title=result_TOT_3
# xlow	 xhigh	 val	 errminus	 errplus
5.000000e-01	1.000000e+00	9.898651e-02	1.489792e-04	1.489792e-04
1.000000e+00	1.500000e+00	1.907171e-01	2.761332e-04	2.761332e-04
1.500000e+00	2.000000e+00	2.456564e-01	4.515438e-04	4.515438e-04
2.000000e+00	2.500000e+00	2.782698e-01	6.530988e-04	6.530988e-04
2.500000e+00	3.000000e+00	2.998718e-01	9.085061e-04	9.085061e-04
3.000000e+00	3.500000e+00	3.149428e-01	1.229194e-03	1.229194e-03
3.500000e+00	4.000000e+00	3.261714e-01	1.603895e-03	1.603895e-03
4.000000e+00	4.500000e+00	3.337755e-01	2.058672e-03	2.058672e-03
4.500000e+00	5.000000e+00	3.392744e-01	2.620031e-03	2.620031e-03
5.000000e+00	6.000000e+00	3.540622e-01	2.511620e-03	2.511620e-03
6.000000e+00	7.000000e+00	3.666843e-01	3.652330e-03	3.652330e-03
7.000000e+00	8.000000e+00	3.633161e-01	5.039838e-03	5.039838e-03
8.000000e+00	1.000000e+01	3.814508e-01	5.496602e-03	5.496602e-03
1.000000e+01	1.200000e+01	3.965405e-01	9.170444e-03	9.170444e-03
1.200000e+01	1.600000e+01	4.349138e-01	1.180726e-02	1.180726e-02
1.600000e+01	2.000000e+01	4.751069e-01	2.591447e-02	2.591447e-02
2.000000e+01	2.400000e+01	5.361904e-01	4.368560e-02	4.368560e-02
2.400000e+01	2.800000e+01	4.634218e-01	5.336019e-02	5.336019e-02
2.800000e+01	3.200000e+01	5.208706e-01	9.434130e-02	9.434130e-02
3.200000e+01	3.600000e+01	5.654189e-01	1.404794e-01	1.404794e-01
3.600000e+01	4.000000e+01	3.751509e-01	6.484711e-02	6.484711e-02
4.000000e+01	5.000000e+01	8.814738e-01	1.975022e-01	1.975022e-01
# END HISTO1D


# BEGIN HISTO1D //afs/cern.ch/user/m/mdessena/OtherSqrtS/CMSSW_11_2_4/src/Result_pTzero/result_TOT_4.yoda/CMS_2015_PAS_FSQ_15_007/d07-x01-y01
LineColor=lilac
LineStyle=solid
Path=//afs/cern.ch/user/m/mdessena/OtherSqrtS/CMSSW_11_2_4/src/Result_pTzero/result_TOT_4.yoda/CMS_2015_PAS_FSQ_15_007/d07-x01-y01
Title=result_TOT_4
# xlow	 xhigh	 val	 errminus	 errplus
5.000000e-01	1.000000e+00	1.048938e-01	1.626032e-04	1.626032e-04
1.000000e+00	1.500000e+00	2.390828e-01	3.774189e-04	3.774189e-04
1.500000e+00	2.000000e+00	3.760629e-01	6.955396e-04	6.955396e-04
2.000000e+00	2.500000e+00	5.039929e-01	1.016654e-03	1.016654e-03
2.500000e+00	3.000000e+00	6.228228e-01	1.359107e-03	1.359107e-03
3.000000e+00	3.500000e+00	7.110165e-01	1.713098e-03	1.713098e-03
3.500000e+00	4.000000e+00	7.688100e-01	2.193256e-03	2.193256e-03
4.000000e+00	4.500000e+00	8.015399e-01	2.833221e-03	2.833221e-03
4.500000e+00	5.000000e+00	8.119418e-01	3.586533e-03	3.586533e-03
5.000000e+00	6.000000e+00	8.123067e-01	3.593424e-03	3.593424e-03
6.000000e+00	7.000000e+00	8.129694e-01	5.585922e-03	5.585922e-03
7.000000e+00	8.000000e+00	8.344787e-01	8.009459e-03	8.009459e-03
8.000000e+00	1.000000e+01	8.182337e-01	8.811204e-03	8.811204e-03
1.000000e+01	1.200000e+01	8.040422e-01	1.419763e-02	1.419763e-02
1.200000e+01	1.600000e+01	8.535461e-01	1.883097e-02	1.883097e-02
1.600000e+01	2.000000e+01	8.240649e-01	3.414591e-02	3.414591e-02
2.000000e+01	2.400000e+01	8.420505e-01	5.329120e-02	5.329120e-02
2.400000e+01	2.800000e+01	9.131515e-01	9.737955e-02	9.737955e-02
2.800000e+01	3.200000e+01	8.253320e-01	1.346720e-01	1.346720e-01
3.200000e+01	3.600000e+01	1.002676e+00	2.478791e-01	2.478791e-01
3.600000e+01	4.000000e+01	7.161972e-01	1.509877e-01	1.509877e-01
4.000000e+01	5.000000e+01	5.570423e-01	1.006583e-01	1.006583e-01
# END HISTO1D


# BEGIN HISTO1D //afs/cern.ch/user/m/mdessena/OtherSqrtS/CMSSW_11_2_4/src/Result_pTzero/result_TOT_5.yoda/CMS_2015_PAS_FSQ_15_007/d07-x01-y01
LineColor=red
LineStyle=dashed
Path=//afs/cern.ch/user/m/mdessena/OtherSqrtS/CMSSW_11_2_4/src/Result_pTzero/result_TOT_5.yoda/CMS_2015_PAS_FSQ_15_007/d07-x01-y01
Title=result_TOT_5
# xlow	 xhigh	 val	 errminus	 errplus
5.000000e-01	1.000000e+00	1.018489e-01	1.603322e-04	1.603322e-04
1.000000e+00	1.500000e+00	2.294349e-01	3.594941e-04	3.594941e-04
1.500000e+00	2.000000e+00	3.538464e-01	6.390159e-04	6.390159e-04
2.000000e+00	2.500000e+00	4.622940e-01	9.089003e-04	9.089003e-04
2.500000e+00	3.000000e+00	5.528868e-01	1.212963e-03	1.212963e-03
3.000000e+00	3.500000e+00	6.160644e-01	1.587123e-03	1.587123e-03
3.500000e+00	4.000000e+00	6.521028e-01	2.049344e-03	2.049344e-03
4.000000e+00	4.500000e+00	6.773437e-01	2.648767e-03	2.648767e-03
4.500000e+00	5.000000e+00	6.903883e-01	3.416454e-03	3.416454e-03
5.000000e+00	6.000000e+00	6.878697e-01	3.330005e-03	3.330005e-03
6.000000e+00	7.000000e+00	6.936800e-01	5.038141e-03	5.038141e-03
7.000000e+00	8.000000e+00	6.942671e-01	7.191716e-03	7.191716e-03
8.000000e+00	1.000000e+01	7.014012e-01	7.675156e-03	7.675156e-03
1.000000e+01	1.200000e+01	7.134787e-01	1.341622e-02	1.341622e-02
1.200000e+01	1.600000e+01	7.106151e-01	1.503474e-02	1.503474e-02
1.600000e+01	2.000000e+01	7.247413e-01	2.792405e-02	2.792405e-02
2.000000e+01	2.400000e+01	8.093291e-01	4.781207e-02	4.781207e-02
2.400000e+01	2.800000e+01	8.266110e-01	7.512786e-02	7.512786e-02
2.800000e+01	3.200000e+01	8.399844e-01	9.117908e-02	9.117908e-02
3.200000e+01	3.600000e+01	7.379000e-01	1.064278e-01	1.064278e-01
3.600000e+01	4.000000e+01	7.002820e-01	1.387479e-01	1.387479e-01
4.000000e+01	5.000000e+01	9.250881e-01	2.167026e-01	2.167026e-01
# END HISTO1D


# BEGIN HISTO1D //afs/cern.ch/user/m/mdessena/OtherSqrtS/CMSSW_11_2_4/src/Result_pTzero/result_TOT_6.yoda/CMS_2015_PAS_FSQ_15_007/d07-x01-y01
LineColor=blue
LineStyle=dashed
Path=//afs/cern.ch/user/m/mdessena/OtherSqrtS/CMSSW_11_2_4/src/Result_pTzero/result_TOT_6.yoda/CMS_2015_PAS_FSQ_15_007/d07-x01-y01
Title=result_TOT_6
# xlow	 xhigh	 val	 errminus	 errplus
5.000000e-01	1.000000e+00	9.960719e-02	1.535457e-04	1.535457e-04
1.000000e+00	1.500000e+00	2.016813e-01	2.938642e-04	2.938642e-04
1.500000e+00	2.000000e+00	2.697744e-01	4.758288e-04	4.758288e-04
2.000000e+00	2.500000e+00	3.139523e-01	6.836319e-04	6.836319e-04
2.500000e+00	3.000000e+00	3.416953e-01	9.460217e-04	9.460217e-04
3.000000e+00	3.500000e+00	3.599273e-01	1.277656e-03	1.277656e-03
3.500000e+00	4.000000e+00	3.744381e-01	1.675495e-03	1.675495e-03
4.000000e+00	4.500000e+00	3.826211e-01	2.142340e-03	2.142340e-03
4.500000e+00	5.000000e+00	3.911928e-01	2.761673e-03	2.761673e-03
5.000000e+00	6.000000e+00	4.004368e-01	2.644315e-03	2.644315e-03
6.000000e+00	7.000000e+00	4.164432e-01	3.928050e-03	3.928050e-03
7.000000e+00	8.000000e+00	4.231760e-01	5.432831e-03	5.432831e-03
8.000000e+00	1.000000e+01	4.347276e-01	5.833931e-03	5.833931e-03
1.000000e+01	1.200000e+01	4.558715e-01	9.682282e-03	9.682282e-03
1.200000e+01	1.600000e+01	4.843590e-01	1.259173e-02	1.259173e-02
1.600000e+01	2.000000e+01	4.984644e-01	2.360723e-02	2.360723e-02
2.000000e+01	2.400000e+01	4.844047e-01	3.737429e-02	3.737429e-02
2.400000e+01	2.800000e+01	5.080715e-01	5.359668e-02	5.359668e-02
2.800000e+01	3.200000e+01	6.744190e-01	1.205502e-01	1.205502e-01
3.200000e+01	3.600000e+01	5.501226e-01	1.022758e-01	1.022758e-01
3.600000e+01	4.000000e+01	1.217535e+00	4.336060e-01	4.336060e-01
4.000000e+01	5.000000e+01	5.898094e-01	1.677105e-01	1.677105e-01
# END HISTO1D


# BEGIN HISTO1D //afs/cern.ch/user/m/mdessena/OtherSqrtS/CMSSW_11_2_4/src/Result_pTzero/result_TOT_7.yoda/CMS_2015_PAS_FSQ_15_007/d07-x01-y01
LineColor=green
LineStyle=dashed
Path=//afs/cern.ch/user/m/mdessena/OtherSqrtS/CMSSW_11_2_4/src/Result_pTzero/result_TOT_7.yoda/CMS_2015_PAS_FSQ_15_007/d07-x01-y01
Title=result_TOT_7
# xlow	 xhigh	 val	 errminus	 errplus
5.000000e-01	1.000000e+00	9.896891e-02	1.496748e-04	1.496748e-04
1.000000e+00	1.500000e+00	1.917267e-01	2.782315e-04	2.782315e-04
1.500000e+00	2.000000e+00	2.475095e-01	4.501141e-04	4.501141e-04
2.000000e+00	2.500000e+00	2.829168e-01	6.566053e-04	6.566053e-04
2.500000e+00	3.000000e+00	3.057938e-01	9.144182e-04	9.144182e-04
3.000000e+00	3.500000e+00	3.196612e-01	1.231677e-03	1.231677e-03
3.500000e+00	4.000000e+00	3.320569e-01	1.619496e-03	1.619496e-03
4.000000e+00	4.500000e+00	3.367581e-01	2.084209e-03	2.084209e-03
4.500000e+00	5.000000e+00	3.451199e-01	2.630188e-03	2.630188e-03
5.000000e+00	6.000000e+00	3.540458e-01	2.517364e-03	2.517364e-03
6.000000e+00	7.000000e+00	3.686908e-01	3.694786e-03	3.694786e-03
7.000000e+00	8.000000e+00	3.777188e-01	5.123179e-03	5.123179e-03
8.000000e+00	1.000000e+01	4.001918e-01	5.507931e-03	5.507931e-03
1.000000e+01	1.200000e+01	4.304103e-01	9.516530e-03	9.516530e-03
1.200000e+01	1.600000e+01	4.283236e-01	1.088398e-02	1.088398e-02
1.600000e+01	2.000000e+01	4.614425e-01	2.152018e-02	2.152018e-02
2.000000e+01	2.400000e+01	5.495350e-01	4.242876e-02	4.242876e-02
2.400000e+01	2.800000e+01	5.678938e-01	7.483369e-02	7.483369e-02
2.800000e+01	3.200000e+01	7.878170e-01	1.058019e-01	1.058019e-01
3.200000e+01	3.600000e+01	2.949048e-01	5.230928e-02	5.230928e-02
3.600000e+01	4.000000e+01	5.968310e-01	1.626688e-01	1.626688e-01
4.000000e+01	5.000000e+01	6.319388e-01	1.227263e-01	1.227263e-01
# END HISTO1D

