# BEGIN PLOT
XTwosidedTicks=1
YTwosidedTicks=1
XMax=52
XLabelSep=4.4
RatioPlotReference=/CMS_2015_PAS_FSQ_15_007/d10-x01-y01
ConnectBins=0
RatioPlot=1
LogY=0
LegendXPos=0.40
XLabel=\large{$p_\text{T}^{\text{jet}}$[GeV]}
YLabelSep=5.4
YLabel=\large{$(1/N_\text{events})\; dp_\text{T}^{\text{sum}}\,/d\eta\, d\phi$}
Title=\large{CMS, 13 TeV, MB, TransMAX charged $p_\text{T}^{\text{sum}}$ density}
DrawOnly=/CMS_2015_PAS_FSQ_15_007/d10-x01-y01 //afs/cern.ch/user/m/mdessena/OtherSqrtS/CMSSW_11_2_4/src/Result_pTzero/result_TOT_0.yoda/CMS_2015_PAS_FSQ_15_007/d10-x01-y01 //afs/cern.ch/user/m/mdessena/OtherSqrtS/CMSSW_11_2_4/src/Result_pTzero/result_TOT_1.yoda/CMS_2015_PAS_FSQ_15_007/d10-x01-y01 //afs/cern.ch/user/m/mdessena/OtherSqrtS/CMSSW_11_2_4/src/Result_pTzero/result_TOT_2.yoda/CMS_2015_PAS_FSQ_15_007/d10-x01-y01 //afs/cern.ch/user/m/mdessena/OtherSqrtS/CMSSW_11_2_4/src/Result_pTzero/result_TOT_3.yoda/CMS_2015_PAS_FSQ_15_007/d10-x01-y01 //afs/cern.ch/user/m/mdessena/OtherSqrtS/CMSSW_11_2_4/src/Result_pTzero/result_TOT_4.yoda/CMS_2015_PAS_FSQ_15_007/d10-x01-y01 //afs/cern.ch/user/m/mdessena/OtherSqrtS/CMSSW_11_2_4/src/Result_pTzero/result_TOT_5.yoda/CMS_2015_PAS_FSQ_15_007/d10-x01-y01 //afs/cern.ch/user/m/mdessena/OtherSqrtS/CMSSW_11_2_4/src/Result_pTzero/result_TOT_6.yoda/CMS_2015_PAS_FSQ_15_007/d10-x01-y01 //afs/cern.ch/user/m/mdessena/OtherSqrtS/CMSSW_11_2_4/src/Result_pTzero/result_TOT_7.yoda/CMS_2015_PAS_FSQ_15_007/d10-x01-y01
RatioPlotErrorBandColor=grey!40!yellow!60
LegendYPos=0.50
Legend=1
LegendOnly=/CMS_2015_PAS_FSQ_15_007/d10-x01-y01 //afs/cern.ch/user/m/mdessena/OtherSqrtS/CMSSW_11_2_4/src/Result_pTzero/result_TOT_0.yoda/CMS_2015_PAS_FSQ_15_007/d10-x01-y01 //afs/cern.ch/user/m/mdessena/OtherSqrtS/CMSSW_11_2_4/src/Result_pTzero/result_TOT_1.yoda/CMS_2015_PAS_FSQ_15_007/d10-x01-y01 //afs/cern.ch/user/m/mdessena/OtherSqrtS/CMSSW_11_2_4/src/Result_pTzero/result_TOT_2.yoda/CMS_2015_PAS_FSQ_15_007/d10-x01-y01 //afs/cern.ch/user/m/mdessena/OtherSqrtS/CMSSW_11_2_4/src/Result_pTzero/result_TOT_3.yoda/CMS_2015_PAS_FSQ_15_007/d10-x01-y01 //afs/cern.ch/user/m/mdessena/OtherSqrtS/CMSSW_11_2_4/src/Result_pTzero/result_TOT_4.yoda/CMS_2015_PAS_FSQ_15_007/d10-x01-y01 //afs/cern.ch/user/m/mdessena/OtherSqrtS/CMSSW_11_2_4/src/Result_pTzero/result_TOT_5.yoda/CMS_2015_PAS_FSQ_15_007/d10-x01-y01 //afs/cern.ch/user/m/mdessena/OtherSqrtS/CMSSW_11_2_4/src/Result_pTzero/result_TOT_6.yoda/CMS_2015_PAS_FSQ_15_007/d10-x01-y01 //afs/cern.ch/user/m/mdessena/OtherSqrtS/CMSSW_11_2_4/src/Result_pTzero/result_TOT_7.yoda/CMS_2015_PAS_FSQ_15_007/d10-x01-y01
# END PLOT

# BEGIN HISTO1D /CMS_2015_PAS_FSQ_15_007/d10-x01-y01
ConnectBins=0
ErrorBars=1
Path=/CMS_2015_PAS_FSQ_15_007/d10-x01-y01
PolyMarker=*
Title=Data
# xlow	 xhigh	 val	 errminus	 errplus
5.000000e-01	1.000000e+00	0.000000e+00	0.000000e+00	0.000000e+00
1.000000e+00	1.500000e+00	1.355405e-01	3.631005e-03	3.631005e-03
1.500000e+00	2.000000e+00	2.461740e-01	5.022384e-03	5.022384e-03
2.000000e+00	2.500000e+00	3.766492e-01	6.033158e-03	6.033158e-03
2.500000e+00	3.000000e+00	5.172530e-01	5.869091e-03	5.869091e-03
3.000000e+00	3.500000e+00	6.535431e-01	5.549870e-03	5.549870e-03
3.500000e+00	4.000000e+00	7.882106e-01	9.187464e-03	9.187464e-03
4.000000e+00	4.500000e+00	9.130656e-01	1.604957e-02	1.604957e-02
4.500000e+00	5.000000e+00	1.035276e+00	2.391716e-02	2.391716e-02
5.000000e+00	6.000000e+00	1.173328e+00	4.434382e-02	4.434382e-02
6.000000e+00	7.000000e+00	1.347946e+00	5.016877e-02	5.016877e-02
7.000000e+00	8.000000e+00	1.494035e+00	5.550498e-02	5.550498e-02
8.000000e+00	9.000000e+00	1.611981e+00	5.938969e-02	5.938969e-02
9.000000e+00	1.000000e+01	1.708811e+00	6.307882e-02	6.307882e-02
1.000000e+01	1.200000e+01	1.794389e+00	6.616756e-02	6.616756e-02
1.200000e+01	1.400000e+01	1.899719e+00	7.033719e-02	7.033719e-02
1.400000e+01	1.600000e+01	2.001375e+00	7.451377e-02	7.451377e-02
1.600000e+01	1.800000e+01	2.056505e+00	7.740109e-02	7.740109e-02
1.800000e+01	2.000000e+01	2.025164e+00	7.788846e-02	7.788846e-02
2.000000e+01	2.400000e+01	2.076251e+00	8.135146e-02	8.135146e-02
2.400000e+01	2.800000e+01	2.185308e+00	9.119467e-02	9.119467e-02
2.800000e+01	3.200000e+01	2.190212e+00	1.043058e-01	1.043058e-01
3.200000e+01	3.600000e+01	2.322575e+00	1.435498e-01	1.435498e-01
3.600000e+01	4.000000e+01	2.379597e+00	1.908252e-01	1.908252e-01
4.000000e+01	4.400000e+01	2.512066e+00	2.305982e-01	2.305982e-01
4.400000e+01	4.800000e+01	2.050937e+00	2.966287e-01	2.966287e-01
4.800000e+01	5.200000e+01	2.590848e+00	5.320739e-01	5.320739e-01
5.200000e+01	5.600000e+01	2.098569e+00	4.224310e-01	4.224310e-01
5.600000e+01	6.000000e+01	2.619318e+00	4.543077e-01	4.543077e-01
6.000000e+01	6.400000e+01	2.995445e+00	5.374462e-01	5.374462e-01
6.400000e+01	6.800000e+01	1.609036e+00	6.084965e-01	6.084965e-01
6.800000e+01	7.200000e+01	1.828369e+00	3.610003e-01	3.610003e-01
7.200000e+01	8.000000e+01	3.023138e+00	1.033543e+00	1.033543e+00
# END HISTO1D


# BEGIN HISTO1D //afs/cern.ch/user/m/mdessena/OtherSqrtS/CMSSW_11_2_4/src/Result_pTzero/result_TOT_0.yoda/CMS_2015_PAS_FSQ_15_007/d10-x01-y01
LineColor=red
LineStyle=solid
Path=//afs/cern.ch/user/m/mdessena/OtherSqrtS/CMSSW_11_2_4/src/Result_pTzero/result_TOT_0.yoda/CMS_2015_PAS_FSQ_15_007/d10-x01-y01
Title=result_TOT_0
# xlow	 xhigh	 val	 errminus	 errplus
5.000000e-01	1.000000e+00	nan	nan	nan
1.000000e+00	1.500000e+00	1.324312e-01	2.113422e-04	2.113422e-04
1.500000e+00	2.000000e+00	2.207262e-01	3.688042e-04	3.688042e-04
2.000000e+00	2.500000e+00	3.077986e-01	5.730258e-04	5.730258e-04
2.500000e+00	3.000000e+00	3.828192e-01	8.100718e-04	8.100718e-04
3.000000e+00	3.500000e+00	4.525831e-01	1.071708e-03	1.071708e-03
3.500000e+00	4.000000e+00	5.135306e-01	1.355652e-03	1.355652e-03
4.000000e+00	4.500000e+00	5.685617e-01	1.665477e-03	1.665477e-03
4.500000e+00	5.000000e+00	6.220057e-01	2.024577e-03	2.024577e-03
5.000000e+00	6.000000e+00	6.801041e-01	1.840250e-03	1.840250e-03
6.000000e+00	7.000000e+00	7.542006e-01	2.506700e-03	2.506700e-03
7.000000e+00	8.000000e+00	8.087352e-01	3.245724e-03	3.245724e-03
8.000000e+00	9.000000e+00	8.568264e-01	4.206616e-03	4.206616e-03
9.000000e+00	1.000000e+01	8.965414e-01	5.342387e-03	5.342387e-03
1.000000e+01	1.200000e+01	9.480851e-01	5.116480e-03	5.116480e-03
1.200000e+01	1.400000e+01	1.010784e+00	7.720791e-03	7.720791e-03
1.400000e+01	1.600000e+01	1.061122e+00	1.102122e-02	1.102122e-02
1.600000e+01	1.800000e+01	1.093883e+00	1.504704e-02	1.504704e-02
1.800000e+01	2.000000e+01	1.128735e+00	1.981430e-02	1.981430e-02
2.000000e+01	2.400000e+01	1.171335e+00	2.077287e-02	2.077287e-02
2.400000e+01	2.800000e+01	1.277973e+00	3.314132e-02	3.314132e-02
2.800000e+01	3.200000e+01	1.236982e+00	4.648235e-02	4.648235e-02
3.200000e+01	3.600000e+01	1.277796e+00	6.166091e-02	6.166091e-02
3.600000e+01	4.000000e+01	1.458983e+00	1.025920e-01	1.025920e-01
4.000000e+01	4.400000e+01	1.502717e+00	1.203453e-01	1.203453e-01
4.400000e+01	4.800000e+01	1.898838e+00	2.087162e-01	2.087162e-01
4.800000e+01	5.200000e+01	1.763525e+00	2.644546e-01	2.644546e-01
5.200000e+01	5.600000e+01	1.652206e+00	3.283334e-01	3.283334e-01
5.600000e+01	6.000000e+01	1.839374e+00	2.934958e-01	2.934958e-01
6.000000e+01	6.400000e+01	2.198691e+00	3.656512e-01	3.656512e-01
6.400000e+01	6.800000e+01	9.489464e-01	1.694417e-01	1.694417e-01
6.800000e+01	7.200000e+01	3.087160e+00	7.141461e-01	7.141461e-01
7.200000e+01	8.000000e+01	2.476390e+00	5.559913e-01	5.559913e-01
# END HISTO1D


# BEGIN HISTO1D //afs/cern.ch/user/m/mdessena/OtherSqrtS/CMSSW_11_2_4/src/Result_pTzero/result_TOT_1.yoda/CMS_2015_PAS_FSQ_15_007/d10-x01-y01
LineColor=blue
LineStyle=solid
Path=//afs/cern.ch/user/m/mdessena/OtherSqrtS/CMSSW_11_2_4/src/Result_pTzero/result_TOT_1.yoda/CMS_2015_PAS_FSQ_15_007/d10-x01-y01
Title=result_TOT_1
# xlow	 xhigh	 val	 errminus	 errplus
5.000000e-01	1.000000e+00	nan	nan	nan
1.000000e+00	1.500000e+00	1.358560e-01	2.217144e-04	2.217144e-04
1.500000e+00	2.000000e+00	2.391615e-01	4.088158e-04	4.088158e-04
2.000000e+00	2.500000e+00	3.545321e-01	6.664525e-04	6.664525e-04
2.500000e+00	3.000000e+00	4.692718e-01	9.627239e-04	9.627239e-04
3.000000e+00	3.500000e+00	5.837477e-01	1.291395e-03	1.291395e-03
3.500000e+00	4.000000e+00	6.998340e-01	1.648941e-03	1.648941e-03
4.000000e+00	4.500000e+00	8.041245e-01	2.016038e-03	2.016038e-03
4.500000e+00	5.000000e+00	9.072779e-01	2.436846e-03	2.436846e-03
5.000000e+00	6.000000e+00	1.026440e+00	2.176207e-03	2.176207e-03
6.000000e+00	7.000000e+00	1.169698e+00	2.910703e-03	2.910703e-03
7.000000e+00	8.000000e+00	1.283997e+00	3.801919e-03	3.801919e-03
8.000000e+00	9.000000e+00	1.370251e+00	4.875804e-03	4.875804e-03
9.000000e+00	1.000000e+01	1.448133e+00	6.123180e-03	6.123180e-03
1.000000e+01	1.200000e+01	1.500149e+00	5.888852e-03	5.888852e-03
1.200000e+01	1.400000e+01	1.585280e+00	8.744551e-03	8.744551e-03
1.400000e+01	1.600000e+01	1.614709e+00	1.227885e-02	1.227885e-02
1.600000e+01	1.800000e+01	1.650900e+00	1.616664e-02	1.616664e-02
1.800000e+01	2.000000e+01	1.666112e+00	2.222788e-02	2.222788e-02
2.000000e+01	2.400000e+01	1.679581e+00	2.213190e-02	2.213190e-02
2.400000e+01	2.800000e+01	1.748743e+00	3.454159e-02	3.454159e-02
2.800000e+01	3.200000e+01	1.764124e+00	5.370052e-02	5.370052e-02
3.200000e+01	3.600000e+01	1.878587e+00	7.306074e-02	7.306074e-02
3.600000e+01	4.000000e+01	1.965336e+00	1.108744e-01	1.108744e-01
4.000000e+01	4.400000e+01	1.832431e+00	1.193303e-01	1.193303e-01
4.400000e+01	4.800000e+01	1.897240e+00	1.814006e-01	1.814006e-01
4.800000e+01	5.200000e+01	1.926158e+00	2.292397e-01	2.292397e-01
5.200000e+01	5.600000e+01	2.436062e+00	3.431376e-01	3.431376e-01
5.600000e+01	6.000000e+01	1.759568e+00	2.935917e-01	2.935917e-01
6.000000e+01	6.400000e+01	2.577239e+00	4.499993e-01	4.499993e-01
6.400000e+01	6.800000e+01	1.936978e+00	3.019845e-01	3.019845e-01
6.800000e+01	7.200000e+01	2.074057e+00	4.254976e-01	4.254976e-01
7.200000e+01	8.000000e+01	2.965794e+00	5.738005e-01	5.738005e-01
# END HISTO1D


# BEGIN HISTO1D //afs/cern.ch/user/m/mdessena/OtherSqrtS/CMSSW_11_2_4/src/Result_pTzero/result_TOT_2.yoda/CMS_2015_PAS_FSQ_15_007/d10-x01-y01
LineColor=green
LineStyle=solid
Path=//afs/cern.ch/user/m/mdessena/OtherSqrtS/CMSSW_11_2_4/src/Result_pTzero/result_TOT_2.yoda/CMS_2015_PAS_FSQ_15_007/d10-x01-y01
Title=result_TOT_2
# xlow	 xhigh	 val	 errminus	 errplus
5.000000e-01	1.000000e+00	nan	nan	nan
1.000000e+00	1.500000e+00	1.338089e-01	2.164897e-04	2.164897e-04
1.500000e+00	2.000000e+00	2.300350e-01	3.888111e-04	3.888111e-04
2.000000e+00	2.500000e+00	3.290117e-01	6.121837e-04	6.121837e-04
2.500000e+00	3.000000e+00	4.203183e-01	8.691050e-04	8.691050e-04
3.000000e+00	3.500000e+00	5.085711e-01	1.153662e-03	1.153662e-03
3.500000e+00	4.000000e+00	5.876099e-01	1.450814e-03	1.450814e-03
4.000000e+00	4.500000e+00	6.622879e-01	1.792881e-03	1.792881e-03
4.500000e+00	5.000000e+00	7.267093e-01	2.153948e-03	2.153948e-03
5.000000e+00	6.000000e+00	8.112999e-01	1.950050e-03	1.950050e-03
6.000000e+00	7.000000e+00	9.100444e-01	2.651367e-03	2.651367e-03
7.000000e+00	8.000000e+00	9.840133e-01	3.467110e-03	3.467110e-03
8.000000e+00	9.000000e+00	1.042971e+00	4.453976e-03	4.453976e-03
9.000000e+00	1.000000e+01	1.097042e+00	5.677653e-03	5.677653e-03
1.000000e+01	1.200000e+01	1.144090e+00	5.437387e-03	5.437387e-03
1.200000e+01	1.400000e+01	1.197466e+00	7.969862e-03	7.969862e-03
1.400000e+01	1.600000e+01	1.227728e+00	1.093560e-02	1.093560e-02
1.600000e+01	1.800000e+01	1.257409e+00	1.572395e-02	1.572395e-02
1.800000e+01	2.000000e+01	1.255575e+00	1.990884e-02	1.990884e-02
2.000000e+01	2.400000e+01	1.374506e+00	2.164991e-02	2.164991e-02
2.400000e+01	2.800000e+01	1.416333e+00	3.388102e-02	3.388102e-02
2.800000e+01	3.200000e+01	1.458274e+00	5.013216e-02	5.013216e-02
3.200000e+01	3.600000e+01	1.482047e+00	6.755680e-02	6.755680e-02
3.600000e+01	4.000000e+01	1.487563e+00	1.043431e-01	1.043431e-01
4.000000e+01	4.400000e+01	1.785044e+00	1.317623e-01	1.317623e-01
4.400000e+01	4.800000e+01	1.845911e+00	2.061938e-01	2.061938e-01
4.800000e+01	5.200000e+01	1.730967e+00	1.907235e-01	1.907235e-01
5.200000e+01	5.600000e+01	1.619574e+00	2.199616e-01	2.199616e-01
5.600000e+01	6.000000e+01	1.819827e+00	2.088526e-01	2.088526e-01
6.000000e+01	6.400000e+01	1.797150e+00	3.682134e-01	3.682134e-01
6.400000e+01	6.800000e+01	1.884680e+00	5.192269e-01	5.192269e-01
6.800000e+01	7.200000e+01	2.403221e+00	6.478649e-01	6.478649e-01
7.200000e+01	8.000000e+01	2.139316e+00	3.488655e-01	3.488655e-01
# END HISTO1D


# BEGIN HISTO1D //afs/cern.ch/user/m/mdessena/OtherSqrtS/CMSSW_11_2_4/src/Result_pTzero/result_TOT_3.yoda/CMS_2015_PAS_FSQ_15_007/d10-x01-y01
LineColor=orange
LineStyle=solid
Path=//afs/cern.ch/user/m/mdessena/OtherSqrtS/CMSSW_11_2_4/src/Result_pTzero/result_TOT_3.yoda/CMS_2015_PAS_FSQ_15_007/d10-x01-y01
Title=result_TOT_3
# xlow	 xhigh	 val	 errminus	 errplus
5.000000e-01	1.000000e+00	nan	nan	nan
1.000000e+00	1.500000e+00	1.269716e-01	1.957301e-04	1.957301e-04
1.500000e+00	2.000000e+00	1.948282e-01	3.273827e-04	3.273827e-04
2.000000e+00	2.500000e+00	2.507246e-01	4.982249e-04	4.982249e-04
2.500000e+00	3.000000e+00	2.953150e-01	7.020083e-04	7.020083e-04
3.000000e+00	3.500000e+00	3.336214e-01	9.173227e-04	9.173227e-04
3.500000e+00	4.000000e+00	3.669853e-01	1.164382e-03	1.164382e-03
4.000000e+00	4.500000e+00	3.972924e-01	1.444071e-03	1.444071e-03
4.500000e+00	5.000000e+00	4.255254e-01	1.739768e-03	1.739768e-03
5.000000e+00	6.000000e+00	4.570110e-01	1.590494e-03	1.590494e-03
6.000000e+00	7.000000e+00	4.984504e-01	2.163813e-03	2.163813e-03
7.000000e+00	8.000000e+00	5.395372e-01	2.864372e-03	2.864372e-03
8.000000e+00	9.000000e+00	5.677341e-01	3.699653e-03	3.699653e-03
9.000000e+00	1.000000e+01	5.958745e-01	4.645220e-03	4.645220e-03
1.000000e+01	1.200000e+01	6.279176e-01	4.549237e-03	4.549237e-03
1.200000e+01	1.400000e+01	6.605665e-01	6.513633e-03	6.513633e-03
1.400000e+01	1.600000e+01	7.113862e-01	9.524102e-03	9.524102e-03
1.600000e+01	1.800000e+01	7.411732e-01	1.290793e-02	1.290793e-02
1.800000e+01	2.000000e+01	8.119081e-01	1.823617e-02	1.823617e-02
2.000000e+01	2.400000e+01	8.617869e-01	1.912519e-02	1.912519e-02
2.400000e+01	2.800000e+01	9.186933e-01	2.948988e-02	2.948988e-02
2.800000e+01	3.200000e+01	9.647438e-01	4.458531e-02	4.458531e-02
3.200000e+01	3.600000e+01	9.913869e-01	6.607838e-02	6.607838e-02
3.600000e+01	4.000000e+01	1.045693e+00	9.422300e-02	9.422300e-02
4.000000e+01	4.400000e+01	1.199992e+00	1.364711e-01	1.364711e-01
4.400000e+01	4.800000e+01	1.509877e+00	2.231809e-01	2.231809e-01
4.800000e+01	5.200000e+01	1.712556e+00	2.802452e-01	2.802452e-01
5.200000e+01	5.600000e+01	1.482901e+00	2.770810e-01	2.770810e-01
5.600000e+01	6.000000e+01	1.204066e+00	4.712886e-01	4.712886e-01
6.000000e+01	6.400000e+01	1.537606e+00	6.239843e-01	6.239843e-01
6.400000e+01	6.800000e+01	1.169288e+00	2.804000e-01	2.804000e-01
6.800000e+01	7.200000e+01	2.696750e+00	1.270913e+00	1.270913e+00
7.200000e+01	8.000000e+01	1.193378e+00	4.337478e-01	4.337478e-01
# END HISTO1D


# BEGIN HISTO1D //afs/cern.ch/user/m/mdessena/OtherSqrtS/CMSSW_11_2_4/src/Result_pTzero/result_TOT_4.yoda/CMS_2015_PAS_FSQ_15_007/d10-x01-y01
LineColor=lilac
LineStyle=solid
Path=//afs/cern.ch/user/m/mdessena/OtherSqrtS/CMSSW_11_2_4/src/Result_pTzero/result_TOT_4.yoda/CMS_2015_PAS_FSQ_15_007/d10-x01-y01
Title=result_TOT_4
# xlow	 xhigh	 val	 errminus	 errplus
5.000000e-01	1.000000e+00	nan	nan	nan
1.000000e+00	1.500000e+00	1.431126e-01	2.300469e-04	2.300469e-04
1.500000e+00	2.000000e+00	2.633473e-01	4.473397e-04	4.473397e-04
2.000000e+00	2.500000e+00	4.072706e-01	7.675132e-04	7.675132e-04
2.500000e+00	3.000000e+00	5.659610e-01	1.184379e-03	1.184379e-03
3.000000e+00	3.500000e+00	7.341212e-01	1.650681e-03	1.650681e-03
3.500000e+00	4.000000e+00	9.223202e-01	2.185337e-03	2.185337e-03
4.000000e+00	4.500000e+00	1.130445e+00	2.779762e-03	2.779762e-03
4.500000e+00	5.000000e+00	1.335662e+00	3.377658e-03	3.377658e-03
5.000000e+00	6.000000e+00	1.653048e+00	3.060953e-03	3.060953e-03
6.000000e+00	7.000000e+00	2.035124e+00	3.913132e-03	3.913132e-03
7.000000e+00	8.000000e+00	2.359104e+00	4.836845e-03	4.836845e-03
8.000000e+00	9.000000e+00	2.608194e+00	5.937473e-03	5.937473e-03
9.000000e+00	1.000000e+01	2.803730e+00	7.247390e-03	7.247390e-03
1.000000e+01	1.200000e+01	2.995220e+00	6.770024e-03	6.770024e-03
1.200000e+01	1.400000e+01	3.187858e+00	9.943303e-03	9.943303e-03
1.400000e+01	1.600000e+01	3.254766e+00	1.416492e-02	1.416492e-02
1.600000e+01	1.800000e+01	3.316022e+00	2.002280e-02	2.002280e-02
1.800000e+01	2.000000e+01	3.301559e+00	2.739015e-02	2.739015e-02
2.000000e+01	2.400000e+01	3.326731e+00	2.760175e-02	2.760175e-02
2.400000e+01	2.800000e+01	3.298637e+00	4.589405e-02	4.589405e-02
2.800000e+01	3.200000e+01	3.220556e+00	6.397474e-02	6.397474e-02
3.200000e+01	3.600000e+01	3.271529e+00	9.051843e-02	9.051843e-02
3.600000e+01	4.000000e+01	3.583606e+00	1.390144e-01	1.390144e-01
4.000000e+01	4.400000e+01	3.346426e+00	1.584065e-01	1.584065e-01
4.400000e+01	4.800000e+01	3.437926e+00	2.180057e-01	2.180057e-01
4.800000e+01	5.200000e+01	3.463578e+00	2.811912e-01	2.811912e-01
5.200000e+01	5.600000e+01	3.546340e+00	3.881941e-01	3.881941e-01
5.600000e+01	6.000000e+01	3.715906e+00	3.602903e-01	3.602903e-01
6.000000e+01	6.400000e+01	3.706012e+00	6.735098e-01	6.735098e-01
6.400000e+01	6.800000e+01	2.743066e+00	4.933140e-01	4.933140e-01
6.800000e+01	7.200000e+01	4.221972e+00	5.930715e-01	5.930715e-01
7.200000e+01	8.000000e+01	2.217954e+00	5.144016e-01	5.144016e-01
# END HISTO1D


# BEGIN HISTO1D //afs/cern.ch/user/m/mdessena/OtherSqrtS/CMSSW_11_2_4/src/Result_pTzero/result_TOT_5.yoda/CMS_2015_PAS_FSQ_15_007/d10-x01-y01
LineColor=red
LineStyle=dashed
Path=//afs/cern.ch/user/m/mdessena/OtherSqrtS/CMSSW_11_2_4/src/Result_pTzero/result_TOT_5.yoda/CMS_2015_PAS_FSQ_15_007/d10-x01-y01
Title=result_TOT_5
# xlow	 xhigh	 val	 errminus	 errplus
5.000000e-01	1.000000e+00	nan	nan	nan
1.000000e+00	1.500000e+00	1.390096e-01	2.264889e-04	2.264889e-04
1.500000e+00	2.000000e+00	2.512621e-01	4.309955e-04	4.309955e-04
2.000000e+00	2.500000e+00	3.817143e-01	7.225860e-04	7.225860e-04
2.500000e+00	3.000000e+00	5.175011e-01	1.082213e-03	1.082213e-03
3.000000e+00	3.500000e+00	6.686827e-01	1.494435e-03	1.494435e-03
3.500000e+00	4.000000e+00	8.198553e-01	1.923983e-03	1.923983e-03
4.000000e+00	4.500000e+00	9.809013e-01	2.400890e-03	2.400890e-03
4.500000e+00	5.000000e+00	1.133933e+00	2.903831e-03	2.903831e-03
5.000000e+00	6.000000e+00	1.345019e+00	2.593887e-03	2.593887e-03
6.000000e+00	7.000000e+00	1.598385e+00	3.391800e-03	3.391800e-03
7.000000e+00	8.000000e+00	1.792967e+00	4.302133e-03	4.302133e-03
8.000000e+00	9.000000e+00	1.959119e+00	5.490619e-03	5.490619e-03
9.000000e+00	1.000000e+01	2.056499e+00	6.773554e-03	6.773554e-03
1.000000e+01	1.200000e+01	2.190747e+00	6.461887e-03	6.461887e-03
1.200000e+01	1.400000e+01	2.292467e+00	9.535934e-03	9.535934e-03
1.400000e+01	1.600000e+01	2.355206e+00	1.361979e-02	1.361979e-02
1.600000e+01	1.800000e+01	2.353164e+00	1.854540e-02	1.854540e-02
1.800000e+01	2.000000e+01	2.396560e+00	2.487871e-02	2.487871e-02
2.000000e+01	2.400000e+01	2.428861e+00	2.617336e-02	2.617336e-02
2.400000e+01	2.800000e+01	2.400171e+00	4.000547e-02	4.000547e-02
2.800000e+01	3.200000e+01	2.379121e+00	5.549380e-02	5.549380e-02
3.200000e+01	3.600000e+01	2.436234e+00	8.647962e-02	8.647962e-02
3.600000e+01	4.000000e+01	2.488785e+00	1.044236e-01	1.044236e-01
4.000000e+01	4.400000e+01	2.436695e+00	1.422050e-01	1.422050e-01
4.400000e+01	4.800000e+01	2.700292e+00	1.751896e-01	1.751896e-01
4.800000e+01	5.200000e+01	2.935246e+00	3.039303e-01	3.039303e-01
5.200000e+01	5.600000e+01	3.313370e+00	3.649224e-01	3.649224e-01
5.600000e+01	6.000000e+01	3.574663e+00	4.163822e-01	4.163822e-01
6.000000e+01	6.400000e+01	3.436711e+00	6.044824e-01	6.044824e-01
6.400000e+01	6.800000e+01	3.364823e+00	5.035981e-01	5.035981e-01
6.800000e+01	7.200000e+01	2.388342e+00	4.822077e-01	4.822077e-01
7.200000e+01	8.000000e+01	2.846097e+00	9.189422e-01	9.189422e-01
# END HISTO1D


# BEGIN HISTO1D //afs/cern.ch/user/m/mdessena/OtherSqrtS/CMSSW_11_2_4/src/Result_pTzero/result_TOT_6.yoda/CMS_2015_PAS_FSQ_15_007/d10-x01-y01
LineColor=blue
LineStyle=dashed
Path=//afs/cern.ch/user/m/mdessena/OtherSqrtS/CMSSW_11_2_4/src/Result_pTzero/result_TOT_6.yoda/CMS_2015_PAS_FSQ_15_007/d10-x01-y01
Title=result_TOT_6
# xlow	 xhigh	 val	 errminus	 errplus
5.000000e-01	1.000000e+00	nan	nan	nan
1.000000e+00	1.500000e+00	1.306229e-01	2.048666e-04	2.048666e-04
1.500000e+00	2.000000e+00	2.103846e-01	3.506187e-04	3.506187e-04
2.000000e+00	2.500000e+00	2.832602e-01	5.404888e-04	5.404888e-04
2.500000e+00	3.000000e+00	3.433771e-01	7.585938e-04	7.585938e-04
3.000000e+00	3.500000e+00	3.976222e-01	1.000408e-03	1.000408e-03
3.500000e+00	4.000000e+00	4.461695e-01	1.276093e-03	1.276093e-03
4.000000e+00	4.500000e+00	4.857464e-01	1.555959e-03	1.555959e-03
4.500000e+00	5.000000e+00	5.253522e-01	1.883882e-03	1.883882e-03
5.000000e+00	6.000000e+00	5.689722e-01	1.722003e-03	1.722003e-03
6.000000e+00	7.000000e+00	6.253737e-01	2.348169e-03	2.348169e-03
7.000000e+00	8.000000e+00	6.720885e-01	3.092363e-03	3.092363e-03
8.000000e+00	9.000000e+00	7.184662e-01	4.007851e-03	4.007851e-03
9.000000e+00	1.000000e+01	7.432547e-01	4.953560e-03	4.953560e-03
1.000000e+01	1.200000e+01	7.869268e-01	4.771756e-03	4.771756e-03
1.200000e+01	1.400000e+01	8.396606e-01	7.237233e-03	7.237233e-03
1.400000e+01	1.600000e+01	8.823347e-01	1.010333e-02	1.010333e-02
1.600000e+01	1.800000e+01	9.437025e-01	1.423803e-02	1.423803e-02
1.800000e+01	2.000000e+01	9.628675e-01	1.878984e-02	1.878984e-02
2.000000e+01	2.400000e+01	9.818171e-01	1.916033e-02	1.916033e-02
2.400000e+01	2.800000e+01	1.040159e+00	3.079962e-02	3.079962e-02
2.800000e+01	3.200000e+01	1.181881e+00	4.660952e-02	4.660952e-02
3.200000e+01	3.600000e+01	1.204265e+00	6.218000e-02	6.218000e-02
3.600000e+01	4.000000e+01	1.129777e+00	8.935142e-02	8.935142e-02
4.000000e+01	4.400000e+01	1.269880e+00	1.214132e-01	1.214132e-01
4.400000e+01	4.800000e+01	1.454180e+00	1.791311e-01	1.791311e-01
4.800000e+01	5.200000e+01	1.286852e+00	1.402237e-01	1.402237e-01
5.200000e+01	5.600000e+01	1.490007e+00	3.510310e-01	3.510310e-01
5.600000e+01	6.000000e+01	1.204548e+00	2.801344e-01	2.801344e-01
6.000000e+01	6.400000e+01	1.284636e+00	3.259325e-01	3.259325e-01
6.400000e+01	6.800000e+01	2.121472e+00	7.591519e-01	7.591519e-01
6.800000e+01	7.200000e+01	2.112455e+00	4.823834e-01	4.823834e-01
7.200000e+01	8.000000e+01	2.427967e+00	6.900173e-01	6.900173e-01
# END HISTO1D


# BEGIN HISTO1D //afs/cern.ch/user/m/mdessena/OtherSqrtS/CMSSW_11_2_4/src/Result_pTzero/result_TOT_7.yoda/CMS_2015_PAS_FSQ_15_007/d10-x01-y01
LineColor=green
LineStyle=dashed
Path=//afs/cern.ch/user/m/mdessena/OtherSqrtS/CMSSW_11_2_4/src/Result_pTzero/result_TOT_7.yoda/CMS_2015_PAS_FSQ_15_007/d10-x01-y01
Title=result_TOT_7
# xlow	 xhigh	 val	 errminus	 errplus
5.000000e-01	1.000000e+00	nan	nan	nan
1.000000e+00	1.500000e+00	1.273066e-01	1.969473e-04	1.969473e-04
1.500000e+00	2.000000e+00	1.964732e-01	3.295470e-04	3.295470e-04
2.000000e+00	2.500000e+00	2.555720e-01	5.061137e-04	5.061137e-04
2.500000e+00	3.000000e+00	3.019397e-01	7.072988e-04	7.072988e-04
3.000000e+00	3.500000e+00	3.403163e-01	9.314692e-04	9.314692e-04
3.500000e+00	4.000000e+00	3.742000e-01	1.174268e-03	1.174268e-03
4.000000e+00	4.500000e+00	4.050959e-01	1.451964e-03	1.451964e-03
4.500000e+00	5.000000e+00	4.352440e-01	1.752552e-03	1.752552e-03
5.000000e+00	6.000000e+00	4.696120e-01	1.604356e-03	1.604356e-03
6.000000e+00	7.000000e+00	5.133627e-01	2.182218e-03	2.182218e-03
7.000000e+00	8.000000e+00	5.440694e-01	2.857931e-03	2.857931e-03
8.000000e+00	9.000000e+00	5.792775e-01	3.715649e-03	3.715649e-03
9.000000e+00	1.000000e+01	6.119673e-01	4.719817e-03	4.719817e-03
1.000000e+01	1.200000e+01	6.537741e-01	4.619300e-03	4.619300e-03
1.200000e+01	1.400000e+01	6.963712e-01	6.742633e-03	6.742633e-03
1.400000e+01	1.600000e+01	7.288787e-01	9.737139e-03	9.737139e-03
1.600000e+01	1.800000e+01	7.712015e-01	1.326800e-02	1.326800e-02
1.800000e+01	2.000000e+01	8.012960e-01	1.786946e-02	1.786946e-02
2.000000e+01	2.400000e+01	8.542480e-01	1.850856e-02	1.850856e-02
2.400000e+01	2.800000e+01	9.705488e-01	3.045034e-02	3.045034e-02
2.800000e+01	3.200000e+01	1.028386e+00	4.370504e-02	4.370504e-02
3.200000e+01	3.600000e+01	1.039786e+00	6.307989e-02	6.307989e-02
3.600000e+01	4.000000e+01	1.063579e+00	7.498804e-02	7.498804e-02
4.000000e+01	4.400000e+01	1.344498e+00	1.427310e-01	1.427310e-01
4.400000e+01	4.800000e+01	1.082431e+00	1.225335e-01	1.225335e-01
4.800000e+01	5.200000e+01	1.503449e+00	1.970617e-01	1.970617e-01
5.200000e+01	5.600000e+01	1.327264e+00	2.135742e-01	2.135742e-01
5.600000e+01	6.000000e+01	1.830310e+00	3.842975e-01	3.842975e-01
6.000000e+01	6.400000e+01	2.443976e+00	8.536767e-01	8.536767e-01
6.400000e+01	6.800000e+01	1.366679e+00	3.324027e-01	3.324027e-01
6.800000e+01	7.200000e+01	6.549103e-01	1.787426e-01	1.787426e-01
7.200000e+01	8.000000e+01	1.824442e+00	4.543734e-01	4.543734e-01
# END HISTO1D

