# BEGIN PLOT
XTwosidedTicks=1
YTwosidedTicks=1
XMax=52
XLabelSep=4.4
RatioPlotReference=/CMS_2015_PAS_FSQ_15_007/d12-x01-y01
ConnectBins=0
RatioPlot=1
LogY=0
LegendXPos=0.40
XLabel=\large{$p_\text{T}^{\text{jet}}$[GeV]}
YLabelSep=5.4
YLabel=\large{$(1/N_\text{events})\; dp_\text{T}^{\text{sum}}\,/d\eta\, d\phi$}
Title=\large{CMS, 13 TeV, MB, TransAVG charged $p_\text{T}^{\text{sum}}$ density}
DrawOnly=/CMS_2015_PAS_FSQ_15_007/d12-x01-y01 //afs/cern.ch/user/m/mdessena/OtherSqrtS/CMSSW_11_2_4/src/Result_pTzero/result_TOT_0.yoda/CMS_2015_PAS_FSQ_15_007/d12-x01-y01 //afs/cern.ch/user/m/mdessena/OtherSqrtS/CMSSW_11_2_4/src/Result_pTzero/result_TOT_1.yoda/CMS_2015_PAS_FSQ_15_007/d12-x01-y01 //afs/cern.ch/user/m/mdessena/OtherSqrtS/CMSSW_11_2_4/src/Result_pTzero/result_TOT_2.yoda/CMS_2015_PAS_FSQ_15_007/d12-x01-y01 //afs/cern.ch/user/m/mdessena/OtherSqrtS/CMSSW_11_2_4/src/Result_pTzero/result_TOT_3.yoda/CMS_2015_PAS_FSQ_15_007/d12-x01-y01 //afs/cern.ch/user/m/mdessena/OtherSqrtS/CMSSW_11_2_4/src/Result_pTzero/result_TOT_4.yoda/CMS_2015_PAS_FSQ_15_007/d12-x01-y01 //afs/cern.ch/user/m/mdessena/OtherSqrtS/CMSSW_11_2_4/src/Result_pTzero/result_TOT_5.yoda/CMS_2015_PAS_FSQ_15_007/d12-x01-y01 //afs/cern.ch/user/m/mdessena/OtherSqrtS/CMSSW_11_2_4/src/Result_pTzero/result_TOT_6.yoda/CMS_2015_PAS_FSQ_15_007/d12-x01-y01 //afs/cern.ch/user/m/mdessena/OtherSqrtS/CMSSW_11_2_4/src/Result_pTzero/result_TOT_7.yoda/CMS_2015_PAS_FSQ_15_007/d12-x01-y01
RatioPlotErrorBandColor=grey!40!yellow!60
LegendYPos=0.50
Legend=1
LegendOnly=/CMS_2015_PAS_FSQ_15_007/d12-x01-y01 //afs/cern.ch/user/m/mdessena/OtherSqrtS/CMSSW_11_2_4/src/Result_pTzero/result_TOT_0.yoda/CMS_2015_PAS_FSQ_15_007/d12-x01-y01 //afs/cern.ch/user/m/mdessena/OtherSqrtS/CMSSW_11_2_4/src/Result_pTzero/result_TOT_1.yoda/CMS_2015_PAS_FSQ_15_007/d12-x01-y01 //afs/cern.ch/user/m/mdessena/OtherSqrtS/CMSSW_11_2_4/src/Result_pTzero/result_TOT_2.yoda/CMS_2015_PAS_FSQ_15_007/d12-x01-y01 //afs/cern.ch/user/m/mdessena/OtherSqrtS/CMSSW_11_2_4/src/Result_pTzero/result_TOT_3.yoda/CMS_2015_PAS_FSQ_15_007/d12-x01-y01 //afs/cern.ch/user/m/mdessena/OtherSqrtS/CMSSW_11_2_4/src/Result_pTzero/result_TOT_4.yoda/CMS_2015_PAS_FSQ_15_007/d12-x01-y01 //afs/cern.ch/user/m/mdessena/OtherSqrtS/CMSSW_11_2_4/src/Result_pTzero/result_TOT_5.yoda/CMS_2015_PAS_FSQ_15_007/d12-x01-y01 //afs/cern.ch/user/m/mdessena/OtherSqrtS/CMSSW_11_2_4/src/Result_pTzero/result_TOT_6.yoda/CMS_2015_PAS_FSQ_15_007/d12-x01-y01 //afs/cern.ch/user/m/mdessena/OtherSqrtS/CMSSW_11_2_4/src/Result_pTzero/result_TOT_7.yoda/CMS_2015_PAS_FSQ_15_007/d12-x01-y01
# END PLOT

# BEGIN HISTO1D /CMS_2015_PAS_FSQ_15_007/d12-x01-y01
ConnectBins=0
ErrorBars=1
Path=/CMS_2015_PAS_FSQ_15_007/d12-x01-y01
PolyMarker=*
Title=Data
# xlow	 xhigh	 val	 errminus	 errplus
5.000000e-01	1.000000e+00	0.000000e+00	0.000000e+00	0.000000e+00
1.000000e+00	1.500000e+00	8.383945e-02	2.658111e-03	2.658111e-03
1.500000e+00	2.000000e+00	1.612183e-01	7.706684e-03	7.706684e-03
2.000000e+00	2.500000e+00	2.582552e-01	1.557551e-02	1.557551e-02
2.500000e+00	3.000000e+00	3.674205e-01	2.546686e-02	2.546686e-02
3.000000e+00	3.500000e+00	4.760800e-01	3.050361e-02	3.050361e-02
3.500000e+00	4.000000e+00	5.823765e-01	3.746593e-02	3.746593e-02
4.000000e+00	4.500000e+00	6.840829e-01	3.268538e-02	3.268538e-02
4.500000e+00	5.000000e+00	7.821118e-01	2.804914e-02	2.804914e-02
5.000000e+00	6.000000e+00	8.937552e-01	2.097210e-02	2.097210e-02
6.000000e+00	7.000000e+00	1.036097e+00	1.370833e-02	1.370833e-02
7.000000e+00	8.000000e+00	1.154867e+00	9.728894e-03	9.728894e-03
8.000000e+00	9.000000e+00	1.252363e+00	5.292042e-03	5.292042e-03
9.000000e+00	1.000000e+01	1.325565e+00	9.689377e-03	9.689377e-03
1.000000e+01	1.200000e+01	1.394176e+00	9.448422e-03	9.448422e-03
1.200000e+01	1.400000e+01	1.472408e+00	1.041713e-02	1.041713e-02
1.400000e+01	1.600000e+01	1.546505e+00	1.183033e-02	1.183033e-02
1.600000e+01	1.800000e+01	1.604712e+00	1.420892e-02	1.420892e-02
1.800000e+01	2.000000e+01	1.545633e+00	1.613155e-02	1.613155e-02
2.000000e+01	2.400000e+01	1.594344e+00	1.825933e-02	1.825933e-02
2.400000e+01	2.800000e+01	1.632603e+00	2.961800e-02	2.961800e-02
2.800000e+01	3.200000e+01	1.630570e+00	4.593295e-02	4.593295e-02
3.200000e+01	3.600000e+01	1.671518e+00	7.965797e-02	7.965797e-02
3.600000e+01	4.000000e+01	1.758366e+00	1.119226e-01	1.119226e-01
4.000000e+01	4.400000e+01	1.778571e+00	1.597617e-01	1.597617e-01
4.400000e+01	4.800000e+01	1.487292e+00	1.725068e-01	1.725068e-01
4.800000e+01	5.200000e+01	1.795906e+00	2.278761e-01	2.278761e-01
5.200000e+01	5.600000e+01	1.496265e+00	2.483709e-01	2.483709e-01
5.600000e+01	6.000000e+01	1.818258e+00	2.390002e-01	2.390002e-01
6.000000e+01	6.400000e+01	2.223891e+00	3.918841e-01	3.918841e-01
6.400000e+01	6.800000e+01	1.271994e+00	3.011544e-01	3.011544e-01
6.800000e+01	7.200000e+01	1.241548e+00	3.728030e-01	3.728030e-01
7.200000e+01	8.000000e+01	2.660247e+00	6.024017e-01	6.024017e-01
# END HISTO1D


# BEGIN HISTO1D //afs/cern.ch/user/m/mdessena/OtherSqrtS/CMSSW_11_2_4/src/Result_pTzero/result_TOT_0.yoda/CMS_2015_PAS_FSQ_15_007/d12-x01-y01
LineColor=red
LineStyle=solid
Path=//afs/cern.ch/user/m/mdessena/OtherSqrtS/CMSSW_11_2_4/src/Result_pTzero/result_TOT_0.yoda/CMS_2015_PAS_FSQ_15_007/d12-x01-y01
Title=result_TOT_0
# xlow	 xhigh	 val	 errminus	 errplus
5.000000e-01	1.000000e+00	nan	nan	nan
1.000000e+00	1.500000e+00	8.044380e-02	1.385800e-04	1.385800e-04
1.500000e+00	2.000000e+00	1.411221e-01	2.547363e-04	2.547363e-04
2.000000e+00	2.500000e+00	2.031470e-01	4.074723e-04	4.074723e-04
2.500000e+00	3.000000e+00	2.587196e-01	5.877957e-04	5.877957e-04
3.000000e+00	3.500000e+00	3.098629e-01	7.843542e-04	7.843542e-04
3.500000e+00	4.000000e+00	3.549632e-01	9.978364e-04	9.978364e-04
4.000000e+00	4.500000e+00	3.965449e-01	1.234945e-03	1.234945e-03
4.500000e+00	5.000000e+00	4.358760e-01	1.505645e-03	1.505645e-03
5.000000e+00	6.000000e+00	4.793190e-01	1.375294e-03	1.375294e-03
6.000000e+00	7.000000e+00	5.345450e-01	1.875537e-03	1.875537e-03
7.000000e+00	8.000000e+00	5.742891e-01	2.431323e-03	2.431323e-03
8.000000e+00	9.000000e+00	6.098457e-01	3.155424e-03	3.155424e-03
9.000000e+00	1.000000e+01	6.397066e-01	4.002206e-03	4.002206e-03
1.000000e+01	1.200000e+01	6.749955e-01	3.817792e-03	3.817792e-03
1.200000e+01	1.400000e+01	7.197790e-01	5.717828e-03	5.717828e-03
1.400000e+01	1.600000e+01	7.505954e-01	7.998387e-03	7.998387e-03
1.600000e+01	1.800000e+01	7.747062e-01	1.099086e-02	1.099086e-02
1.800000e+01	2.000000e+01	7.915262e-01	1.438222e-02	1.438222e-02
2.000000e+01	2.400000e+01	8.197226e-01	1.490582e-02	1.490582e-02
2.400000e+01	2.800000e+01	8.773347e-01	2.282761e-02	2.282761e-02
2.800000e+01	3.200000e+01	8.626702e-01	3.433703e-02	3.433703e-02
3.200000e+01	3.600000e+01	8.879672e-01	4.399206e-02	4.399206e-02
3.600000e+01	4.000000e+01	1.016137e+00	7.990118e-02	7.990118e-02
4.000000e+01	4.400000e+01	1.019721e+00	7.780909e-02	7.780909e-02
4.400000e+01	4.800000e+01	1.274105e+00	1.378274e-01	1.378274e-01
4.800000e+01	5.200000e+01	1.162026e+00	1.669904e-01	1.669904e-01
5.200000e+01	5.600000e+01	1.102360e+00	2.066244e-01	2.066244e-01
5.600000e+01	6.000000e+01	1.253765e+00	1.917709e-01	1.917709e-01
6.000000e+01	6.400000e+01	1.530217e+00	2.498126e-01	2.498126e-01
6.400000e+01	6.800000e+01	6.759660e-01	1.156819e-01	1.156819e-01
6.800000e+01	7.200000e+01	2.098568e+00	5.332197e-01	5.332197e-01
7.200000e+01	8.000000e+01	1.733684e+00	3.182310e-01	3.182310e-01
# END HISTO1D


# BEGIN HISTO1D //afs/cern.ch/user/m/mdessena/OtherSqrtS/CMSSW_11_2_4/src/Result_pTzero/result_TOT_1.yoda/CMS_2015_PAS_FSQ_15_007/d12-x01-y01
LineColor=blue
LineStyle=solid
Path=//afs/cern.ch/user/m/mdessena/OtherSqrtS/CMSSW_11_2_4/src/Result_pTzero/result_TOT_1.yoda/CMS_2015_PAS_FSQ_15_007/d12-x01-y01
Title=result_TOT_1
# xlow	 xhigh	 val	 errminus	 errplus
5.000000e-01	1.000000e+00	nan	nan	nan
1.000000e+00	1.500000e+00	8.332977e-02	1.474665e-04	1.474665e-04
1.500000e+00	2.000000e+00	1.558765e-01	2.890020e-04	2.890020e-04
2.000000e+00	2.500000e+00	2.411272e-01	4.894688e-04	4.894688e-04
2.500000e+00	3.000000e+00	3.283751e-01	7.238008e-04	7.238008e-04
3.000000e+00	3.500000e+00	4.172817e-01	9.868120e-04	9.868120e-04
3.500000e+00	4.000000e+00	5.077601e-01	1.274240e-03	1.274240e-03
4.000000e+00	4.500000e+00	5.911176e-01	1.571870e-03	1.571870e-03
4.500000e+00	5.000000e+00	6.727413e-01	1.916212e-03	1.916212e-03
5.000000e+00	6.000000e+00	7.676875e-01	1.718227e-03	1.718227e-03
6.000000e+00	7.000000e+00	8.820923e-01	2.310234e-03	2.310234e-03
7.000000e+00	8.000000e+00	9.723728e-01	3.020505e-03	3.020505e-03
8.000000e+00	9.000000e+00	1.044533e+00	3.893968e-03	3.893968e-03
9.000000e+00	1.000000e+01	1.100820e+00	4.859636e-03	4.859636e-03
1.000000e+01	1.200000e+01	1.141874e+00	4.657237e-03	4.657237e-03
1.200000e+01	1.400000e+01	1.202548e+00	6.860283e-03	6.860283e-03
1.400000e+01	1.600000e+01	1.218973e+00	9.573900e-03	9.573900e-03
1.600000e+01	1.800000e+01	1.249949e+00	1.277950e-02	1.277950e-02
1.800000e+01	2.000000e+01	1.260484e+00	1.747137e-02	1.747137e-02
2.000000e+01	2.400000e+01	1.256790e+00	1.699371e-02	1.699371e-02
2.400000e+01	2.800000e+01	1.294153e+00	2.602877e-02	2.602877e-02
2.800000e+01	3.200000e+01	1.300884e+00	3.853877e-02	3.853877e-02
3.200000e+01	3.600000e+01	1.400245e+00	5.452537e-02	5.452537e-02
3.600000e+01	4.000000e+01	1.439678e+00	7.693210e-02	7.693210e-02
4.000000e+01	4.400000e+01	1.344864e+00	9.308424e-02	9.308424e-02
4.400000e+01	4.800000e+01	1.325306e+00	1.165931e-01	1.165931e-01
4.800000e+01	5.200000e+01	1.360110e+00	1.554141e-01	1.554141e-01
5.200000e+01	5.600000e+01	1.745698e+00	2.225748e-01	2.225748e-01
5.600000e+01	6.000000e+01	1.227725e+00	1.938849e-01	1.938849e-01
6.000000e+01	6.400000e+01	1.888205e+00	3.429956e-01	3.429956e-01
6.400000e+01	6.800000e+01	1.385515e+00	1.753201e-01	1.753201e-01
6.800000e+01	7.200000e+01	1.489200e+00	3.898336e-01	3.898336e-01
7.200000e+01	8.000000e+01	2.266462e+00	4.308998e-01	4.308998e-01
# END HISTO1D


# BEGIN HISTO1D //afs/cern.ch/user/m/mdessena/OtherSqrtS/CMSSW_11_2_4/src/Result_pTzero/result_TOT_2.yoda/CMS_2015_PAS_FSQ_15_007/d12-x01-y01
LineColor=green
LineStyle=solid
Path=//afs/cern.ch/user/m/mdessena/OtherSqrtS/CMSSW_11_2_4/src/Result_pTzero/result_TOT_2.yoda/CMS_2015_PAS_FSQ_15_007/d12-x01-y01
Title=result_TOT_2
# xlow	 xhigh	 val	 errminus	 errplus
5.000000e-01	1.000000e+00	nan	nan	nan
1.000000e+00	1.500000e+00	8.161284e-02	1.428240e-04	1.428240e-04
1.500000e+00	2.000000e+00	1.484438e-01	2.716267e-04	2.716267e-04
2.000000e+00	2.500000e+00	2.202995e-01	4.410553e-04	4.410553e-04
2.500000e+00	3.000000e+00	2.886881e-01	6.400220e-04	6.400220e-04
3.000000e+00	3.500000e+00	3.548223e-01	8.617615e-04	8.617615e-04
3.500000e+00	4.000000e+00	4.149856e-01	1.092290e-03	1.092290e-03
4.000000e+00	4.500000e+00	4.729533e-01	1.361418e-03	1.361418e-03
4.500000e+00	5.000000e+00	5.223480e-01	1.640792e-03	1.640792e-03
5.000000e+00	6.000000e+00	5.872383e-01	1.493013e-03	1.493013e-03
6.000000e+00	7.000000e+00	6.627914e-01	2.039826e-03	2.039826e-03
7.000000e+00	8.000000e+00	7.179802e-01	2.665796e-03	2.665796e-03
8.000000e+00	9.000000e+00	7.634284e-01	3.429427e-03	3.429427e-03
9.000000e+00	1.000000e+01	8.010281e-01	4.329012e-03	4.329012e-03
1.000000e+01	1.200000e+01	8.373032e-01	4.171568e-03	4.171568e-03
1.200000e+01	1.400000e+01	8.731958e-01	6.066404e-03	6.066404e-03
1.400000e+01	1.600000e+01	8.963077e-01	8.293704e-03	8.293704e-03
1.600000e+01	1.800000e+01	9.131745e-01	1.174397e-02	1.174397e-02
1.800000e+01	2.000000e+01	9.081519e-01	1.483018e-02	1.483018e-02
2.000000e+01	2.400000e+01	9.966175e-01	1.615730e-02	1.615730e-02
2.400000e+01	2.800000e+01	1.012281e+00	2.434973e-02	2.434973e-02
2.800000e+01	3.200000e+01	1.052778e+00	3.636664e-02	3.636664e-02
3.200000e+01	3.600000e+01	1.039658e+00	4.691527e-02	4.691527e-02
3.600000e+01	4.000000e+01	1.046709e+00	7.068993e-02	7.068993e-02
4.000000e+01	4.400000e+01	1.242029e+00	8.685950e-02	8.685950e-02
4.400000e+01	4.800000e+01	1.312704e+00	1.572390e-01	1.572390e-01
4.800000e+01	5.200000e+01	1.161185e+00	1.213454e-01	1.213454e-01
5.200000e+01	5.600000e+01	1.163691e+00	1.580349e-01	1.580349e-01
5.600000e+01	6.000000e+01	1.314344e+00	1.478697e-01	1.478697e-01
6.000000e+01	6.400000e+01	1.216607e+00	2.073880e-01	2.073880e-01
6.400000e+01	6.800000e+01	1.211091e+00	2.940773e-01	2.940773e-01
6.800000e+01	7.200000e+01	1.480942e+00	3.340124e-01	3.340124e-01
7.200000e+01	8.000000e+01	1.493555e+00	2.163256e-01	2.163256e-01
# END HISTO1D


# BEGIN HISTO1D //afs/cern.ch/user/m/mdessena/OtherSqrtS/CMSSW_11_2_4/src/Result_pTzero/result_TOT_3.yoda/CMS_2015_PAS_FSQ_15_007/d12-x01-y01
LineColor=orange
LineStyle=solid
Path=//afs/cern.ch/user/m/mdessena/OtherSqrtS/CMSSW_11_2_4/src/Result_pTzero/result_TOT_3.yoda/CMS_2015_PAS_FSQ_15_007/d12-x01-y01
Title=result_TOT_3
# xlow	 xhigh	 val	 errminus	 errplus
5.000000e-01	1.000000e+00	nan	nan	nan
1.000000e+00	1.500000e+00	7.612479e-02	1.260572e-04	1.260572e-04
1.500000e+00	2.000000e+00	1.214172e-01	2.195286e-04	2.195286e-04
2.000000e+00	2.500000e+00	1.598957e-01	3.410799e-04	3.410799e-04
2.500000e+00	3.000000e+00	1.909552e-01	4.871597e-04	4.871597e-04
3.000000e+00	3.500000e+00	2.178667e-01	6.419873e-04	6.419873e-04
3.500000e+00	4.000000e+00	2.407681e-01	8.170637e-04	8.170637e-04
4.000000e+00	4.500000e+00	2.616582e-01	1.012911e-03	1.012911e-03
4.500000e+00	5.000000e+00	2.819240e-01	1.222639e-03	1.222639e-03
5.000000e+00	6.000000e+00	3.038254e-01	1.124315e-03	1.124315e-03
6.000000e+00	7.000000e+00	3.325959e-01	1.523438e-03	1.523438e-03
7.000000e+00	8.000000e+00	3.614596e-01	2.027801e-03	2.027801e-03
8.000000e+00	9.000000e+00	3.793887e-01	2.594064e-03	2.594064e-03
9.000000e+00	1.000000e+01	3.968204e-01	3.230070e-03	3.230070e-03
1.000000e+01	1.200000e+01	4.191575e-01	3.164591e-03	3.164591e-03
1.200000e+01	1.400000e+01	4.402891e-01	4.496269e-03	4.496269e-03
1.400000e+01	1.600000e+01	4.732914e-01	6.514312e-03	6.514312e-03
1.600000e+01	1.800000e+01	4.925686e-01	9.016364e-03	9.016364e-03
1.800000e+01	2.000000e+01	5.340395e-01	1.220161e-02	1.220161e-02
2.000000e+01	2.400000e+01	5.704162e-01	1.283461e-02	1.283461e-02
2.400000e+01	2.800000e+01	6.008164e-01	1.960653e-02	1.960653e-02
2.800000e+01	3.200000e+01	6.260827e-01	2.953941e-02	2.953941e-02
3.200000e+01	3.600000e+01	6.299330e-01	3.926993e-02	3.926993e-02
3.600000e+01	4.000000e+01	6.659005e-01	5.812658e-02	5.812658e-02
4.000000e+01	4.400000e+01	7.739592e-01	8.987884e-02	8.987884e-02
4.400000e+01	4.800000e+01	1.011120e+00	1.566585e-01	1.566585e-01
4.800000e+01	5.200000e+01	1.090911e+00	1.839149e-01	1.839149e-01
5.200000e+01	5.600000e+01	9.084700e-01	1.533232e-01	1.533232e-01
5.600000e+01	6.000000e+01	7.410700e-01	2.784322e-01	2.784322e-01
6.000000e+01	6.400000e+01	1.049746e+00	4.333852e-01	4.333852e-01
6.400000e+01	6.800000e+01	7.097395e-01	1.509245e-01	1.509245e-01
6.800000e+01	7.200000e+01	1.798951e+00	9.833019e-01	9.833019e-01
7.200000e+01	8.000000e+01	6.915663e-01	2.369515e-01	2.369515e-01
# END HISTO1D


# BEGIN HISTO1D //afs/cern.ch/user/m/mdessena/OtherSqrtS/CMSSW_11_2_4/src/Result_pTzero/result_TOT_4.yoda/CMS_2015_PAS_FSQ_15_007/d12-x01-y01
LineColor=lilac
LineStyle=solid
Path=//afs/cern.ch/user/m/mdessena/OtherSqrtS/CMSSW_11_2_4/src/Result_pTzero/result_TOT_4.yoda/CMS_2015_PAS_FSQ_15_007/d12-x01-y01
Title=result_TOT_4
# xlow	 xhigh	 val	 errminus	 errplus
5.000000e-01	1.000000e+00	nan	nan	nan
1.000000e+00	1.500000e+00	8.931564e-02	1.565498e-04	1.565498e-04
1.500000e+00	2.000000e+00	1.761511e-01	3.261455e-04	3.261455e-04
2.000000e+00	2.500000e+00	2.862318e-01	5.849109e-04	5.849109e-04
2.500000e+00	3.000000e+00	4.109624e-01	9.256024e-04	9.256024e-04
3.000000e+00	3.500000e+00	5.469671e-01	1.317654e-03	1.317654e-03
3.500000e+00	4.000000e+00	7.025787e-01	1.778141e-03	1.778141e-03
4.000000e+00	4.500000e+00	8.760282e-01	2.287552e-03	2.287552e-03
4.500000e+00	5.000000e+00	1.049769e+00	2.804067e-03	2.804067e-03
5.000000e+00	6.000000e+00	1.320516e+00	2.571524e-03	2.571524e-03
6.000000e+00	7.000000e+00	1.650266e+00	3.316548e-03	3.316548e-03
7.000000e+00	8.000000e+00	1.930126e+00	4.112641e-03	4.112641e-03
8.000000e+00	9.000000e+00	2.144327e+00	5.052571e-03	5.052571e-03
9.000000e+00	1.000000e+01	2.312031e+00	6.181230e-03	6.181230e-03
1.000000e+01	1.200000e+01	2.473626e+00	5.746668e-03	5.746668e-03
1.200000e+01	1.400000e+01	2.632709e+00	8.447295e-03	8.447295e-03
1.400000e+01	1.600000e+01	2.690977e+00	1.200039e-02	1.200039e-02
1.600000e+01	1.800000e+01	2.728502e+00	1.685038e-02	1.685038e-02
1.800000e+01	2.000000e+01	2.714125e+00	2.297427e-02	2.297427e-02
2.000000e+01	2.400000e+01	2.729838e+00	2.321813e-02	2.321813e-02
2.400000e+01	2.800000e+01	2.693336e+00	3.806403e-02	3.806403e-02
2.800000e+01	3.200000e+01	2.605299e+00	5.263360e-02	5.263360e-02
3.200000e+01	3.600000e+01	2.630932e+00	7.523624e-02	7.523624e-02
3.600000e+01	4.000000e+01	2.858090e+00	1.040538e-01	1.040538e-01
4.000000e+01	4.400000e+01	2.637038e+00	1.269258e-01	1.269258e-01
4.400000e+01	4.800000e+01	2.750682e+00	1.628820e-01	1.628820e-01
4.800000e+01	5.200000e+01	2.872235e+00	2.421086e-01	2.421086e-01
5.200000e+01	5.600000e+01	2.759149e+00	3.030799e-01	3.030799e-01
5.600000e+01	6.000000e+01	2.924971e+00	2.717289e-01	2.717289e-01
6.000000e+01	6.400000e+01	2.902856e+00	4.966067e-01	4.966067e-01
6.400000e+01	6.800000e+01	2.037706e+00	3.649219e-01	3.649219e-01
6.800000e+01	7.200000e+01	3.176002e+00	3.815674e-01	3.815674e-01
7.200000e+01	8.000000e+01	2.033484e+00	5.372743e-01	5.372743e-01
# END HISTO1D


# BEGIN HISTO1D //afs/cern.ch/user/m/mdessena/OtherSqrtS/CMSSW_11_2_4/src/Result_pTzero/result_TOT_5.yoda/CMS_2015_PAS_FSQ_15_007/d12-x01-y01
LineColor=red
LineStyle=dashed
Path=//afs/cern.ch/user/m/mdessena/OtherSqrtS/CMSSW_11_2_4/src/Result_pTzero/result_TOT_5.yoda/CMS_2015_PAS_FSQ_15_007/d12-x01-y01
Title=result_TOT_5
# xlow	 xhigh	 val	 errminus	 errplus
5.000000e-01	1.000000e+00	nan	nan	nan
1.000000e+00	1.500000e+00	8.603211e-02	1.524890e-04	1.524890e-04
1.500000e+00	2.000000e+00	1.661206e-01	3.101659e-04	3.101659e-04
2.000000e+00	2.500000e+00	2.643005e-01	5.421392e-04	5.421392e-04
2.500000e+00	3.000000e+00	3.695511e-01	8.324481e-04	8.324481e-04
3.000000e+00	3.500000e+00	4.893719e-01	1.172593e-03	1.172593e-03
3.500000e+00	4.000000e+00	6.124352e-01	1.534668e-03	1.534668e-03
4.000000e+00	4.500000e+00	7.443919e-01	1.938118e-03	1.938118e-03
4.500000e+00	5.000000e+00	8.701117e-01	2.358132e-03	2.358132e-03
5.000000e+00	6.000000e+00	1.044935e+00	2.122881e-03	2.122881e-03
6.000000e+00	7.000000e+00	1.258165e+00	2.798617e-03	2.798617e-03
7.000000e+00	8.000000e+00	1.418779e+00	3.549720e-03	3.549720e-03
8.000000e+00	9.000000e+00	1.553748e+00	4.532183e-03	4.532183e-03
9.000000e+00	1.000000e+01	1.637066e+00	5.588636e-03	5.588636e-03
1.000000e+01	1.200000e+01	1.745051e+00	5.336711e-03	5.336711e-03
1.200000e+01	1.400000e+01	1.830491e+00	7.867973e-03	7.867973e-03
1.400000e+01	1.600000e+01	1.875089e+00	1.119315e-02	1.119315e-02
1.600000e+01	1.800000e+01	1.867510e+00	1.524835e-02	1.524835e-02
1.800000e+01	2.000000e+01	1.893131e+00	2.012828e-02	2.012828e-02
2.000000e+01	2.400000e+01	1.912896e+00	2.118475e-02	2.118475e-02
2.400000e+01	2.800000e+01	1.893387e+00	3.247646e-02	3.247646e-02
2.800000e+01	3.200000e+01	1.848297e+00	4.365487e-02	4.365487e-02
3.200000e+01	3.600000e+01	1.901025e+00	6.958927e-02	6.958927e-02
3.600000e+01	4.000000e+01	1.923899e+00	8.281696e-02	8.281696e-02
4.000000e+01	4.400000e+01	1.869518e+00	1.125824e-01	1.125824e-01
4.400000e+01	4.800000e+01	2.105452e+00	1.336758e-01	1.336758e-01
4.800000e+01	5.200000e+01	2.161338e+00	2.062506e-01	2.062506e-01
5.200000e+01	5.600000e+01	2.418948e+00	3.107040e-01	3.107040e-01
5.600000e+01	6.000000e+01	2.669576e+00	2.870490e-01	2.870490e-01
6.000000e+01	6.400000e+01	2.542066e+00	4.340574e-01	4.340574e-01
6.400000e+01	6.800000e+01	2.444301e+00	3.605438e-01	3.605438e-01
6.800000e+01	7.200000e+01	1.757068e+00	3.727888e-01	3.727888e-01
7.200000e+01	8.000000e+01	1.790783e+00	4.816167e-01	4.816167e-01
# END HISTO1D


# BEGIN HISTO1D //afs/cern.ch/user/m/mdessena/OtherSqrtS/CMSSW_11_2_4/src/Result_pTzero/result_TOT_6.yoda/CMS_2015_PAS_FSQ_15_007/d12-x01-y01
LineColor=blue
LineStyle=dashed
Path=//afs/cern.ch/user/m/mdessena/OtherSqrtS/CMSSW_11_2_4/src/Result_pTzero/result_TOT_6.yoda/CMS_2015_PAS_FSQ_15_007/d12-x01-y01
Title=result_TOT_6
# xlow	 xhigh	 val	 errminus	 errplus
5.000000e-01	1.000000e+00	nan	nan	nan
1.000000e+00	1.500000e+00	7.902214e-02	1.337196e-04	1.337196e-04
1.500000e+00	2.000000e+00	1.331538e-01	2.399099e-04	2.399099e-04
2.000000e+00	2.500000e+00	1.843142e-01	3.788386e-04	3.788386e-04
2.500000e+00	3.000000e+00	2.278165e-01	5.399367e-04	5.399367e-04
3.000000e+00	3.500000e+00	2.665541e-01	7.174483e-04	7.174483e-04
3.500000e+00	4.000000e+00	3.022316e-01	9.225733e-04	9.225733e-04
4.000000e+00	4.500000e+00	3.307530e-01	1.127230e-03	1.127230e-03
4.500000e+00	5.000000e+00	3.597175e-01	1.373158e-03	1.373158e-03
5.000000e+00	6.000000e+00	3.909169e-01	1.256432e-03	1.256432e-03
6.000000e+00	7.000000e+00	4.312245e-01	1.714847e-03	1.714847e-03
7.000000e+00	8.000000e+00	4.655640e-01	2.263327e-03	2.263327e-03
8.000000e+00	9.000000e+00	4.983385e-01	2.930387e-03	2.930387e-03
9.000000e+00	1.000000e+01	5.152080e-01	3.618970e-03	3.618970e-03
1.000000e+01	1.200000e+01	5.453038e-01	3.456829e-03	3.456829e-03
1.200000e+01	1.400000e+01	5.799596e-01	5.194388e-03	5.194388e-03
1.400000e+01	1.600000e+01	6.083629e-01	7.212657e-03	7.212657e-03
1.600000e+01	1.800000e+01	6.475509e-01	1.005305e-02	1.005305e-02
1.800000e+01	2.000000e+01	6.537786e-01	1.299833e-02	1.299833e-02
2.000000e+01	2.400000e+01	6.678372e-01	1.330430e-02	1.330430e-02
2.400000e+01	2.800000e+01	7.017557e-01	2.063419e-02	2.063419e-02
2.800000e+01	3.200000e+01	7.841499e-01	3.124807e-02	3.124807e-02
3.200000e+01	3.600000e+01	8.039995e-01	3.999859e-02	3.999859e-02
3.600000e+01	4.000000e+01	7.732414e-01	5.987451e-02	5.987451e-02
4.000000e+01	4.400000e+01	8.230865e-01	7.780778e-02	7.780778e-02
4.400000e+01	4.800000e+01	1.028222e+00	1.317315e-01	1.317315e-01
4.800000e+01	5.200000e+01	8.702637e-01	9.890797e-02	9.890797e-02
5.200000e+01	5.600000e+01	1.051700e+00	2.667622e-01	2.667622e-01
5.600000e+01	6.000000e+01	7.856091e-01	1.699623e-01	1.699623e-01
6.000000e+01	6.400000e+01	7.597541e-01	1.800662e-01	1.800662e-01
6.400000e+01	6.800000e+01	1.412200e+00	4.878625e-01	4.878625e-01
6.800000e+01	7.200000e+01	1.376268e+00	3.103565e-01	3.103565e-01
7.200000e+01	8.000000e+01	1.548049e+00	4.530576e-01	4.530576e-01
# END HISTO1D


# BEGIN HISTO1D //afs/cern.ch/user/m/mdessena/OtherSqrtS/CMSSW_11_2_4/src/Result_pTzero/result_TOT_7.yoda/CMS_2015_PAS_FSQ_15_007/d12-x01-y01
LineColor=green
LineStyle=dashed
Path=//afs/cern.ch/user/m/mdessena/OtherSqrtS/CMSSW_11_2_4/src/Result_pTzero/result_TOT_7.yoda/CMS_2015_PAS_FSQ_15_007/d12-x01-y01
Title=result_TOT_7
# xlow	 xhigh	 val	 errminus	 errplus
5.000000e-01	1.000000e+00	nan	nan	nan
1.000000e+00	1.500000e+00	7.638446e-02	1.270467e-04	1.270467e-04
1.500000e+00	2.000000e+00	1.226757e-01	2.216213e-04	2.216213e-04
2.000000e+00	2.500000e+00	1.633368e-01	3.476269e-04	3.476269e-04
2.500000e+00	3.000000e+00	1.958078e-01	4.921338e-04	4.921338e-04
3.000000e+00	3.500000e+00	2.225658e-01	6.511737e-04	6.511737e-04
3.500000e+00	4.000000e+00	2.464135e-01	8.256284e-04	8.256284e-04
4.000000e+00	4.500000e+00	2.685496e-01	1.026163e-03	1.026163e-03
4.500000e+00	5.000000e+00	2.896284e-01	1.241797e-03	1.241797e-03
5.000000e+00	6.000000e+00	3.131758e-01	1.136233e-03	1.136233e-03
6.000000e+00	7.000000e+00	3.437526e-01	1.546178e-03	1.546178e-03
7.000000e+00	8.000000e+00	3.651186e-01	2.023239e-03	2.023239e-03
8.000000e+00	9.000000e+00	3.881469e-01	2.613112e-03	2.613112e-03
9.000000e+00	1.000000e+01	4.118130e-01	3.342110e-03	3.342110e-03
1.000000e+01	1.200000e+01	4.390596e-01	3.237509e-03	3.237509e-03
1.200000e+01	1.400000e+01	4.658728e-01	4.696803e-03	4.696803e-03
1.400000e+01	1.600000e+01	4.809084e-01	6.598445e-03	6.598445e-03
1.600000e+01	1.800000e+01	5.094228e-01	8.945257e-03	8.945257e-03
1.800000e+01	2.000000e+01	5.311180e-01	1.227553e-02	1.227553e-02
2.000000e+01	2.400000e+01	5.595874e-01	1.231256e-02	1.231256e-02
2.400000e+01	2.800000e+01	6.278419e-01	1.970611e-02	1.970611e-02
2.800000e+01	3.200000e+01	6.655872e-01	2.870847e-02	2.870847e-02
3.200000e+01	3.600000e+01	6.951118e-01	4.298587e-02	4.298587e-02
3.600000e+01	4.000000e+01	6.860281e-01	4.835377e-02	4.835377e-02
4.000000e+01	4.400000e+01	8.557197e-01	8.923513e-02	8.923513e-02
4.400000e+01	4.800000e+01	6.859554e-01	7.646028e-02	7.646028e-02
4.800000e+01	5.200000e+01	9.406519e-01	1.204610e-01	1.204610e-01
5.200000e+01	5.600000e+01	8.130736e-01	1.255138e-01	1.255138e-01
5.600000e+01	6.000000e+01	1.091972e+00	2.107863e-01	2.107863e-01
6.000000e+01	6.400000e+01	1.363587e+00	4.439602e-01	4.439602e-01
6.400000e+01	6.800000e+01	9.299382e-01	2.250114e-01	2.250114e-01
6.800000e+01	7.200000e+01	4.146333e-01	1.244497e-01	1.244497e-01
7.200000e+01	8.000000e+01	1.170382e+00	3.434061e-01	3.434061e-01
# END HISTO1D

