# BEGIN PLOT
XTwosidedTicks=1
YTwosidedTicks=1
XMax=52
XLabelSep=4.4
RatioPlotReference=/CMS_2015_PAS_FSQ_15_007/d14-x01-y01
ConnectBins=0
RatioPlot=1
LogY=0
LegendXPos=0.40
XLabel=\large{$p_\text{T}^{\text{jet}}$[GeV]}
YLabelSep=5.4
YLabel=\large{$(1/N_\text{events})\; dN_\text{ch}\,/d\eta\, d\phi$}
Title=\large{CMS, 13 TeV, MB, TransMAX charged-particle density}
DrawOnly=/CMS_2015_PAS_FSQ_15_007/d14-x01-y01 //afs/cern.ch/user/m/mdessena/OtherSqrtS/CMSSW_11_2_4/src/Result_pTzero/result_TOT_0.yoda/CMS_2015_PAS_FSQ_15_007/d14-x01-y01 //afs/cern.ch/user/m/mdessena/OtherSqrtS/CMSSW_11_2_4/src/Result_pTzero/result_TOT_1.yoda/CMS_2015_PAS_FSQ_15_007/d14-x01-y01 //afs/cern.ch/user/m/mdessena/OtherSqrtS/CMSSW_11_2_4/src/Result_pTzero/result_TOT_2.yoda/CMS_2015_PAS_FSQ_15_007/d14-x01-y01 //afs/cern.ch/user/m/mdessena/OtherSqrtS/CMSSW_11_2_4/src/Result_pTzero/result_TOT_3.yoda/CMS_2015_PAS_FSQ_15_007/d14-x01-y01 //afs/cern.ch/user/m/mdessena/OtherSqrtS/CMSSW_11_2_4/src/Result_pTzero/result_TOT_4.yoda/CMS_2015_PAS_FSQ_15_007/d14-x01-y01 //afs/cern.ch/user/m/mdessena/OtherSqrtS/CMSSW_11_2_4/src/Result_pTzero/result_TOT_5.yoda/CMS_2015_PAS_FSQ_15_007/d14-x01-y01 //afs/cern.ch/user/m/mdessena/OtherSqrtS/CMSSW_11_2_4/src/Result_pTzero/result_TOT_6.yoda/CMS_2015_PAS_FSQ_15_007/d14-x01-y01 //afs/cern.ch/user/m/mdessena/OtherSqrtS/CMSSW_11_2_4/src/Result_pTzero/result_TOT_7.yoda/CMS_2015_PAS_FSQ_15_007/d14-x01-y01
RatioPlotErrorBandColor=grey!40!yellow!60
LegendYPos=0.50
Legend=1
LegendOnly=/CMS_2015_PAS_FSQ_15_007/d14-x01-y01 //afs/cern.ch/user/m/mdessena/OtherSqrtS/CMSSW_11_2_4/src/Result_pTzero/result_TOT_0.yoda/CMS_2015_PAS_FSQ_15_007/d14-x01-y01 //afs/cern.ch/user/m/mdessena/OtherSqrtS/CMSSW_11_2_4/src/Result_pTzero/result_TOT_1.yoda/CMS_2015_PAS_FSQ_15_007/d14-x01-y01 //afs/cern.ch/user/m/mdessena/OtherSqrtS/CMSSW_11_2_4/src/Result_pTzero/result_TOT_2.yoda/CMS_2015_PAS_FSQ_15_007/d14-x01-y01 //afs/cern.ch/user/m/mdessena/OtherSqrtS/CMSSW_11_2_4/src/Result_pTzero/result_TOT_3.yoda/CMS_2015_PAS_FSQ_15_007/d14-x01-y01 //afs/cern.ch/user/m/mdessena/OtherSqrtS/CMSSW_11_2_4/src/Result_pTzero/result_TOT_4.yoda/CMS_2015_PAS_FSQ_15_007/d14-x01-y01 //afs/cern.ch/user/m/mdessena/OtherSqrtS/CMSSW_11_2_4/src/Result_pTzero/result_TOT_5.yoda/CMS_2015_PAS_FSQ_15_007/d14-x01-y01 //afs/cern.ch/user/m/mdessena/OtherSqrtS/CMSSW_11_2_4/src/Result_pTzero/result_TOT_6.yoda/CMS_2015_PAS_FSQ_15_007/d14-x01-y01 //afs/cern.ch/user/m/mdessena/OtherSqrtS/CMSSW_11_2_4/src/Result_pTzero/result_TOT_7.yoda/CMS_2015_PAS_FSQ_15_007/d14-x01-y01
# END PLOT

# BEGIN HISTO1D /CMS_2015_PAS_FSQ_15_007/d14-x01-y01
ConnectBins=0
ErrorBars=1
Path=/CMS_2015_PAS_FSQ_15_007/d14-x01-y01
PolyMarker=*
Title=Data
# xlow	 xhigh	 val	 errminus	 errplus
5.000000e-01	1.000000e+00	0.000000e+00	0.000000e+00	0.000000e+00
1.000000e+00	1.500000e+00	1.778027e-01	5.129934e-03	5.129934e-03
1.500000e+00	2.000000e+00	3.022119e-01	6.712646e-03	6.712646e-03
2.000000e+00	2.500000e+00	4.362091e-01	8.058280e-03	8.058280e-03
2.500000e+00	3.000000e+00	5.736316e-01	9.745253e-03	9.745253e-03
3.000000e+00	3.500000e+00	6.999518e-01	8.707248e-03	8.707248e-03
3.500000e+00	4.000000e+00	8.213019e-01	1.055280e-02	1.055280e-02
4.000000e+00	4.500000e+00	9.306478e-01	9.606992e-03	9.606992e-03
4.500000e+00	5.000000e+00	1.030028e+00	1.423866e-02	1.423866e-02
5.000000e+00	6.000000e+00	1.142252e+00	2.409866e-02	2.409866e-02
6.000000e+00	7.000000e+00	1.275381e+00	2.754304e-02	2.754304e-02
7.000000e+00	8.000000e+00	1.382809e+00	3.012364e-02	3.012364e-02
8.000000e+00	9.000000e+00	1.465215e+00	2.297056e-02	2.297056e-02
9.000000e+00	1.000000e+01	1.521875e+00	2.905091e-02	2.905091e-02
1.000000e+01	1.200000e+01	1.570492e+00	2.329502e-02	2.329502e-02
1.200000e+01	1.400000e+01	1.624074e+00	2.476095e-02	2.476095e-02
1.400000e+01	1.600000e+01	1.677672e+00	2.642320e-02	2.642320e-02
1.600000e+01	1.800000e+01	1.712843e+00	2.862373e-02	2.862373e-02
1.800000e+01	2.000000e+01	1.645250e+00	2.972903e-02	2.972903e-02
2.000000e+01	2.400000e+01	1.671373e+00	3.204253e-02	3.204253e-02
2.400000e+01	2.800000e+01	1.709688e+00	3.898180e-02	3.898180e-02
2.800000e+01	3.200000e+01	1.818962e+00	4.993604e-02	4.993604e-02
3.200000e+01	3.600000e+01	1.743262e+00	6.219391e-02	6.219391e-02
3.600000e+01	4.000000e+01	1.695767e+00	6.793551e-02	6.793551e-02
4.000000e+01	4.400000e+01	1.697561e+00	1.088528e-01	1.088528e-01
4.400000e+01	4.800000e+01	1.656266e+00	1.394125e-01	1.394125e-01
4.800000e+01	5.200000e+01	1.688305e+00	1.827950e-01	1.827950e-01
5.200000e+01	5.600000e+01	1.766284e+00	1.685264e-01	1.685264e-01
5.600000e+01	6.000000e+01	1.990730e+00	2.198470e-01	2.198470e-01
6.000000e+01	6.400000e+01	1.565690e+00	2.150387e-01	2.150387e-01
6.400000e+01	6.800000e+01	1.417086e+00	6.999483e-01	6.999483e-01
6.800000e+01	7.200000e+01	1.379769e+00	4.352526e-01	4.352526e-01
7.200000e+01	8.000000e+01	1.384032e+00	3.306222e-01	3.306222e-01
# END HISTO1D


# BEGIN HISTO1D //afs/cern.ch/user/m/mdessena/OtherSqrtS/CMSSW_11_2_4/src/Result_pTzero/result_TOT_0.yoda/CMS_2015_PAS_FSQ_15_007/d14-x01-y01
LineColor=red
LineStyle=solid
Path=//afs/cern.ch/user/m/mdessena/OtherSqrtS/CMSSW_11_2_4/src/Result_pTzero/result_TOT_0.yoda/CMS_2015_PAS_FSQ_15_007/d14-x01-y01
Title=result_TOT_0
# xlow	 xhigh	 val	 errminus	 errplus
5.000000e-01	1.000000e+00	nan	nan	nan
1.000000e+00	1.500000e+00	1.861519e-01	2.862812e-04	2.862812e-04
1.500000e+00	2.000000e+00	2.903586e-01	4.624213e-04	4.624213e-04
2.000000e+00	2.500000e+00	3.824229e-01	6.678505e-04	6.678505e-04
2.500000e+00	3.000000e+00	4.541872e-01	8.858838e-04	8.858838e-04
3.000000e+00	3.500000e+00	5.169852e-01	1.116453e-03	1.116453e-03
3.500000e+00	4.000000e+00	5.686126e-01	1.350477e-03	1.350477e-03
4.000000e+00	4.500000e+00	6.138824e-01	1.604584e-03	1.604584e-03
4.500000e+00	5.000000e+00	6.558855e-01	1.889881e-03	1.889881e-03
5.000000e+00	6.000000e+00	6.985682e-01	1.657479e-03	1.657479e-03
6.000000e+00	7.000000e+00	7.524983e-01	2.165042e-03	2.165042e-03
7.000000e+00	8.000000e+00	7.908220e-01	2.733885e-03	2.733885e-03
8.000000e+00	9.000000e+00	8.238129e-01	3.444492e-03	3.444492e-03
9.000000e+00	1.000000e+01	8.454830e-01	4.249462e-03	4.249462e-03
1.000000e+01	1.200000e+01	8.802908e-01	3.969301e-03	3.969301e-03
1.200000e+01	1.400000e+01	9.127094e-01	5.716254e-03	5.716254e-03
1.400000e+01	1.600000e+01	9.391710e-01	7.914658e-03	7.914658e-03
1.600000e+01	1.800000e+01	9.554668e-01	1.035059e-02	1.035059e-02
1.800000e+01	2.000000e+01	9.689955e-01	1.319427e-02	1.319427e-02
2.000000e+01	2.400000e+01	9.721909e-01	1.314026e-02	1.314026e-02
2.400000e+01	2.800000e+01	1.024932e+00	1.954280e-02	1.954280e-02
2.800000e+01	3.200000e+01	9.993540e-01	2.751086e-02	2.751086e-02
3.200000e+01	3.600000e+01	1.027273e+00	3.936408e-02	3.936408e-02
3.600000e+01	4.000000e+01	1.117911e+00	5.431942e-02	5.431942e-02
4.000000e+01	4.400000e+01	1.111159e+00	6.532633e-02	6.532633e-02
4.400000e+01	4.800000e+01	1.317241e+00	1.117050e-01	1.117050e-01
4.800000e+01	5.200000e+01	1.087559e+00	9.384339e-02	9.384339e-02
5.200000e+01	5.600000e+01	1.164725e+00	1.728400e-01	1.728400e-01
5.600000e+01	6.000000e+01	1.207304e+00	1.157786e-01	1.157786e-01
6.000000e+01	6.400000e+01	1.432395e+00	1.420098e-01	1.420098e-01
6.400000e+01	6.800000e+01	9.378771e-01	1.403782e-01	1.403782e-01
6.800000e+01	7.200000e+01	1.651232e+00	2.825611e-01	2.825611e-01
7.200000e+01	8.000000e+01	1.432394e+00	1.775887e-01	1.775887e-01
# END HISTO1D


# BEGIN HISTO1D //afs/cern.ch/user/m/mdessena/OtherSqrtS/CMSSW_11_2_4/src/Result_pTzero/result_TOT_1.yoda/CMS_2015_PAS_FSQ_15_007/d14-x01-y01
LineColor=blue
LineStyle=solid
Path=//afs/cern.ch/user/m/mdessena/OtherSqrtS/CMSSW_11_2_4/src/Result_pTzero/result_TOT_1.yoda/CMS_2015_PAS_FSQ_15_007/d14-x01-y01
Title=result_TOT_1
# xlow	 xhigh	 val	 errminus	 errplus
5.000000e-01	1.000000e+00	nan	nan	nan
1.000000e+00	1.500000e+00	1.924620e-01	3.043015e-04	3.043015e-04
1.500000e+00	2.000000e+00	3.168470e-01	5.184355e-04	5.184355e-04
2.000000e+00	2.500000e+00	4.418630e-01	7.805731e-04	7.805731e-04
2.500000e+00	3.000000e+00	5.565592e-01	1.060557e-03	1.060557e-03
3.000000e+00	3.500000e+00	6.638548e-01	1.347297e-03	1.347297e-03
3.500000e+00	4.000000e+00	7.677928e-01	1.646791e-03	1.646791e-03
4.000000e+00	4.500000e+00	8.571858e-01	1.941528e-03	1.941528e-03
4.500000e+00	5.000000e+00	9.426344e-01	2.272255e-03	2.272255e-03
5.000000e+00	6.000000e+00	1.035997e+00	1.952089e-03	1.952089e-03
6.000000e+00	7.000000e+00	1.144423e+00	2.512496e-03	2.512496e-03
7.000000e+00	8.000000e+00	1.227342e+00	3.178851e-03	3.178851e-03
8.000000e+00	9.000000e+00	1.286405e+00	3.968974e-03	3.968974e-03
9.000000e+00	1.000000e+01	1.336969e+00	4.873578e-03	4.873578e-03
1.000000e+01	1.200000e+01	1.371653e+00	4.615297e-03	4.615297e-03
1.200000e+01	1.400000e+01	1.421229e+00	6.616211e-03	6.616211e-03
1.400000e+01	1.600000e+01	1.423000e+00	9.045071e-03	9.045071e-03
1.600000e+01	1.800000e+01	1.452352e+00	1.184049e-02	1.184049e-02
1.800000e+01	2.000000e+01	1.438107e+00	1.603017e-02	1.603017e-02
2.000000e+01	2.400000e+01	1.438823e+00	1.562813e-02	1.562813e-02
2.400000e+01	2.800000e+01	1.454913e+00	2.289896e-02	2.289896e-02
2.800000e+01	3.200000e+01	1.471564e+00	3.437540e-02	3.437540e-02
3.200000e+01	3.600000e+01	1.523536e+00	4.573170e-02	4.573170e-02
3.600000e+01	4.000000e+01	1.529122e+00	6.277821e-02	6.277821e-02
4.000000e+01	4.400000e+01	1.462236e+00	7.641086e-02	7.641086e-02
4.400000e+01	4.800000e+01	1.414426e+00	8.860034e-02	8.860034e-02
4.800000e+01	5.200000e+01	1.399840e+00	1.116173e-01	1.116173e-01
5.200000e+01	5.600000e+01	1.872165e+00	2.044369e-01	2.044369e-01
5.600000e+01	6.000000e+01	1.277921e+00	1.456736e-01	1.456736e-01
6.000000e+01	6.400000e+01	1.922424e+00	2.348431e-01	2.348431e-01
6.400000e+01	6.800000e+01	1.659191e+00	1.582386e-01	1.582386e-01
6.800000e+01	7.200000e+01	1.718873e+00	3.179120e-01	3.179120e-01
7.200000e+01	8.000000e+01	1.892807e+00	2.024849e-01	2.024849e-01
# END HISTO1D


# BEGIN HISTO1D //afs/cern.ch/user/m/mdessena/OtherSqrtS/CMSSW_11_2_4/src/Result_pTzero/result_TOT_2.yoda/CMS_2015_PAS_FSQ_15_007/d14-x01-y01
LineColor=green
LineStyle=solid
Path=//afs/cern.ch/user/m/mdessena/OtherSqrtS/CMSSW_11_2_4/src/Result_pTzero/result_TOT_2.yoda/CMS_2015_PAS_FSQ_15_007/d14-x01-y01
Title=result_TOT_2
# xlow	 xhigh	 val	 errminus	 errplus
5.000000e-01	1.000000e+00	nan	nan	nan
1.000000e+00	1.500000e+00	1.886191e-01	2.945753e-04	2.945753e-04
1.500000e+00	2.000000e+00	3.030305e-01	4.888221e-04	4.888221e-04
2.000000e+00	2.500000e+00	4.088962e-01	7.148070e-04	7.148070e-04
2.500000e+00	3.000000e+00	4.973168e-01	9.516996e-04	9.516996e-04
3.000000e+00	3.500000e+00	5.787895e-01	1.200174e-03	1.200174e-03
3.500000e+00	4.000000e+00	6.479213e-01	1.451920e-03	1.451920e-03
4.000000e+00	4.500000e+00	7.096698e-01	1.724015e-03	1.724015e-03
4.500000e+00	5.000000e+00	7.614599e-01	2.011016e-03	2.011016e-03
5.000000e+00	6.000000e+00	8.279352e-01	1.757896e-03	1.757896e-03
6.000000e+00	7.000000e+00	8.994138e-01	2.287019e-03	2.287019e-03
7.000000e+00	8.000000e+00	9.514209e-01	2.901409e-03	2.901409e-03
8.000000e+00	9.000000e+00	9.909626e-01	3.645830e-03	3.645830e-03
9.000000e+00	1.000000e+01	1.026059e+00	4.514247e-03	4.514247e-03
1.000000e+01	1.200000e+01	1.052662e+00	4.223042e-03	4.223042e-03
1.200000e+01	1.400000e+01	1.077057e+00	5.950540e-03	5.950540e-03
1.400000e+01	1.600000e+01	1.095081e+00	8.043919e-03	8.043919e-03
1.600000e+01	1.800000e+01	1.099764e+00	1.107510e-02	1.107510e-02
1.800000e+01	2.000000e+01	1.096502e+00	1.391022e-02	1.391022e-02
2.000000e+01	2.400000e+01	1.155458e+00	1.427806e-02	1.427806e-02
2.400000e+01	2.800000e+01	1.179274e+00	2.168174e-02	2.168174e-02
2.800000e+01	3.200000e+01	1.177747e+00	3.025308e-02	3.025308e-02
3.200000e+01	3.600000e+01	1.157604e+00	3.999228e-02	3.999228e-02
3.600000e+01	4.000000e+01	1.191226e+00	5.927229e-02	5.927229e-02
4.000000e+01	4.400000e+01	1.337513e+00	7.535883e-02	7.535883e-02
4.400000e+01	4.800000e+01	1.352817e+00	1.097470e-01	1.097470e-01
4.800000e+01	5.200000e+01	1.303244e+00	9.787251e-02	9.787251e-02
5.200000e+01	5.600000e+01	1.169177e+00	1.208216e-01	1.208216e-01
5.600000e+01	6.000000e+01	1.426843e+00	1.272335e-01	1.272335e-01
6.000000e+01	6.400000e+01	1.117268e+00	1.000780e-01	1.000780e-01
6.400000e+01	6.800000e+01	1.205599e+00	2.015878e-01	2.015878e-01
6.800000e+01	7.200000e+01	1.447315e+00	1.905738e-01	1.905738e-01
7.200000e+01	8.000000e+01	1.565023e+00	2.089637e-01	2.089637e-01
# END HISTO1D


# BEGIN HISTO1D //afs/cern.ch/user/m/mdessena/OtherSqrtS/CMSSW_11_2_4/src/Result_pTzero/result_TOT_3.yoda/CMS_2015_PAS_FSQ_15_007/d14-x01-y01
LineColor=orange
LineStyle=solid
Path=//afs/cern.ch/user/m/mdessena/OtherSqrtS/CMSSW_11_2_4/src/Result_pTzero/result_TOT_3.yoda/CMS_2015_PAS_FSQ_15_007/d14-x01-y01
Title=result_TOT_3
# xlow	 xhigh	 val	 errminus	 errplus
5.000000e-01	1.000000e+00	nan	nan	nan
1.000000e+00	1.500000e+00	1.777128e-01	2.632342e-04	2.632342e-04
1.500000e+00	2.000000e+00	2.562066e-01	4.092713e-04	4.092713e-04
2.000000e+00	2.500000e+00	3.132641e-01	5.808992e-04	5.808992e-04
2.500000e+00	3.000000e+00	3.545788e-01	7.721509e-04	7.721509e-04
3.000000e+00	3.500000e+00	3.878413e-01	9.656804e-04	9.656804e-04
3.500000e+00	4.000000e+00	4.149760e-01	1.176908e-03	1.176908e-03
4.000000e+00	4.500000e+00	4.388092e-01	1.411720e-03	1.411720e-03
4.500000e+00	5.000000e+00	4.599682e-01	1.649703e-03	1.649703e-03
5.000000e+00	6.000000e+00	4.817352e-01	1.449075e-03	1.449075e-03
6.000000e+00	7.000000e+00	5.120045e-01	1.889104e-03	1.889104e-03
7.000000e+00	8.000000e+00	5.399522e-01	2.420391e-03	2.420391e-03
8.000000e+00	9.000000e+00	5.562436e-01	2.991790e-03	2.991790e-03
9.000000e+00	1.000000e+01	5.745847e-01	3.664154e-03	3.664154e-03
1.000000e+01	1.200000e+01	5.919032e-01	3.478778e-03	3.478778e-03
1.200000e+01	1.400000e+01	6.092463e-01	4.739655e-03	4.739655e-03
1.400000e+01	1.600000e+01	6.375208e-01	6.712012e-03	6.712012e-03
1.600000e+01	1.800000e+01	6.418302e-01	8.632706e-03	8.632706e-03
1.800000e+01	2.000000e+01	6.863835e-01	1.167192e-02	1.167192e-02
2.000000e+01	2.400000e+01	6.975025e-01	1.154747e-02	1.154747e-02
2.400000e+01	2.800000e+01	7.418742e-01	1.762481e-02	1.762481e-02
2.800000e+01	3.200000e+01	7.534992e-01	2.423150e-02	2.423150e-02
3.200000e+01	3.600000e+01	7.467170e-01	3.293333e-02	3.293333e-02
3.600000e+01	4.000000e+01	7.779185e-01	5.025646e-02	5.025646e-02
4.000000e+01	4.400000e+01	7.767985e-01	6.060131e-02	6.060131e-02
4.400000e+01	4.800000e+01	9.992657e-01	8.639677e-02	8.639677e-02
4.800000e+01	5.200000e+01	1.007017e+00	9.286262e-02	9.286262e-02
5.200000e+01	5.600000e+01	9.771372e-01	1.237954e-01	1.237954e-01
5.600000e+01	6.000000e+01	7.864129e-01	1.928688e-01	1.928688e-01
6.000000e+01	6.400000e+01	7.888548e-01	1.619543e-01	1.619543e-01
6.400000e+01	6.800000e+01	8.263815e-01	1.394537e-01	1.394537e-01
6.800000e+01	7.200000e+01	9.847712e-01	2.647575e-01	2.647575e-01
7.200000e+01	8.000000e+01	7.311181e-01	2.026517e-01	2.026517e-01
# END HISTO1D


# BEGIN HISTO1D //afs/cern.ch/user/m/mdessena/OtherSqrtS/CMSSW_11_2_4/src/Result_pTzero/result_TOT_4.yoda/CMS_2015_PAS_FSQ_15_007/d14-x01-y01
LineColor=lilac
LineStyle=solid
Path=//afs/cern.ch/user/m/mdessena/OtherSqrtS/CMSSW_11_2_4/src/Result_pTzero/result_TOT_4.yoda/CMS_2015_PAS_FSQ_15_007/d14-x01-y01
Title=result_TOT_4
# xlow	 xhigh	 val	 errminus	 errplus
5.000000e-01	1.000000e+00	nan	nan	nan
1.000000e+00	1.500000e+00	2.053002e-01	3.223401e-04	3.223401e-04
1.500000e+00	2.000000e+00	3.549284e-01	5.820299e-04	5.820299e-04
2.000000e+00	2.500000e+00	5.178214e-01	9.280911e-04	9.280911e-04
2.500000e+00	3.000000e+00	6.862972e-01	1.345584e-03	1.345584e-03
3.000000e+00	3.500000e+00	8.532882e-01	1.781702e-03	1.781702e-03
3.500000e+00	4.000000e+00	1.034653e+00	2.258378e-03	2.258378e-03
4.000000e+00	4.500000e+00	1.225332e+00	2.754162e-03	2.754162e-03
4.500000e+00	5.000000e+00	1.407797e+00	3.232472e-03	3.232472e-03
5.000000e+00	6.000000e+00	1.677413e+00	2.798351e-03	2.798351e-03
6.000000e+00	7.000000e+00	1.988296e+00	3.433419e-03	3.433419e-03
7.000000e+00	8.000000e+00	2.241196e+00	4.095621e-03	4.095621e-03
8.000000e+00	9.000000e+00	2.422301e+00	4.884077e-03	4.884077e-03
9.000000e+00	1.000000e+01	2.562121e+00	5.833368e-03	5.833368e-03
1.000000e+01	1.200000e+01	2.695667e+00	5.337993e-03	5.337993e-03
1.200000e+01	1.400000e+01	2.817858e+00	7.659077e-03	7.659077e-03
1.400000e+01	1.600000e+01	2.848269e+00	1.069700e-02	1.069700e-02
1.600000e+01	1.800000e+01	2.865940e+00	1.494370e-02	1.494370e-02
1.800000e+01	2.000000e+01	2.845658e+00	2.009616e-02	2.009616e-02
2.000000e+01	2.400000e+01	2.860699e+00	2.031079e-02	2.031079e-02
2.400000e+01	2.800000e+01	2.805002e+00	3.287796e-02	3.287796e-02
2.800000e+01	3.200000e+01	2.764047e+00	4.653690e-02	4.653690e-02
3.200000e+01	3.600000e+01	2.711011e+00	6.196151e-02	6.196151e-02
3.600000e+01	4.000000e+01	2.932853e+00	8.932141e-02	8.932141e-02
4.000000e+01	4.400000e+01	2.695861e+00	1.002229e-01	1.002229e-01
4.400000e+01	4.800000e+01	2.763881e+00	1.332643e-01	1.332643e-01
4.800000e+01	5.200000e+01	2.754897e+00	1.746151e-01	1.746151e-01
5.200000e+01	5.600000e+01	2.933756e+00	2.461673e-01	2.461673e-01
5.600000e+01	6.000000e+01	3.055775e+00	2.552688e-01	2.552688e-01
6.000000e+01	6.400000e+01	2.506691e+00	3.415949e-01	3.415949e-01
6.400000e+01	6.800000e+01	2.307747e+00	3.644218e-01	3.644218e-01
6.800000e+01	7.200000e+01	3.262677e+00	3.626908e-01	3.626908e-01
7.200000e+01	8.000000e+01	2.339578e+00	3.409776e-01	3.409776e-01
# END HISTO1D


# BEGIN HISTO1D //afs/cern.ch/user/m/mdessena/OtherSqrtS/CMSSW_11_2_4/src/Result_pTzero/result_TOT_5.yoda/CMS_2015_PAS_FSQ_15_007/d14-x01-y01
LineColor=red
LineStyle=dashed
Path=//afs/cern.ch/user/m/mdessena/OtherSqrtS/CMSSW_11_2_4/src/Result_pTzero/result_TOT_5.yoda/CMS_2015_PAS_FSQ_15_007/d14-x01-y01
Title=result_TOT_5
# xlow	 xhigh	 val	 errminus	 errplus
5.000000e-01	1.000000e+00	nan	nan	nan
1.000000e+00	1.500000e+00	1.979744e-01	3.136506e-04	3.136506e-04
1.500000e+00	2.000000e+00	3.356480e-01	5.527857e-04	5.527857e-04
2.000000e+00	2.500000e+00	4.804195e-01	8.583350e-04	8.583350e-04
2.500000e+00	3.000000e+00	6.196406e-01	1.206574e-03	1.206574e-03
3.000000e+00	3.500000e+00	7.663542e-01	1.578703e-03	1.578703e-03
3.500000e+00	4.000000e+00	9.059234e-01	1.945223e-03	1.945223e-03
4.000000e+00	4.500000e+00	1.052441e+00	2.343393e-03	2.343393e-03
4.500000e+00	5.000000e+00	1.180759e+00	2.732149e-03	2.732149e-03
5.000000e+00	6.000000e+00	1.355116e+00	2.346976e-03	2.346976e-03
6.000000e+00	7.000000e+00	1.555152e+00	2.942561e-03	2.942561e-03
7.000000e+00	8.000000e+00	1.701853e+00	3.622598e-03	3.622598e-03
8.000000e+00	9.000000e+00	1.820743e+00	4.500140e-03	4.500140e-03
9.000000e+00	1.000000e+01	1.888269e+00	5.449627e-03	5.449627e-03
1.000000e+01	1.200000e+01	1.977767e+00	5.079930e-03	5.079930e-03
1.200000e+01	1.400000e+01	2.038076e+00	7.326440e-03	7.326440e-03
1.400000e+01	1.600000e+01	2.066831e+00	1.028042e-02	1.028042e-02
1.600000e+01	1.800000e+01	2.052701e+00	1.388829e-02	1.388829e-02
1.800000e+01	2.000000e+01	2.064376e+00	1.830864e-02	1.830864e-02
2.000000e+01	2.400000e+01	2.075245e+00	1.885887e-02	1.885887e-02
2.400000e+01	2.800000e+01	2.051631e+00	2.821540e-02	2.821540e-02
2.800000e+01	3.200000e+01	2.005469e+00	3.886412e-02	3.886412e-02
3.200000e+01	3.600000e+01	2.034988e+00	5.701104e-02	5.701104e-02
3.600000e+01	4.000000e+01	1.984233e+00	6.288039e-02	6.288039e-02
4.000000e+01	4.400000e+01	1.991414e+00	9.570834e-02	9.570834e-02
4.400000e+01	4.800000e+01	2.163923e+00	1.051227e-01	1.051227e-01
4.800000e+01	5.200000e+01	2.166956e+00	1.577325e-01	1.577325e-01
5.200000e+01	5.600000e+01	2.351956e+00	1.709090e-01	1.709090e-01
5.600000e+01	6.000000e+01	2.264547e+00	1.837188e-01	1.837188e-01
6.000000e+01	6.400000e+01	2.244085e+00	3.066083e-01	3.066083e-01
6.400000e+01	6.800000e+01	2.264107e+00	2.450336e-01	2.450336e-01
6.800000e+01	7.200000e+01	1.894939e+00	2.248701e-01	2.248701e-01
7.200000e+01	8.000000e+01	1.714533e+00	2.571594e-01	2.571594e-01
# END HISTO1D


# BEGIN HISTO1D //afs/cern.ch/user/m/mdessena/OtherSqrtS/CMSSW_11_2_4/src/Result_pTzero/result_TOT_6.yoda/CMS_2015_PAS_FSQ_15_007/d14-x01-y01
LineColor=blue
LineStyle=dashed
Path=//afs/cern.ch/user/m/mdessena/OtherSqrtS/CMSSW_11_2_4/src/Result_pTzero/result_TOT_6.yoda/CMS_2015_PAS_FSQ_15_007/d14-x01-y01
Title=result_TOT_6
# xlow	 xhigh	 val	 errminus	 errplus
5.000000e-01	1.000000e+00	nan	nan	nan
1.000000e+00	1.500000e+00	1.832355e-01	2.765782e-04	2.765782e-04
1.500000e+00	2.000000e+00	2.763776e-01	4.383015e-04	4.383015e-04
2.000000e+00	2.500000e+00	3.518347e-01	6.276716e-04	6.276716e-04
2.500000e+00	3.000000e+00	4.089533e-01	8.316721e-04	8.316721e-04
3.000000e+00	3.500000e+00	4.567579e-01	1.041526e-03	1.041526e-03
3.500000e+00	4.000000e+00	4.979319e-01	1.279565e-03	1.279565e-03
4.000000e+00	4.500000e+00	5.288825e-01	1.508141e-03	1.508141e-03
4.500000e+00	5.000000e+00	5.598320e-01	1.772513e-03	1.772513e-03
5.000000e+00	6.000000e+00	5.924248e-01	1.559569e-03	1.559569e-03
6.000000e+00	7.000000e+00	6.323180e-01	2.043692e-03	2.043692e-03
7.000000e+00	8.000000e+00	6.653720e-01	2.591909e-03	2.591909e-03
8.000000e+00	9.000000e+00	6.964035e-01	3.284119e-03	3.284119e-03
9.000000e+00	1.000000e+01	7.080922e-01	3.950338e-03	3.950338e-03
1.000000e+01	1.200000e+01	7.383304e-01	3.692837e-03	3.692837e-03
1.200000e+01	1.400000e+01	7.685497e-01	5.402432e-03	5.402432e-03
1.400000e+01	1.600000e+01	7.884746e-01	7.261566e-03	7.261566e-03
1.600000e+01	1.800000e+01	8.153217e-01	9.484855e-03	9.484855e-03
1.800000e+01	2.000000e+01	8.220966e-01	1.250429e-02	1.250429e-02
2.000000e+01	2.400000e+01	8.236314e-01	1.227043e-02	1.227043e-02
2.400000e+01	2.800000e+01	8.369558e-01	1.808403e-02	1.808403e-02
2.800000e+01	3.200000e+01	9.288125e-01	2.659530e-02	2.659530e-02
3.200000e+01	3.600000e+01	9.379241e-01	3.470757e-02	3.470757e-02
3.600000e+01	4.000000e+01	9.031847e-01	4.523868e-02	4.523868e-02
4.000000e+01	4.400000e+01	8.952466e-01	5.511936e-02	5.511936e-02
4.400000e+01	4.800000e+01	9.839647e-01	9.266609e-02	9.266609e-02
4.800000e+01	5.200000e+01	9.700873e-01	7.694358e-02	7.694358e-02
5.200000e+01	5.600000e+01	9.386525e-01	1.461205e-01	1.461205e-01
5.600000e+01	6.000000e+01	9.134109e-01	1.668984e-01	1.668984e-01
6.000000e+01	6.400000e+01	8.144988e-01	1.024761e-01	1.024761e-01
6.400000e+01	6.800000e+01	1.148189e+00	2.613205e-01	2.613205e-01
6.800000e+01	7.200000e+01	1.542578e+00	2.919055e-01	2.919055e-01
7.200000e+01	8.000000e+01	1.235791e+00	2.129740e-01	2.129740e-01
# END HISTO1D


# BEGIN HISTO1D //afs/cern.ch/user/m/mdessena/OtherSqrtS/CMSSW_11_2_4/src/Result_pTzero/result_TOT_7.yoda/CMS_2015_PAS_FSQ_15_007/d14-x01-y01
LineColor=green
LineStyle=dashed
Path=//afs/cern.ch/user/m/mdessena/OtherSqrtS/CMSSW_11_2_4/src/Result_pTzero/result_TOT_7.yoda/CMS_2015_PAS_FSQ_15_007/d14-x01-y01
Title=result_TOT_7
# xlow	 xhigh	 val	 errminus	 errplus
5.000000e-01	1.000000e+00	nan	nan	nan
1.000000e+00	1.500000e+00	1.783518e-01	2.652289e-04	2.652289e-04
1.500000e+00	2.000000e+00	2.581307e-01	4.112334e-04	4.112334e-04
2.000000e+00	2.500000e+00	3.187112e-01	5.883701e-04	5.883701e-04
2.500000e+00	3.000000e+00	3.617294e-01	7.782651e-04	7.782651e-04
3.000000e+00	3.500000e+00	3.944966e-01	9.769670e-04	9.769670e-04
3.500000e+00	4.000000e+00	4.222746e-01	1.186915e-03	1.186915e-03
4.000000e+00	4.500000e+00	4.459336e-01	1.411678e-03	1.411678e-03
4.500000e+00	5.000000e+00	4.699293e-01	1.662596e-03	1.662596e-03
5.000000e+00	6.000000e+00	4.950560e-01	1.465969e-03	1.465969e-03
6.000000e+00	7.000000e+00	5.256258e-01	1.904776e-03	1.904776e-03
7.000000e+00	8.000000e+00	5.470065e-01	2.432637e-03	2.432637e-03
8.000000e+00	9.000000e+00	5.683314e-01	3.029108e-03	3.029108e-03
9.000000e+00	1.000000e+01	5.866759e-01	3.736227e-03	3.736227e-03
1.000000e+01	1.200000e+01	6.137593e-01	3.512761e-03	3.512761e-03
1.200000e+01	1.400000e+01	6.354023e-01	4.950424e-03	4.950424e-03
1.400000e+01	1.600000e+01	6.521028e-01	6.885903e-03	6.885903e-03
1.600000e+01	1.800000e+01	6.706081e-01	8.947968e-03	8.947968e-03
1.800000e+01	2.000000e+01	6.826697e-01	1.165176e-02	1.165176e-02
2.000000e+01	2.400000e+01	7.100657e-01	1.166760e-02	1.166760e-02
2.400000e+01	2.800000e+01	7.679915e-01	1.766150e-02	1.766150e-02
2.800000e+01	3.200000e+01	8.035384e-01	2.552494e-02	2.552494e-02
3.200000e+01	3.600000e+01	8.049106e-01	3.587986e-02	3.587986e-02
3.600000e+01	4.000000e+01	8.231407e-01	4.132204e-02	4.132204e-02
4.000000e+01	4.400000e+01	9.060090e-01	6.438968e-02	6.438968e-02
4.400000e+01	4.800000e+01	8.504843e-01	7.378345e-02	7.378345e-02
4.800000e+01	5.200000e+01	1.076390e+00	9.450866e-02	9.450866e-02
5.200000e+01	5.600000e+01	8.875949e-01	1.091682e-01	1.091682e-01
5.600000e+01	6.000000e+01	1.128553e+00	1.623797e-01	1.623797e-01
6.000000e+01	6.400000e+01	9.708453e-01	1.870614e-01	1.870614e-01
6.400000e+01	6.800000e+01	9.408865e-01	1.718486e-01	1.718486e-01
6.800000e+01	7.200000e+01	5.769367e-01	1.117374e-01	1.117374e-01
7.200000e+01	8.000000e+01	1.065114e+00	1.613179e-01	1.613179e-01
# END HISTO1D

