# BEGIN PLOT
XTwosidedTicks=1
YTwosidedTicks=1
XMax=52
XLabelSep=4.4
RatioPlotReference=/CMS_2015_PAS_FSQ_15_007/d15-x01-y01
ConnectBins=0
RatioPlot=1
LogY=0
LegendXPos=0.40
XLabel=\large{$p_\text{T}^{\text{jet}}$[GeV]}
YLabelSep=5.4
YLabel=\large{$(1/N_\text{events})\; dN_\text{ch}\,/d\eta\, d\phi$}
Title=\large{CMS, 13 TeV, MB, TransDIF charged-particle density}
DrawOnly=/CMS_2015_PAS_FSQ_15_007/d15-x01-y01 //afs/cern.ch/user/m/mdessena/OtherSqrtS/CMSSW_11_2_4/src/Result_pTzero/result_TOT_0.yoda/CMS_2015_PAS_FSQ_15_007/d15-x01-y01 //afs/cern.ch/user/m/mdessena/OtherSqrtS/CMSSW_11_2_4/src/Result_pTzero/result_TOT_1.yoda/CMS_2015_PAS_FSQ_15_007/d15-x01-y01 //afs/cern.ch/user/m/mdessena/OtherSqrtS/CMSSW_11_2_4/src/Result_pTzero/result_TOT_2.yoda/CMS_2015_PAS_FSQ_15_007/d15-x01-y01 //afs/cern.ch/user/m/mdessena/OtherSqrtS/CMSSW_11_2_4/src/Result_pTzero/result_TOT_3.yoda/CMS_2015_PAS_FSQ_15_007/d15-x01-y01 //afs/cern.ch/user/m/mdessena/OtherSqrtS/CMSSW_11_2_4/src/Result_pTzero/result_TOT_4.yoda/CMS_2015_PAS_FSQ_15_007/d15-x01-y01 //afs/cern.ch/user/m/mdessena/OtherSqrtS/CMSSW_11_2_4/src/Result_pTzero/result_TOT_5.yoda/CMS_2015_PAS_FSQ_15_007/d15-x01-y01 //afs/cern.ch/user/m/mdessena/OtherSqrtS/CMSSW_11_2_4/src/Result_pTzero/result_TOT_6.yoda/CMS_2015_PAS_FSQ_15_007/d15-x01-y01 //afs/cern.ch/user/m/mdessena/OtherSqrtS/CMSSW_11_2_4/src/Result_pTzero/result_TOT_7.yoda/CMS_2015_PAS_FSQ_15_007/d15-x01-y01
RatioPlotErrorBandColor=grey!40!yellow!60
LegendYPos=0.50
Legend=1
LegendOnly=/CMS_2015_PAS_FSQ_15_007/d15-x01-y01 //afs/cern.ch/user/m/mdessena/OtherSqrtS/CMSSW_11_2_4/src/Result_pTzero/result_TOT_0.yoda/CMS_2015_PAS_FSQ_15_007/d15-x01-y01 //afs/cern.ch/user/m/mdessena/OtherSqrtS/CMSSW_11_2_4/src/Result_pTzero/result_TOT_1.yoda/CMS_2015_PAS_FSQ_15_007/d15-x01-y01 //afs/cern.ch/user/m/mdessena/OtherSqrtS/CMSSW_11_2_4/src/Result_pTzero/result_TOT_2.yoda/CMS_2015_PAS_FSQ_15_007/d15-x01-y01 //afs/cern.ch/user/m/mdessena/OtherSqrtS/CMSSW_11_2_4/src/Result_pTzero/result_TOT_3.yoda/CMS_2015_PAS_FSQ_15_007/d15-x01-y01 //afs/cern.ch/user/m/mdessena/OtherSqrtS/CMSSW_11_2_4/src/Result_pTzero/result_TOT_4.yoda/CMS_2015_PAS_FSQ_15_007/d15-x01-y01 //afs/cern.ch/user/m/mdessena/OtherSqrtS/CMSSW_11_2_4/src/Result_pTzero/result_TOT_5.yoda/CMS_2015_PAS_FSQ_15_007/d15-x01-y01 //afs/cern.ch/user/m/mdessena/OtherSqrtS/CMSSW_11_2_4/src/Result_pTzero/result_TOT_6.yoda/CMS_2015_PAS_FSQ_15_007/d15-x01-y01 //afs/cern.ch/user/m/mdessena/OtherSqrtS/CMSSW_11_2_4/src/Result_pTzero/result_TOT_7.yoda/CMS_2015_PAS_FSQ_15_007/d15-x01-y01
# END PLOT

# BEGIN HISTO1D /CMS_2015_PAS_FSQ_15_007/d15-x01-y01
ConnectBins=0
ErrorBars=1
Path=/CMS_2015_PAS_FSQ_15_007/d15-x01-y01
PolyMarker=*
Title=Data
# xlow	 xhigh	 val	 errminus	 errplus
5.000000e-01	1.000000e+00	0.000000e+00	0.000000e+00	0.000000e+00
1.000000e+00	1.500000e+00	1.382273e-01	4.334092e-03	4.334092e-03
1.500000e+00	2.000000e+00	2.063684e-01	3.666420e-03	3.666420e-03
2.000000e+00	2.500000e+00	2.672586e-01	3.396924e-03	3.396924e-03
2.500000e+00	3.000000e+00	3.208189e-01	3.990618e-03	3.990618e-03
3.000000e+00	3.500000e+00	3.646019e-01	4.048452e-03	4.048452e-03
3.500000e+00	4.000000e+00	4.095014e-01	4.973023e-03	4.973023e-03
4.000000e+00	4.500000e+00	4.436314e-01	4.965250e-03	4.965250e-03
4.500000e+00	5.000000e+00	4.739494e-01	4.243986e-03	4.243986e-03
5.000000e+00	6.000000e+00	5.087321e-01	9.090897e-03	9.090897e-03
6.000000e+00	7.000000e+00	5.496968e-01	9.966757e-03	9.966757e-03
7.000000e+00	8.000000e+00	5.790068e-01	7.055950e-03	7.055950e-03
8.000000e+00	9.000000e+00	5.989965e-01	3.150470e-03	3.150470e-03
9.000000e+00	1.000000e+01	6.201826e-01	5.093508e-03	5.093508e-03
1.000000e+01	1.200000e+01	6.336242e-01	7.499973e-03	7.499973e-03
1.200000e+01	1.400000e+01	6.496956e-01	8.245761e-03	8.245761e-03
1.400000e+01	1.600000e+01	6.879321e-01	9.517187e-03	9.517187e-03
1.600000e+01	1.800000e+01	6.974485e-01	1.105099e-02	1.105099e-02
1.800000e+01	2.000000e+01	6.671220e-01	1.251501e-02	1.251501e-02
2.000000e+01	2.400000e+01	6.814464e-01	1.347159e-02	1.347159e-02
2.400000e+01	2.800000e+01	7.398219e-01	1.751127e-02	1.751127e-02
2.800000e+01	3.200000e+01	8.730523e-01	2.494668e-02	2.494668e-02
3.200000e+01	3.600000e+01	8.135475e-01	3.930981e-02	3.930981e-02
3.600000e+01	4.000000e+01	6.777098e-01	3.714719e-02	3.714719e-02
4.000000e+01	4.400000e+01	9.188631e-01	7.247151e-02	7.247151e-02
4.400000e+01	4.800000e+01	8.234799e-01	8.554850e-02	8.554850e-02
4.800000e+01	5.200000e+01	8.092674e-01	1.097447e-01	1.097447e-01
5.200000e+01	5.600000e+01	6.364399e-01	9.309055e-02	9.309055e-02
5.600000e+01	6.000000e+01	1.065983e+00	2.347411e-01	2.347411e-01
6.000000e+01	6.400000e+01	4.252454e-01	9.558094e-02	9.558094e-02
6.400000e+01	6.800000e+01	5.019427e-01	2.665699e-01	2.665699e-01
6.800000e+01	7.200000e+01	7.594338e-01	3.366555e-01	3.366555e-01
7.200000e+01	8.000000e+01	6.304793e-01	1.630184e-01	1.630184e-01
# END HISTO1D


# BEGIN HISTO1D //afs/cern.ch/user/m/mdessena/OtherSqrtS/CMSSW_11_2_4/src/Result_pTzero/result_TOT_0.yoda/CMS_2015_PAS_FSQ_15_007/d15-x01-y01
LineColor=red
LineStyle=solid
Path=//afs/cern.ch/user/m/mdessena/OtherSqrtS/CMSSW_11_2_4/src/Result_pTzero/result_TOT_0.yoda/CMS_2015_PAS_FSQ_15_007/d15-x01-y01
Title=result_TOT_0
# xlow	 xhigh	 val	 errminus	 errplus
5.000000e-01	1.000000e+00	nan	nan	nan
1.000000e+00	1.500000e+00	1.424581e-01	2.541009e-04	2.541009e-04
1.500000e+00	2.000000e+00	2.024977e-01	3.888614e-04	3.888614e-04
2.000000e+00	2.500000e+00	2.498220e-01	5.386557e-04	5.386557e-04
2.500000e+00	3.000000e+00	2.812577e-01	6.890833e-04	6.890833e-04
3.000000e+00	3.500000e+00	3.094329e-01	8.510528e-04	8.510528e-04
3.500000e+00	4.000000e+00	3.318225e-01	1.015411e-03	1.015411e-03
4.000000e+00	4.500000e+00	3.493084e-01	1.181693e-03	1.181693e-03
4.500000e+00	5.000000e+00	3.681890e-01	1.384106e-03	1.384106e-03
5.000000e+00	6.000000e+00	3.839841e-01	1.195525e-03	1.195525e-03
6.000000e+00	7.000000e+00	4.059639e-01	1.539737e-03	1.539737e-03
7.000000e+00	8.000000e+00	4.222121e-01	1.930832e-03	1.930832e-03
8.000000e+00	9.000000e+00	4.366173e-01	2.422998e-03	2.422998e-03
9.000000e+00	1.000000e+01	4.411757e-01	2.957196e-03	2.957196e-03
1.000000e+01	1.200000e+01	4.617382e-01	2.774971e-03	2.774971e-03
1.200000e+01	1.400000e+01	4.738029e-01	3.963230e-03	3.963230e-03
1.400000e+01	1.600000e+01	4.904068e-01	5.559691e-03	5.559691e-03
1.600000e+01	1.800000e+01	4.978168e-01	7.242003e-03	7.242003e-03
1.800000e+01	2.000000e+01	5.161703e-01	9.517611e-03	9.517611e-03
2.000000e+01	2.400000e+01	5.139047e-01	9.126408e-03	9.126408e-03
2.400000e+01	2.800000e+01	5.596421e-01	1.388713e-02	1.388713e-02
2.800000e+01	3.200000e+01	5.272972e-01	1.835518e-02	1.835518e-02
3.200000e+01	3.600000e+01	5.669072e-01	2.717799e-02	2.717799e-02
3.600000e+01	4.000000e+01	6.220817e-01	3.907832e-02	3.907832e-02
4.000000e+01	4.400000e+01	6.003418e-01	5.118452e-02	5.118452e-02
4.400000e+01	4.800000e+01	7.527093e-01	7.596874e-02	7.596874e-02
4.800000e+01	5.200000e+01	5.873575e-01	7.674468e-02	7.674468e-02
5.200000e+01	5.600000e+01	6.583227e-01	1.354745e-01	1.354745e-01
5.600000e+01	6.000000e+01	5.729577e-01	9.295147e-02	9.295147e-02
6.000000e+01	6.400000e+01	7.804715e-01	1.158681e-01	1.158681e-01
6.400000e+01	6.800000e+01	4.945171e-01	1.403782e-01	1.403782e-01
6.800000e+01	7.200000e+01	1.054402e+00	2.449071e-01	2.449071e-01
7.200000e+01	8.000000e+01	5.189835e-01	1.314055e-01	1.314055e-01
# END HISTO1D


# BEGIN HISTO1D //afs/cern.ch/user/m/mdessena/OtherSqrtS/CMSSW_11_2_4/src/Result_pTzero/result_TOT_1.yoda/CMS_2015_PAS_FSQ_15_007/d15-x01-y01
LineColor=blue
LineStyle=solid
Path=//afs/cern.ch/user/m/mdessena/OtherSqrtS/CMSSW_11_2_4/src/Result_pTzero/result_TOT_1.yoda/CMS_2015_PAS_FSQ_15_007/d15-x01-y01
Title=result_TOT_1
# xlow	 xhigh	 val	 errminus	 errplus
5.000000e-01	1.000000e+00	nan	nan	nan
1.000000e+00	1.500000e+00	1.450732e-01	2.663906e-04	2.663906e-04
1.500000e+00	2.000000e+00	2.132209e-01	4.245122e-04	4.245122e-04
2.000000e+00	2.500000e+00	2.710583e-01	6.030490e-04	6.030490e-04
2.500000e+00	3.000000e+00	3.184021e-01	7.836820e-04	7.836820e-04
3.000000e+00	3.500000e+00	3.583058e-01	9.566616e-04	9.566616e-04
3.500000e+00	4.000000e+00	3.966339e-01	1.141369e-03	1.141369e-03
4.000000e+00	4.500000e+00	4.257453e-01	1.320108e-03	1.320108e-03
4.500000e+00	5.000000e+00	4.538208e-01	1.512893e-03	1.512893e-03
5.000000e+00	6.000000e+00	4.833769e-01	1.287018e-03	1.287018e-03
6.000000e+00	7.000000e+00	5.174363e-01	1.639503e-03	1.639503e-03
7.000000e+00	8.000000e+00	5.445484e-01	2.060881e-03	2.060881e-03
8.000000e+00	9.000000e+00	5.564162e-01	2.523744e-03	2.523744e-03
9.000000e+00	1.000000e+01	5.786585e-01	3.139311e-03	3.139311e-03
1.000000e+01	1.200000e+01	5.874055e-01	2.941330e-03	2.941330e-03
1.200000e+01	1.400000e+01	6.152973e-01	4.311677e-03	4.311677e-03
1.400000e+01	1.600000e+01	6.154544e-01	5.794526e-03	5.794526e-03
1.600000e+01	1.800000e+01	6.184395e-01	7.430631e-03	7.430631e-03
1.800000e+01	2.000000e+01	6.130442e-01	1.012019e-02	1.012019e-02
2.000000e+01	2.400000e+01	6.330306e-01	1.023749e-02	1.023749e-02
2.400000e+01	2.800000e+01	6.477945e-01	1.470947e-02	1.470947e-02
2.800000e+01	3.200000e+01	6.672352e-01	2.311962e-02	2.311962e-02
3.200000e+01	3.600000e+01	6.685685e-01	2.980448e-02	2.980448e-02
3.600000e+01	4.000000e+01	6.678332e-01	4.195883e-02	4.195883e-02
4.000000e+01	4.400000e+01	6.407157e-01	4.496767e-02	4.496767e-02
4.400000e+01	4.800000e+01	6.417538e-01	5.885180e-02	5.885180e-02
4.800000e+01	5.200000e+01	6.257683e-01	7.082044e-02	7.082044e-02
5.200000e+01	5.600000e+01	9.172350e-01	1.464429e-01	1.464429e-01
5.600000e+01	6.000000e+01	6.038526e-01	1.206299e-01	1.206299e-01
6.000000e+01	6.400000e+01	8.418458e-01	1.243153e-01	1.243153e-01
6.400000e+01	6.800000e+01	8.236270e-01	1.357949e-01	1.357949e-01
6.800000e+01	7.200000e+01	9.071832e-01	1.623069e-01	1.623069e-01
7.200000e+01	8.000000e+01	7.332493e-01	1.649898e-01	1.649898e-01
# END HISTO1D


# BEGIN HISTO1D //afs/cern.ch/user/m/mdessena/OtherSqrtS/CMSSW_11_2_4/src/Result_pTzero/result_TOT_2.yoda/CMS_2015_PAS_FSQ_15_007/d15-x01-y01
LineColor=green
LineStyle=solid
Path=//afs/cern.ch/user/m/mdessena/OtherSqrtS/CMSSW_11_2_4/src/Result_pTzero/result_TOT_2.yoda/CMS_2015_PAS_FSQ_15_007/d15-x01-y01
Title=result_TOT_2
# xlow	 xhigh	 val	 errminus	 errplus
5.000000e-01	1.000000e+00	nan	nan	nan
1.000000e+00	1.500000e+00	1.433974e-01	2.599724e-04	2.599724e-04
1.500000e+00	2.000000e+00	2.078472e-01	4.052556e-04	4.052556e-04
2.000000e+00	2.500000e+00	2.594075e-01	5.662652e-04	5.662652e-04
2.500000e+00	3.000000e+00	2.968297e-01	7.233181e-04	7.233181e-04
3.000000e+00	3.500000e+00	3.314693e-01	8.860712e-04	8.860712e-04
3.500000e+00	4.000000e+00	3.596730e-01	1.059408e-03	1.059408e-03
4.000000e+00	4.500000e+00	3.808453e-01	1.230130e-03	1.230130e-03
4.500000e+00	5.000000e+00	4.001298e-01	1.425529e-03	1.425529e-03
5.000000e+00	6.000000e+00	4.254663e-01	1.226009e-03	1.226009e-03
6.000000e+00	7.000000e+00	4.505292e-01	1.567755e-03	1.567755e-03
7.000000e+00	8.000000e+00	4.714813e-01	1.981984e-03	1.981984e-03
8.000000e+00	9.000000e+00	4.846854e-01	2.473448e-03	2.473448e-03
9.000000e+00	1.000000e+01	5.017195e-01	3.063180e-03	3.063180e-03
1.000000e+01	1.200000e+01	5.099806e-01	2.827878e-03	2.827878e-03
1.200000e+01	1.400000e+01	5.249126e-01	3.982814e-03	3.982814e-03
1.400000e+01	1.600000e+01	5.280080e-01	5.376451e-03	5.376451e-03
1.600000e+01	1.800000e+01	5.344103e-01	7.452521e-03	7.452521e-03
1.800000e+01	2.000000e+01	5.392779e-01	9.710964e-03	9.710964e-03
2.000000e+01	2.400000e+01	5.602404e-01	9.613031e-03	9.613031e-03
2.400000e+01	2.800000e+01	5.851879e-01	1.507833e-02	1.507833e-02
2.800000e+01	3.200000e+01	5.772019e-01	2.076571e-02	2.076571e-02
3.200000e+01	3.600000e+01	5.825320e-01	2.874771e-02	2.874771e-02
3.600000e+01	4.000000e+01	6.126653e-01	4.173622e-02	4.173622e-02
4.000000e+01	4.400000e+01	6.595750e-01	5.362939e-02	5.362939e-02
4.400000e+01	4.800000e+01	7.211708e-01	7.356351e-02	7.356351e-02
4.800000e+01	5.200000e+01	6.966290e-01	6.976835e-02	6.976835e-02
5.200000e+01	5.600000e+01	5.509210e-01	7.552124e-02	7.552124e-02
5.600000e+01	6.000000e+01	6.662300e-01	9.715666e-02	9.715666e-02
6.000000e+01	6.400000e+01	4.392676e-01	9.004570e-02	9.004570e-02
6.400000e+01	6.800000e+01	7.161970e-01	1.944106e-01	1.944106e-01
6.800000e+01	7.200000e+01	8.355638e-01	1.899885e-01	1.899885e-01
7.200000e+01	8.000000e+01	7.029344e-01	1.424470e-01	1.424470e-01
# END HISTO1D


# BEGIN HISTO1D //afs/cern.ch/user/m/mdessena/OtherSqrtS/CMSSW_11_2_4/src/Result_pTzero/result_TOT_3.yoda/CMS_2015_PAS_FSQ_15_007/d15-x01-y01
LineColor=orange
LineStyle=solid
Path=//afs/cern.ch/user/m/mdessena/OtherSqrtS/CMSSW_11_2_4/src/Result_pTzero/result_TOT_3.yoda/CMS_2015_PAS_FSQ_15_007/d15-x01-y01
Title=result_TOT_3
# xlow	 xhigh	 val	 errminus	 errplus
5.000000e-01	1.000000e+00	nan	nan	nan
1.000000e+00	1.500000e+00	1.387544e-01	2.379589e-04	2.379589e-04
1.500000e+00	2.000000e+00	1.869811e-01	3.557059e-04	3.557059e-04
2.000000e+00	2.500000e+00	2.186463e-01	4.895727e-04	4.895727e-04
2.500000e+00	3.000000e+00	2.404719e-01	6.339159e-04	6.339159e-04
3.000000e+00	3.500000e+00	2.572623e-01	7.789932e-04	7.789932e-04
3.500000e+00	4.000000e+00	2.717063e-01	9.345718e-04	9.345718e-04
4.000000e+00	4.500000e+00	2.842797e-01	1.110495e-03	1.110495e-03
4.500000e+00	5.000000e+00	2.933420e-01	1.289832e-03	1.289832e-03
5.000000e+00	6.000000e+00	3.037889e-01	1.116124e-03	1.116124e-03
6.000000e+00	7.000000e+00	3.191262e-01	1.449626e-03	1.449626e-03
7.000000e+00	8.000000e+00	3.320407e-01	1.832746e-03	1.832746e-03
8.000000e+00	9.000000e+00	3.416846e-01	2.277391e-03	2.277391e-03
9.000000e+00	1.000000e+01	3.552331e-01	2.789471e-03	2.789471e-03
1.000000e+01	1.200000e+01	3.639201e-01	2.635463e-03	2.635463e-03
1.200000e+01	1.400000e+01	3.707682e-01	3.592747e-03	3.592747e-03
1.400000e+01	1.600000e+01	3.909706e-01	5.175986e-03	5.175986e-03
1.600000e+01	1.800000e+01	3.939626e-01	6.503516e-03	6.503516e-03
1.800000e+01	2.000000e+01	4.229354e-01	8.956617e-03	8.956617e-03
2.000000e+01	2.400000e+01	4.145826e-01	8.723647e-03	8.723647e-03
2.400000e+01	2.800000e+01	4.585784e-01	1.353402e-02	1.353402e-02
2.800000e+01	3.200000e+01	4.817840e-01	1.863549e-02	1.863549e-02
3.200000e+01	3.600000e+01	4.822122e-01	2.757900e-02	2.757900e-02
3.600000e+01	4.000000e+01	5.147302e-01	4.065844e-02	4.065844e-02
4.000000e+01	4.400000e+01	4.811376e-01	4.678185e-02	4.678185e-02
4.400000e+01	4.800000e+01	5.934206e-01	7.521868e-02	7.521868e-02
4.800000e+01	5.200000e+01	6.467478e-01	6.917257e-02	6.917257e-02
5.200000e+01	5.600000e+01	6.440223e-01	1.144493e-01	1.144493e-01
5.600000e+01	6.000000e+01	5.757664e-01	1.638443e-01	1.638443e-01
6.000000e+01	6.400000e+01	3.736681e-01	8.467257e-02	8.467257e-02
6.400000e+01	6.800000e+01	5.141929e-01	1.347391e-01	1.347391e-01
6.800000e+01	7.200000e+01	7.161973e-01	2.669110e-01	2.669110e-01
7.200000e+01	8.000000e+01	5.222272e-01	1.852020e-01	1.852020e-01
# END HISTO1D


# BEGIN HISTO1D //afs/cern.ch/user/m/mdessena/OtherSqrtS/CMSSW_11_2_4/src/Result_pTzero/result_TOT_4.yoda/CMS_2015_PAS_FSQ_15_007/d15-x01-y01
LineColor=lilac
LineStyle=solid
Path=//afs/cern.ch/user/m/mdessena/OtherSqrtS/CMSSW_11_2_4/src/Result_pTzero/result_TOT_4.yoda/CMS_2015_PAS_FSQ_15_007/d15-x01-y01
Title=result_TOT_4
# xlow	 xhigh	 val	 errminus	 errplus
5.000000e-01	1.000000e+00	nan	nan	nan
1.000000e+00	1.500000e+00	1.503848e-01	2.763682e-04	2.763682e-04
1.500000e+00	2.000000e+00	2.271739e-01	4.587639e-04	4.587639e-04
2.000000e+00	2.500000e+00	2.949225e-01	6.812070e-04	6.812070e-04
2.500000e+00	3.000000e+00	3.580593e-01	9.291742e-04	9.291742e-04
3.000000e+00	3.500000e+00	4.107445e-01	1.160228e-03	1.160228e-03
3.500000e+00	4.000000e+00	4.635213e-01	1.396170e-03	1.396170e-03
4.000000e+00	4.500000e+00	5.156005e-01	1.644421e-03	1.644421e-03
4.500000e+00	5.000000e+00	5.601310e-01	1.866851e-03	1.866851e-03
5.000000e+00	6.000000e+00	6.227785e-01	1.571069e-03	1.571069e-03
6.000000e+00	7.000000e+00	6.889830e-01	1.906962e-03	1.906962e-03
7.000000e+00	8.000000e+00	7.422965e-01	2.283570e-03	2.283570e-03
8.000000e+00	9.000000e+00	7.778784e-01	2.743157e-03	2.743157e-03
9.000000e+00	1.000000e+01	8.070321e-01	3.294187e-03	3.294187e-03
1.000000e+01	1.200000e+01	8.378878e-01	3.045035e-03	3.045035e-03
1.200000e+01	1.400000e+01	8.721974e-01	4.352859e-03	4.352859e-03
1.400000e+01	1.600000e+01	8.671604e-01	5.942266e-03	5.942266e-03
1.600000e+01	1.800000e+01	8.800301e-01	8.288155e-03	8.288155e-03
1.800000e+01	2.000000e+01	8.793954e-01	1.125989e-02	1.125989e-02
2.000000e+01	2.400000e+01	8.846361e-01	1.115733e-02	1.115733e-02
2.400000e+01	2.800000e+01	9.011075e-01	1.810375e-02	1.810375e-02
2.800000e+01	3.200000e+01	9.329189e-01	2.659374e-02	2.659374e-02
3.200000e+01	3.600000e+01	8.576086e-01	3.120802e-02	3.120802e-02
3.600000e+01	4.000000e+01	1.001660e+00	5.654532e-02	5.654532e-02
4.000000e+01	4.400000e+01	9.116509e-01	5.606696e-02	5.606696e-02
4.400000e+01	4.800000e+01	8.146436e-01	7.236042e-02	7.236042e-02
4.800000e+01	5.200000e+01	8.564052e-01	7.056579e-02	7.056579e-02
5.200000e+01	5.600000e+01	1.066338e+00	1.430786e-01	1.430786e-01
5.600000e+01	6.000000e+01	1.059972e+00	1.727472e-01	1.727472e-01
6.000000e+01	6.400000e+01	6.366200e-01	1.280241e-01	1.280241e-01
6.400000e+01	6.800000e+01	9.708453e-01	2.335219e-01	2.335219e-01
6.800000e+01	7.200000e+01	1.213557e+00	2.716542e-01	2.716542e-01
7.200000e+01	8.000000e+01	7.639438e-01	2.658412e-01	2.658412e-01
# END HISTO1D


# BEGIN HISTO1D //afs/cern.ch/user/m/mdessena/OtherSqrtS/CMSSW_11_2_4/src/Result_pTzero/result_TOT_5.yoda/CMS_2015_PAS_FSQ_15_007/d15-x01-y01
LineColor=red
LineStyle=dashed
Path=//afs/cern.ch/user/m/mdessena/OtherSqrtS/CMSSW_11_2_4/src/Result_pTzero/result_TOT_5.yoda/CMS_2015_PAS_FSQ_15_007/d15-x01-y01
Title=result_TOT_5
# xlow	 xhigh	 val	 errminus	 errplus
5.000000e-01	1.000000e+00	nan	nan	nan
1.000000e+00	1.500000e+00	1.469720e-01	2.715344e-04	2.715344e-04
1.500000e+00	2.000000e+00	2.198275e-01	4.437218e-04	4.437218e-04
2.000000e+00	2.500000e+00	2.832741e-01	6.439551e-04	6.439551e-04
2.500000e+00	3.000000e+00	3.374317e-01	8.540210e-04	8.540210e-04
3.000000e+00	3.500000e+00	3.887298e-01	1.065418e-03	1.065418e-03
3.500000e+00	4.000000e+00	4.309712e-01	1.261183e-03	1.261183e-03
4.000000e+00	4.500000e+00	4.767631e-01	1.474652e-03	1.474652e-03
4.500000e+00	5.000000e+00	5.095672e-01	1.676555e-03	1.676555e-03
5.000000e+00	6.000000e+00	5.583171e-01	1.421266e-03	1.421266e-03
6.000000e+00	7.000000e+00	6.060464e-01	1.751097e-03	1.751097e-03
7.000000e+00	8.000000e+00	6.466102e-01	2.172517e-03	2.172517e-03
8.000000e+00	9.000000e+00	6.813202e-01	2.703149e-03	2.703149e-03
9.000000e+00	1.000000e+01	6.924957e-01	3.234612e-03	3.234612e-03
1.000000e+01	1.200000e+01	7.185213e-01	3.025600e-03	3.025600e-03
1.200000e+01	1.400000e+01	7.261235e-01	4.326238e-03	4.326238e-03
1.400000e+01	1.600000e+01	7.405689e-01	6.000282e-03	6.000282e-03
1.600000e+01	1.800000e+01	7.470476e-01	8.125591e-03	8.125591e-03
1.800000e+01	2.000000e+01	7.488417e-01	1.069674e-02	1.069674e-02
2.000000e+01	2.400000e+01	7.681990e-01	1.082372e-02	1.082372e-02
2.400000e+01	2.800000e+01	7.567927e-01	1.689843e-02	1.689843e-02
2.800000e+01	3.200000e+01	7.424316e-01	2.243421e-02	2.243421e-02
3.200000e+01	3.600000e+01	7.677853e-01	3.159979e-02	3.159979e-02
3.600000e+01	4.000000e+01	7.593527e-01	3.594379e-02	3.594379e-02
4.000000e+01	4.400000e+01	7.725441e-01	5.042016e-02	5.042016e-02
4.400000e+01	4.800000e+01	8.344683e-01	6.351456e-02	6.351456e-02
4.800000e+01	5.200000e+01	9.273837e-01	9.760616e-02	9.760616e-02
5.200000e+01	5.600000e+01	1.016823e+00	1.249790e-01	1.249790e-01
5.600000e+01	6.000000e+01	7.503020e-01	1.146144e-01	1.146144e-01
6.000000e+01	6.400000e+01	8.713735e-01	1.760079e-01	1.760079e-01
6.400000e+01	6.800000e+01	9.318265e-01	1.379899e-01	1.379899e-01
6.800000e+01	7.200000e+01	9.698506e-01	1.578596e-01	1.578596e-01
7.200000e+01	8.000000e+01	9.549300e-01	1.475160e-01	1.475160e-01
# END HISTO1D


# BEGIN HISTO1D //afs/cern.ch/user/m/mdessena/OtherSqrtS/CMSSW_11_2_4/src/Result_pTzero/result_TOT_6.yoda/CMS_2015_PAS_FSQ_15_007/d15-x01-y01
LineColor=blue
LineStyle=dashed
Path=//afs/cern.ch/user/m/mdessena/OtherSqrtS/CMSSW_11_2_4/src/Result_pTzero/result_TOT_6.yoda/CMS_2015_PAS_FSQ_15_007/d15-x01-y01
Title=result_TOT_6
# xlow	 xhigh	 val	 errminus	 errplus
5.000000e-01	1.000000e+00	nan	nan	nan
1.000000e+00	1.500000e+00	1.411408e-01	2.471685e-04	2.471685e-04
1.500000e+00	2.000000e+00	1.964263e-01	3.728044e-04	3.728044e-04
2.000000e+00	2.500000e+00	2.361924e-01	5.142439e-04	5.142439e-04
2.500000e+00	3.000000e+00	2.629296e-01	6.621290e-04	6.621290e-04
3.000000e+00	3.500000e+00	2.865024e-01	8.133824e-04	8.133824e-04
3.500000e+00	4.000000e+00	3.046942e-01	9.752200e-04	9.752200e-04
4.000000e+00	4.500000e+00	3.182914e-01	1.148443e-03	1.148443e-03
4.500000e+00	5.000000e+00	3.318293e-01	1.328792e-03	1.328792e-03
5.000000e+00	6.000000e+00	3.471627e-01	1.157651e-03	1.157651e-03
6.000000e+00	7.000000e+00	3.656228e-01	1.504738e-03	1.504738e-03
7.000000e+00	8.000000e+00	3.784940e-01	1.886646e-03	1.886646e-03
8.000000e+00	9.000000e+00	3.942756e-01	2.383667e-03	2.383667e-03
9.000000e+00	1.000000e+01	3.980072e-01	2.851258e-03	2.851258e-03
1.000000e+01	1.200000e+01	4.152380e-01	2.680676e-03	2.680676e-03
1.200000e+01	1.400000e+01	4.315131e-01	3.896755e-03	3.896755e-03
1.400000e+01	1.600000e+01	4.420362e-01	5.246531e-03	5.246531e-03
1.600000e+01	1.800000e+01	4.572550e-01	6.897952e-03	6.897952e-03
1.800000e+01	2.000000e+01	4.698132e-01	9.090869e-03	9.090869e-03
2.000000e+01	2.400000e+01	4.673722e-01	8.924417e-03	8.924417e-03
2.400000e+01	2.800000e+01	4.774648e-01	1.323490e-02	1.323490e-02
2.800000e+01	3.200000e+01	5.664837e-01	2.054867e-02	2.054867e-02
3.200000e+01	3.600000e+01	5.369844e-01	2.694353e-02	2.694353e-02
3.600000e+01	4.000000e+01	4.962813e-01	3.212963e-02	3.212963e-02
4.000000e+01	4.400000e+01	5.274696e-01	4.344511e-02	4.344511e-02
4.400000e+01	4.800000e+01	5.323088e-01	7.513623e-02	7.513623e-02
4.800000e+01	5.200000e+01	5.608317e-01	5.618121e-02	5.618121e-02
5.200000e+01	5.600000e+01	5.371480e-01	1.156817e-01	1.156817e-01
5.600000e+01	6.000000e+01	5.501226e-01	1.403438e-01	1.403438e-01
6.000000e+01	6.400000e+01	5.336372e-01	8.570883e-02	8.570883e-02
6.400000e+01	6.800000e+01	5.797786e-01	1.816425e-01	1.816425e-01
6.800000e+01	7.200000e+01	8.998377e-01	1.775717e-01	1.775717e-01
7.200000e+01	8.000000e+01	7.442835e-01	1.783250e-01	1.783250e-01
# END HISTO1D


# BEGIN HISTO1D //afs/cern.ch/user/m/mdessena/OtherSqrtS/CMSSW_11_2_4/src/Result_pTzero/result_TOT_7.yoda/CMS_2015_PAS_FSQ_15_007/d15-x01-y01
LineColor=green
LineStyle=dashed
Path=//afs/cern.ch/user/m/mdessena/OtherSqrtS/CMSSW_11_2_4/src/Result_pTzero/result_TOT_7.yoda/CMS_2015_PAS_FSQ_15_007/d15-x01-y01
Title=result_TOT_7
# xlow	 xhigh	 val	 errminus	 errplus
5.000000e-01	1.000000e+00	nan	nan	nan
1.000000e+00	1.500000e+00	1.391026e-01	2.393108e-04	2.393108e-04
1.500000e+00	2.000000e+00	1.878102e-01	3.569313e-04	3.569313e-04
2.000000e+00	2.500000e+00	2.216102e-01	4.936651e-04	4.936651e-04
2.500000e+00	3.000000e+00	2.437791e-01	6.373723e-04	6.373723e-04
3.000000e+00	3.500000e+00	2.606315e-01	7.841381e-04	7.841381e-04
3.500000e+00	4.000000e+00	2.745489e-01	9.412080e-04	9.412080e-04
4.000000e+00	4.500000e+00	2.847956e-01	1.105746e-03	1.105746e-03
4.500000e+00	5.000000e+00	2.967953e-01	1.290195e-03	1.290195e-03
5.000000e+00	6.000000e+00	3.101279e-01	1.129660e-03	1.129660e-03
6.000000e+00	7.000000e+00	3.246177e-01	1.450497e-03	1.450497e-03
7.000000e+00	8.000000e+00	3.356404e-01	1.844147e-03	1.844147e-03
8.000000e+00	9.000000e+00	3.477575e-01	2.287041e-03	2.287041e-03
9.000000e+00	1.000000e+01	3.543524e-01	2.792733e-03	2.792733e-03
1.000000e+01	1.200000e+01	3.716525e-01	2.628819e-03	2.628819e-03
1.200000e+01	1.400000e+01	3.846193e-01	3.710061e-03	3.710061e-03
1.400000e+01	1.600000e+01	4.034111e-01	5.207048e-03	5.207048e-03
1.600000e+01	1.800000e+01	4.111841e-01	6.902698e-03	6.902698e-03
1.800000e+01	2.000000e+01	4.161982e-01	8.762658e-03	8.762658e-03
2.000000e+01	2.400000e+01	4.396699e-01	8.820331e-03	8.820331e-03
2.400000e+01	2.800000e+01	4.694128e-01	1.377298e-02	1.377298e-02
2.800000e+01	3.200000e+01	5.069667e-01	1.994103e-02	1.994103e-02
3.200000e+01	3.600000e+01	4.709737e-01	2.691864e-02	2.691864e-02
3.600000e+01	4.000000e+01	5.120326e-01	3.106707e-02	3.106707e-02
4.000000e+01	4.400000e+01	5.635651e-01	4.608630e-02	4.608630e-02
4.400000e+01	4.800000e+01	5.431162e-01	6.153917e-02	6.153917e-02
4.800000e+01	5.200000e+01	7.036325e-01	7.568774e-02	7.568774e-02
5.200000e+01	5.600000e+01	5.815277e-01	8.717049e-02	8.717049e-02
5.600000e+01	6.000000e+01	8.247121e-01	1.413471e-01	1.413471e-01
6.000000e+01	6.400000e+01	7.002820e-01	1.406904e-01	1.406904e-01
6.400000e+01	6.800000e+01	4.774648e-01	1.121250e-01	1.121250e-01
6.800000e+01	7.200000e+01	4.177818e-01	9.350542e-02	9.350542e-02
7.200000e+01	8.000000e+01	6.978332e-01	1.442093e-01	1.442093e-01
# END HISTO1D

