# BEGIN PLOT
XTwosidedTicks=1
YTwosidedTicks=1
XMax=52
XLabelSep=4.4
RatioPlotReference=/CMS_2015_PAS_FSQ_15_007/d16-x01-y01
ConnectBins=0
RatioPlot=1
LogY=0
LegendXPos=0.40
XLabel=\large{$p_\text{T}^{\text{jet}}$[GeV]}
YLabelSep=5.4
YLabel=\large{$(1/N_\text{events})\; dN_\text{ch}\,/d\eta\, d\phi$}
Title=\large{CMS, 13 TeV, MB, TransAVG charged-particle density}
DrawOnly=/CMS_2015_PAS_FSQ_15_007/d16-x01-y01 //afs/cern.ch/user/m/mdessena/OtherSqrtS/CMSSW_11_2_4/src/Result_pTzero/result_TOT_0.yoda/CMS_2015_PAS_FSQ_15_007/d16-x01-y01 //afs/cern.ch/user/m/mdessena/OtherSqrtS/CMSSW_11_2_4/src/Result_pTzero/result_TOT_1.yoda/CMS_2015_PAS_FSQ_15_007/d16-x01-y01 //afs/cern.ch/user/m/mdessena/OtherSqrtS/CMSSW_11_2_4/src/Result_pTzero/result_TOT_2.yoda/CMS_2015_PAS_FSQ_15_007/d16-x01-y01 //afs/cern.ch/user/m/mdessena/OtherSqrtS/CMSSW_11_2_4/src/Result_pTzero/result_TOT_3.yoda/CMS_2015_PAS_FSQ_15_007/d16-x01-y01 //afs/cern.ch/user/m/mdessena/OtherSqrtS/CMSSW_11_2_4/src/Result_pTzero/result_TOT_4.yoda/CMS_2015_PAS_FSQ_15_007/d16-x01-y01 //afs/cern.ch/user/m/mdessena/OtherSqrtS/CMSSW_11_2_4/src/Result_pTzero/result_TOT_5.yoda/CMS_2015_PAS_FSQ_15_007/d16-x01-y01 //afs/cern.ch/user/m/mdessena/OtherSqrtS/CMSSW_11_2_4/src/Result_pTzero/result_TOT_6.yoda/CMS_2015_PAS_FSQ_15_007/d16-x01-y01 //afs/cern.ch/user/m/mdessena/OtherSqrtS/CMSSW_11_2_4/src/Result_pTzero/result_TOT_7.yoda/CMS_2015_PAS_FSQ_15_007/d16-x01-y01
RatioPlotErrorBandColor=grey!40!yellow!60
LegendYPos=0.50
Legend=1
LegendOnly=/CMS_2015_PAS_FSQ_15_007/d16-x01-y01 //afs/cern.ch/user/m/mdessena/OtherSqrtS/CMSSW_11_2_4/src/Result_pTzero/result_TOT_0.yoda/CMS_2015_PAS_FSQ_15_007/d16-x01-y01 //afs/cern.ch/user/m/mdessena/OtherSqrtS/CMSSW_11_2_4/src/Result_pTzero/result_TOT_1.yoda/CMS_2015_PAS_FSQ_15_007/d16-x01-y01 //afs/cern.ch/user/m/mdessena/OtherSqrtS/CMSSW_11_2_4/src/Result_pTzero/result_TOT_2.yoda/CMS_2015_PAS_FSQ_15_007/d16-x01-y01 //afs/cern.ch/user/m/mdessena/OtherSqrtS/CMSSW_11_2_4/src/Result_pTzero/result_TOT_3.yoda/CMS_2015_PAS_FSQ_15_007/d16-x01-y01 //afs/cern.ch/user/m/mdessena/OtherSqrtS/CMSSW_11_2_4/src/Result_pTzero/result_TOT_4.yoda/CMS_2015_PAS_FSQ_15_007/d16-x01-y01 //afs/cern.ch/user/m/mdessena/OtherSqrtS/CMSSW_11_2_4/src/Result_pTzero/result_TOT_5.yoda/CMS_2015_PAS_FSQ_15_007/d16-x01-y01 //afs/cern.ch/user/m/mdessena/OtherSqrtS/CMSSW_11_2_4/src/Result_pTzero/result_TOT_6.yoda/CMS_2015_PAS_FSQ_15_007/d16-x01-y01 //afs/cern.ch/user/m/mdessena/OtherSqrtS/CMSSW_11_2_4/src/Result_pTzero/result_TOT_7.yoda/CMS_2015_PAS_FSQ_15_007/d16-x01-y01
# END PLOT

# BEGIN HISTO1D /CMS_2015_PAS_FSQ_15_007/d16-x01-y01
ConnectBins=0
ErrorBars=1
Path=/CMS_2015_PAS_FSQ_15_007/d16-x01-y01
PolyMarker=*
Title=Data
# xlow	 xhigh	 val	 errminus	 errplus
5.000000e-01	1.000000e+00	0.000000e+00	0.000000e+00	0.000000e+00
1.000000e+00	1.500000e+00	1.086890e-01	3.514537e-03	3.514537e-03
1.500000e+00	2.000000e+00	1.990276e-01	9.703924e-03	9.703924e-03
2.000000e+00	2.500000e+00	3.025798e-01	2.047576e-02	2.047576e-02
2.500000e+00	3.000000e+00	4.132221e-01	3.386166e-02	3.386166e-02
3.000000e+00	3.500000e+00	5.176508e-01	4.107192e-02	4.107192e-02
3.500000e+00	4.000000e+00	6.165512e-01	4.835702e-02	4.835702e-02
4.000000e+00	4.500000e+00	7.088322e-01	4.590951e-02	4.590951e-02
4.500000e+00	5.000000e+00	7.930534e-01	4.292642e-02	4.292642e-02
5.000000e+00	6.000000e+00	8.878855e-01	2.569902e-02	2.569902e-02
6.000000e+00	7.000000e+00	1.000533e+00	1.829449e-02	1.829449e-02
7.000000e+00	8.000000e+00	1.093306e+00	1.079216e-02	1.079216e-02
8.000000e+00	9.000000e+00	1.165717e+00	8.715917e-03	8.715917e-03
9.000000e+00	1.000000e+01	1.211784e+00	9.028610e-03	9.028610e-03
1.000000e+01	1.200000e+01	1.253679e+00	1.249412e-02	1.249412e-02
1.200000e+01	1.400000e+01	1.299226e+00	1.359068e-02	1.359068e-02
1.400000e+01	1.600000e+01	1.333706e+00	1.481280e-02	1.481280e-02
1.600000e+01	1.800000e+01	1.364119e+00	1.659876e-02	1.659876e-02
1.800000e+01	2.000000e+01	1.311689e+00	1.800790e-02	1.800790e-02
2.000000e+01	2.400000e+01	1.330650e+00	1.932295e-02	1.932295e-02
2.400000e+01	2.800000e+01	1.339777e+00	2.611597e-02	2.611597e-02
2.800000e+01	3.200000e+01	1.382436e+00	3.408930e-02	3.408930e-02
3.200000e+01	3.600000e+01	1.336488e+00	4.356611e-02	4.356611e-02
3.600000e+01	4.000000e+01	1.356912e+00	5.398618e-02	5.398618e-02
4.000000e+01	4.400000e+01	1.238129e+00	6.443952e-02	6.443952e-02
4.400000e+01	4.800000e+01	1.244526e+00	8.639395e-02	8.639395e-02
4.800000e+01	5.200000e+01	1.283672e+00	1.419283e-01	1.419283e-01
5.200000e+01	5.600000e+01	1.448064e+00	1.627447e-01	1.627447e-01
5.600000e+01	6.000000e+01	1.457738e+00	1.491251e-01	1.491251e-01
6.000000e+01	6.400000e+01	1.353067e+00	1.691600e-01	1.691600e-01
6.400000e+01	6.800000e+01	1.166115e+00	2.381970e-01	2.381970e-01
6.800000e+01	7.200000e+01	1.000052e+00	1.912103e-01	1.912103e-01
7.200000e+01	8.000000e+01	1.068792e+00	2.643129e-01	2.643129e-01
# END HISTO1D


# BEGIN HISTO1D //afs/cern.ch/user/m/mdessena/OtherSqrtS/CMSSW_11_2_4/src/Result_pTzero/result_TOT_0.yoda/CMS_2015_PAS_FSQ_15_007/d16-x01-y01
LineColor=red
LineStyle=solid
Path=//afs/cern.ch/user/m/mdessena/OtherSqrtS/CMSSW_11_2_4/src/Result_pTzero/result_TOT_0.yoda/CMS_2015_PAS_FSQ_15_007/d16-x01-y01
Title=result_TOT_0
# xlow	 xhigh	 val	 errminus	 errplus
5.000000e-01	1.000000e+00	nan	nan	nan
1.000000e+00	1.500000e+00	1.149229e-01	1.910167e-04	1.910167e-04
1.500000e+00	2.000000e+00	1.891097e-01	3.257511e-04	3.257511e-04
2.000000e+00	2.500000e+00	2.575119e-01	4.860191e-04	4.860191e-04
2.500000e+00	3.000000e+00	3.135583e-01	6.600928e-04	6.600928e-04
3.000000e+00	3.500000e+00	3.622688e-01	8.399780e-04	8.399780e-04
3.500000e+00	4.000000e+00	4.027013e-01	1.025518e-03	1.025518e-03
4.000000e+00	4.500000e+00	4.392283e-01	1.230443e-03	1.230443e-03
4.500000e+00	5.000000e+00	4.717909e-01	1.455273e-03	1.455273e-03
5.000000e+00	6.000000e+00	5.065762e-01	1.286953e-03	1.286953e-03
6.000000e+00	7.000000e+00	5.495163e-01	1.690091e-03	1.690091e-03
7.000000e+00	8.000000e+00	5.797159e-01	2.138682e-03	2.138682e-03
8.000000e+00	9.000000e+00	6.055041e-01	2.706090e-03	2.706090e-03
9.000000e+00	1.000000e+01	6.248947e-01	3.361224e-03	3.361224e-03
1.000000e+01	1.200000e+01	6.494215e-01	3.120033e-03	3.120033e-03
1.200000e+01	1.400000e+01	6.758080e-01	4.497376e-03	4.497376e-03
1.400000e+01	1.600000e+01	6.939676e-01	6.193848e-03	6.193848e-03
1.600000e+01	1.800000e+01	7.065585e-01	8.132984e-03	8.132984e-03
1.800000e+01	2.000000e+01	7.109106e-01	1.024877e-02	1.024877e-02
2.000000e+01	2.400000e+01	7.152383e-01	1.033691e-02	1.033691e-02
2.400000e+01	2.800000e+01	7.451115e-01	1.530366e-02	1.530366e-02
2.800000e+01	3.200000e+01	7.357053e-01	2.214214e-02	2.214214e-02
3.200000e+01	3.600000e+01	7.438193e-01	3.025595e-02	3.025595e-02
3.600000e+01	4.000000e+01	8.068697e-01	4.304079e-02	4.304079e-02
4.000000e+01	4.400000e+01	8.109882e-01	4.749088e-02	4.749088e-02
4.400000e+01	4.800000e+01	9.408866e-01	8.143028e-02	8.143028e-02
4.800000e+01	5.200000e+01	7.938800e-01	6.655510e-02	6.655510e-02
5.200000e+01	5.600000e+01	8.355633e-01	1.183445e-01	1.183445e-01
5.600000e+01	6.000000e+01	9.208251e-01	8.937522e-02	8.937522e-02
6.000000e+01	6.400000e+01	1.042159e+00	1.089105e-01	1.089105e-01
6.400000e+01	6.800000e+01	6.906188e-01	8.775029e-02	8.775029e-02
6.800000e+01	7.200000e+01	1.124032e+00	1.962808e-01	1.962808e-01
7.200000e+01	8.000000e+01	1.172903e+00	1.360472e-01	1.360472e-01
# END HISTO1D


# BEGIN HISTO1D //afs/cern.ch/user/m/mdessena/OtherSqrtS/CMSSW_11_2_4/src/Result_pTzero/result_TOT_1.yoda/CMS_2015_PAS_FSQ_15_007/d16-x01-y01
LineColor=blue
LineStyle=solid
Path=//afs/cern.ch/user/m/mdessena/OtherSqrtS/CMSSW_11_2_4/src/Result_pTzero/result_TOT_1.yoda/CMS_2015_PAS_FSQ_15_007/d16-x01-y01
Title=result_TOT_1
# xlow	 xhigh	 val	 errminus	 errplus
5.000000e-01	1.000000e+00	nan	nan	nan
1.000000e+00	1.500000e+00	1.199254e-01	2.055887e-04	2.055887e-04
1.500000e+00	2.000000e+00	2.102365e-01	3.731050e-04	3.731050e-04
2.000000e+00	2.500000e+00	3.063338e-01	5.855732e-04	5.855732e-04
2.500000e+00	3.000000e+00	3.973581e-01	8.149540e-04	8.149540e-04
3.000000e+00	3.500000e+00	4.847019e-01	1.055831e-03	1.055831e-03
3.500000e+00	4.000000e+00	5.694759e-01	1.306784e-03	1.306784e-03
4.000000e+00	4.500000e+00	6.443131e-01	1.557240e-03	1.557240e-03
4.500000e+00	5.000000e+00	7.157240e-01	1.840147e-03	1.840147e-03
5.000000e+00	6.000000e+00	7.943085e-01	1.593394e-03	1.593394e-03
6.000000e+00	7.000000e+00	8.857053e-01	2.062586e-03	2.062586e-03
7.000000e+00	8.000000e+00	9.550678e-01	2.614083e-03	2.614083e-03
8.000000e+00	9.000000e+00	1.008196e+00	3.291794e-03	3.291794e-03
9.000000e+00	1.000000e+01	1.047640e+00	4.029934e-03	4.029934e-03
1.000000e+01	1.200000e+01	1.077950e+00	3.815841e-03	3.815841e-03
1.200000e+01	1.400000e+01	1.113580e+00	5.441732e-03	5.441732e-03
1.400000e+01	1.600000e+01	1.115273e+00	7.485622e-03	7.485622e-03
1.600000e+01	1.800000e+01	1.143132e+00	9.940175e-03	9.940175e-03
1.800000e+01	2.000000e+01	1.131585e+00	1.328884e-02	1.328884e-02
2.000000e+01	2.400000e+01	1.122308e+00	1.280967e-02	1.280967e-02
2.400000e+01	2.800000e+01	1.131016e+00	1.877980e-02	1.877980e-02
2.800000e+01	3.200000e+01	1.137947e+00	2.763734e-02	2.763734e-02
3.200000e+01	3.600000e+01	1.189252e+00	3.688241e-02	3.688241e-02
3.600000e+01	4.000000e+01	1.195206e+00	5.015854e-02	5.015854e-02
4.000000e+01	4.400000e+01	1.141878e+00	6.452774e-02	6.452774e-02
4.400000e+01	4.800000e+01	1.093548e+00	7.047618e-02	7.047618e-02
4.800000e+01	5.200000e+01	1.086956e+00	9.367861e-02	9.367861e-02
5.200000e+01	5.600000e+01	1.413547e+00	1.534988e-01	1.534988e-01
5.600000e+01	6.000000e+01	9.759944e-01	1.128554e-01	1.128554e-01
6.000000e+01	6.400000e+01	1.501501e+00	1.960572e-01	1.960572e-01
6.400000e+01	6.800000e+01	1.247377e+00	1.238296e-01	1.238296e-01
6.800000e+01	7.200000e+01	1.265282e+00	2.774960e-01	2.774960e-01
7.200000e+01	8.000000e+01	1.526182e+00	1.665583e-01	1.665583e-01
# END HISTO1D


# BEGIN HISTO1D //afs/cern.ch/user/m/mdessena/OtherSqrtS/CMSSW_11_2_4/src/Result_pTzero/result_TOT_2.yoda/CMS_2015_PAS_FSQ_15_007/d16-x01-y01
LineColor=green
LineStyle=solid
Path=//afs/cern.ch/user/m/mdessena/OtherSqrtS/CMSSW_11_2_4/src/Result_pTzero/result_TOT_2.yoda/CMS_2015_PAS_FSQ_15_007/d16-x01-y01
Title=result_TOT_2
# xlow	 xhigh	 val	 errminus	 errplus
5.000000e-01	1.000000e+00	nan	nan	nan
1.000000e+00	1.500000e+00	1.169203e-01	1.977120e-04	1.977120e-04
1.500000e+00	2.000000e+00	1.991069e-01	3.479536e-04	3.479536e-04
2.000000e+00	2.500000e+00	2.791924e-01	5.260602e-04	5.260602e-04
2.500000e+00	3.000000e+00	3.489020e-01	7.189402e-04	7.189402e-04
3.000000e+00	3.500000e+00	4.130549e-01	9.211690e-04	9.211690e-04
3.500000e+00	4.000000e+00	4.680848e-01	1.123419e-03	1.123419e-03
4.000000e+00	4.500000e+00	5.192471e-01	1.350802e-03	1.350802e-03
4.500000e+00	5.000000e+00	5.613951e-01	1.582745e-03	1.582745e-03
5.000000e+00	6.000000e+00	6.152020e-01	1.391431e-03	1.391431e-03
6.000000e+00	7.000000e+00	6.741491e-01	1.827915e-03	1.827915e-03
7.000000e+00	8.000000e+00	7.156803e-01	2.324232e-03	2.324232e-03
8.000000e+00	9.000000e+00	7.486200e-01	2.925076e-03	2.925076e-03
9.000000e+00	1.000000e+01	7.751995e-01	3.620087e-03	3.620087e-03
1.000000e+01	1.200000e+01	7.976716e-01	3.402594e-03	3.402594e-03
1.200000e+01	1.400000e+01	8.146013e-01	4.780058e-03	4.780058e-03
1.400000e+01	1.600000e+01	8.310768e-01	6.491175e-03	6.491175e-03
1.600000e+01	1.800000e+01	8.325589e-01	8.875087e-03	8.875087e-03
1.800000e+01	2.000000e+01	8.268626e-01	1.111071e-02	1.111071e-02
2.000000e+01	2.400000e+01	8.753376e-01	1.154623e-02	1.154623e-02
2.400000e+01	2.800000e+01	8.866796e-01	1.697459e-02	1.697459e-02
2.800000e+01	3.200000e+01	8.891456e-01	2.388438e-02	2.388438e-02
3.200000e+01	3.600000e+01	8.663375e-01	3.110601e-02	3.110601e-02
3.600000e+01	4.000000e+01	8.848934e-01	4.591690e-02	4.591690e-02
4.000000e+01	4.400000e+01	1.007726e+00	5.789636e-02	5.789636e-02
4.400000e+01	4.800000e+01	9.922316e-01	8.124150e-02	8.124150e-02
4.800000e+01	5.200000e+01	9.549297e-01	7.621233e-02	7.621233e-02
5.200000e+01	5.600000e+01	8.937162e-01	9.930628e-02	9.930628e-02
5.600000e+01	6.000000e+01	1.093728e+00	9.985549e-02	9.985549e-02
6.000000e+01	6.400000e+01	8.976340e-01	8.665901e-02	8.665901e-02
6.400000e+01	6.800000e+01	8.475000e-01	1.289981e-01	1.289981e-01
6.800000e+01	7.200000e+01	1.029534e+00	1.347282e-01	1.347282e-01
7.200000e+01	8.000000e+01	1.213557e+00	1.550799e-01	1.550799e-01
# END HISTO1D


# BEGIN HISTO1D //afs/cern.ch/user/m/mdessena/OtherSqrtS/CMSSW_11_2_4/src/Result_pTzero/result_TOT_3.yoda/CMS_2015_PAS_FSQ_15_007/d16-x01-y01
LineColor=orange
LineStyle=solid
Path=//afs/cern.ch/user/m/mdessena/OtherSqrtS/CMSSW_11_2_4/src/Result_pTzero/result_TOT_3.yoda/CMS_2015_PAS_FSQ_15_007/d16-x01-y01
Title=result_TOT_3
# xlow	 xhigh	 val	 errminus	 errplus
5.000000e-01	1.000000e+00	nan	nan	nan
1.000000e+00	1.500000e+00	1.083355e-01	1.728497e-04	1.728497e-04
1.500000e+00	2.000000e+00	1.627161e-01	2.803784e-04	2.803784e-04
2.000000e+00	2.500000e+00	2.039410e-01	4.077197e-04	4.077197e-04
2.500000e+00	3.000000e+00	2.343429e-01	5.508376e-04	5.508376e-04
3.000000e+00	3.500000e+00	2.592101e-01	6.966188e-04	6.966188e-04
3.500000e+00	4.000000e+00	2.791227e-01	8.546529e-04	8.546529e-04
4.000000e+00	4.500000e+00	2.966693e-01	1.026590e-03	1.026590e-03
4.500000e+00	5.000000e+00	3.132970e-01	1.206285e-03	1.206285e-03
5.000000e+00	6.000000e+00	3.298408e-01	1.069725e-03	1.069725e-03
6.000000e+00	7.000000e+00	3.524413e-01	1.396312e-03	1.396312e-03
7.000000e+00	8.000000e+00	3.739319e-01	1.799855e-03	1.799855e-03
8.000000e+00	9.000000e+00	3.854011e-01	2.227104e-03	2.227104e-03
9.000000e+00	1.000000e+01	3.969681e-01	2.716637e-03	2.716637e-03
1.000000e+01	1.200000e+01	4.099432e-01	2.577122e-03	2.577122e-03
1.200000e+01	1.400000e+01	4.238622e-01	3.534942e-03	3.534942e-03
1.400000e+01	1.600000e+01	4.420355e-01	4.927283e-03	4.927283e-03
1.600000e+01	1.800000e+01	4.448489e-01	6.434934e-03	6.434934e-03
1.800000e+01	2.000000e+01	4.749155e-01	8.534444e-03	8.534444e-03
2.000000e+01	2.400000e+01	4.902111e-01	8.457775e-03	8.457775e-03
2.400000e+01	2.800000e+01	5.125850e-01	1.285851e-02	1.285851e-02
2.800000e+01	3.200000e+01	5.126072e-01	1.739365e-02	1.739365e-02
3.200000e+01	3.600000e+01	5.056108e-01	2.222034e-02	2.222034e-02
3.600000e+01	4.000000e+01	5.205532e-01	3.338478e-02	3.338478e-02
4.000000e+01	4.400000e+01	5.362298e-01	4.339582e-02	4.339582e-02
4.400000e+01	4.800000e+01	7.025554e-01	6.266294e-02	6.266294e-02
4.800000e+01	5.200000e+01	6.836429e-01	7.107200e-02	7.107200e-02
5.200000e+01	5.600000e+01	6.551260e-01	7.706308e-02	7.706308e-02
5.600000e+01	6.000000e+01	4.985295e-01	1.190301e-01	1.190301e-01
6.000000e+01	6.400000e+01	6.020209e-01	1.328694e-01	1.328694e-01
6.400000e+01	6.800000e+01	5.692850e-01	9.280955e-02	9.280955e-02
6.800000e+01	7.200000e+01	6.266726e-01	1.509033e-01	1.509033e-01
7.200000e+01	8.000000e+01	4.700044e-01	1.205878e-01	1.205878e-01
# END HISTO1D


# BEGIN HISTO1D //afs/cern.ch/user/m/mdessena/OtherSqrtS/CMSSW_11_2_4/src/Result_pTzero/result_TOT_4.yoda/CMS_2015_PAS_FSQ_15_007/d16-x01-y01
LineColor=lilac
LineStyle=solid
Path=//afs/cern.ch/user/m/mdessena/OtherSqrtS/CMSSW_11_2_4/src/Result_pTzero/result_TOT_4.yoda/CMS_2015_PAS_FSQ_15_007/d16-x01-y01
Title=result_TOT_4
# xlow	 xhigh	 val	 errminus	 errplus
5.000000e-01	1.000000e+00	nan	nan	nan
1.000000e+00	1.500000e+00	1.301078e-01	2.222583e-04	2.222583e-04
1.500000e+00	2.000000e+00	2.413414e-01	4.305480e-04	4.305480e-04
2.000000e+00	2.500000e+00	3.703601e-01	7.197248e-04	7.197248e-04
2.500000e+00	3.000000e+00	5.072675e-01	1.072002e-03	1.072002e-03
3.000000e+00	3.500000e+00	6.479160e-01	1.453722e-03	1.453722e-03
3.500000e+00	4.000000e+00	8.028927e-01	1.878737e-03	1.878737e-03
4.000000e+00	4.500000e+00	9.675318e-01	2.315660e-03	2.315660e-03
4.500000e+00	5.000000e+00	1.127731e+00	2.746448e-03	2.746448e-03
5.000000e+00	6.000000e+00	1.366025e+00	2.407416e-03	2.407416e-03
6.000000e+00	7.000000e+00	1.643804e+00	2.976366e-03	2.976366e-03
7.000000e+00	8.000000e+00	1.870047e+00	3.565225e-03	3.565225e-03
8.000000e+00	9.000000e+00	2.033363e+00	4.260181e-03	4.260181e-03
9.000000e+00	1.000000e+01	2.158606e+00	5.108794e-03	5.108794e-03
1.000000e+01	1.200000e+01	2.276724e+00	4.657728e-03	4.657728e-03
1.200000e+01	1.400000e+01	2.381760e+00	6.699384e-03	6.699384e-03
1.400000e+01	1.600000e+01	2.414690e+00	9.392778e-03	9.392778e-03
1.600000e+01	1.800000e+01	2.425925e+00	1.309548e-02	1.309548e-02
1.800000e+01	2.000000e+01	2.405961e+00	1.758805e-02	1.758805e-02
2.000000e+01	2.400000e+01	2.418382e+00	1.783965e-02	1.783965e-02
2.400000e+01	2.800000e+01	2.354448e+00	2.853416e-02	2.853416e-02
2.800000e+01	3.200000e+01	2.297587e+00	4.022663e-02	4.022663e-02
3.200000e+01	3.600000e+01	2.282207e+00	5.556065e-02	5.556065e-02
3.600000e+01	4.000000e+01	2.432023e+00	7.417303e-02	7.417303e-02
4.000000e+01	4.400000e+01	2.240036e+00	8.996361e-02	8.996361e-02
4.400000e+01	4.800000e+01	2.356560e+00	1.191516e-01	1.191516e-01
4.800000e+01	5.200000e+01	2.326694e+00	1.561440e-01	1.561440e-01
5.200000e+01	5.600000e+01	2.400587e+00	1.991687e-01	1.991687e-01
5.600000e+01	6.000000e+01	2.525789e+00	2.186587e-01	2.186587e-01
6.000000e+01	6.400000e+01	2.188381e+00	3.143352e-01	3.143352e-01
6.400000e+01	6.800000e+01	1.822324e+00	2.989192e-01	2.989192e-01
6.800000e+01	7.200000e+01	2.655898e+00	3.124197e-01	3.124197e-01
7.200000e+01	8.000000e+01	1.957606e+00	3.951726e-01	3.951726e-01
# END HISTO1D


# BEGIN HISTO1D //afs/cern.ch/user/m/mdessena/OtherSqrtS/CMSSW_11_2_4/src/Result_pTzero/result_TOT_5.yoda/CMS_2015_PAS_FSQ_15_007/d16-x01-y01
LineColor=red
LineStyle=dashed
Path=//afs/cern.ch/user/m/mdessena/OtherSqrtS/CMSSW_11_2_4/src/Result_pTzero/result_TOT_5.yoda/CMS_2015_PAS_FSQ_15_007/d16-x01-y01
Title=result_TOT_5
# xlow	 xhigh	 val	 errminus	 errplus
5.000000e-01	1.000000e+00	nan	nan	nan
1.000000e+00	1.500000e+00	1.244884e-01	2.143397e-04	2.143397e-04
1.500000e+00	2.000000e+00	2.257343e-01	4.040576e-04	4.040576e-04
2.000000e+00	2.500000e+00	3.387825e-01	6.566780e-04	6.566780e-04
2.500000e+00	3.000000e+00	4.509247e-01	9.485219e-04	9.485219e-04
3.000000e+00	3.500000e+00	5.719893e-01	1.267171e-03	1.267171e-03
3.500000e+00	4.000000e+00	6.904378e-01	1.589306e-03	1.589306e-03
4.000000e+00	4.500000e+00	8.140598e-01	1.933873e-03	1.933873e-03
4.500000e+00	5.000000e+00	9.259755e-01	2.279763e-03	2.279763e-03
5.000000e+00	6.000000e+00	1.075958e+00	1.973846e-03	1.973846e-03
6.000000e+00	7.000000e+00	1.252129e+00	2.495712e-03	2.495712e-03
7.000000e+00	8.000000e+00	1.378548e+00	3.074313e-03	3.074313e-03
8.000000e+00	9.000000e+00	1.480083e+00	3.833287e-03	3.833287e-03
9.000000e+00	1.000000e+01	1.542021e+00	4.641961e-03	4.641961e-03
1.000000e+01	1.200000e+01	1.618507e+00	4.337373e-03	4.337373e-03
1.200000e+01	1.400000e+01	1.675014e+00	6.286894e-03	6.286894e-03
1.400000e+01	1.600000e+01	1.696547e+00	8.808639e-03	8.808639e-03
1.600000e+01	1.800000e+01	1.679177e+00	1.188282e-02	1.188282e-02
1.800000e+01	2.000000e+01	1.689955e+00	1.562482e-02	1.562482e-02
2.000000e+01	2.400000e+01	1.691146e+00	1.599506e-02	1.599506e-02
2.400000e+01	2.800000e+01	1.673235e+00	2.398564e-02	2.398564e-02
2.800000e+01	3.200000e+01	1.634253e+00	3.291194e-02	3.291194e-02
3.200000e+01	3.600000e+01	1.651095e+00	4.869832e-02	4.869832e-02
3.600000e+01	4.000000e+01	1.604557e+00	5.463609e-02	5.463609e-02
4.000000e+01	4.400000e+01	1.605142e+00	8.224667e-02	8.224667e-02
4.400000e+01	4.800000e+01	1.746689e+00	9.014154e-02	9.014154e-02
4.800000e+01	5.200000e+01	1.703264e+00	1.357946e-01	1.357946e-01
5.200000e+01	5.600000e+01	1.843545e+00	1.376756e-01	1.376756e-01
5.600000e+01	6.000000e+01	1.889397e+00	1.621148e-01	1.621148e-01
6.000000e+01	6.400000e+01	1.808398e+00	2.561987e-01	2.561987e-01
6.400000e+01	6.800000e+01	1.798194e+00	2.009564e-01	2.009564e-01
6.800000e+01	7.200000e+01	1.410013e+00	2.206981e-01	2.206981e-01
7.200000e+01	8.000000e+01	1.237068e+00	2.208481e-01	2.208481e-01
# END HISTO1D


# BEGIN HISTO1D //afs/cern.ch/user/m/mdessena/OtherSqrtS/CMSSW_11_2_4/src/Result_pTzero/result_TOT_6.yoda/CMS_2015_PAS_FSQ_15_007/d16-x01-y01
LineColor=blue
LineStyle=dashed
Path=//afs/cern.ch/user/m/mdessena/OtherSqrtS/CMSSW_11_2_4/src/Result_pTzero/result_TOT_6.yoda/CMS_2015_PAS_FSQ_15_007/d16-x01-y01
Title=result_TOT_6
# xlow	 xhigh	 val	 errminus	 errplus
5.000000e-01	1.000000e+00	nan	nan	nan
1.000000e+00	1.500000e+00	1.126651e-01	1.836812e-04	1.836812e-04
1.500000e+00	2.000000e+00	1.781644e-01	3.060155e-04	3.060155e-04
2.000000e+00	2.500000e+00	2.337385e-01	4.509021e-04	4.509021e-04
2.500000e+00	3.000000e+00	2.774885e-01	6.085272e-04	6.085272e-04
3.000000e+00	3.500000e+00	3.135067e-01	7.709935e-04	7.709935e-04
3.500000e+00	4.000000e+00	3.455848e-01	9.560906e-04	9.560906e-04
4.000000e+00	4.500000e+00	3.697368e-01	1.130925e-03	1.130925e-03
4.500000e+00	5.000000e+00	3.939174e-01	1.340742e-03	1.340742e-03
5.000000e+00	6.000000e+00	4.188435e-01	1.183853e-03	1.183853e-03
6.000000e+00	7.000000e+00	4.495066e-01	1.556597e-03	1.556597e-03
7.000000e+00	8.000000e+00	4.761250e-01	1.990984e-03	1.990984e-03
8.000000e+00	9.000000e+00	4.992657e-01	2.517637e-03	2.517637e-03
9.000000e+00	1.000000e+01	5.090888e-01	3.042108e-03	3.042108e-03
1.000000e+01	1.200000e+01	5.307114e-01	2.830868e-03	2.830868e-03
1.200000e+01	1.400000e+01	5.527931e-01	4.136460e-03	4.136460e-03
1.400000e+01	1.600000e+01	5.674566e-01	5.581742e-03	5.581742e-03
1.600000e+01	1.800000e+01	5.866942e-01	7.400566e-03	7.400566e-03
1.800000e+01	2.000000e+01	5.871897e-01	9.530314e-03	9.530314e-03
2.000000e+01	2.400000e+01	5.899455e-01	9.339094e-03	9.339094e-03
2.400000e+01	2.800000e+01	5.982237e-01	1.373061e-02	1.373061e-02
2.800000e+01	3.200000e+01	6.455707e-01	1.947161e-02	1.947161e-02
3.200000e+01	3.600000e+01	6.694318e-01	2.599078e-02	2.599078e-02
3.600000e+01	4.000000e+01	6.550443e-01	3.555753e-02	3.555753e-02
4.000000e+01	4.400000e+01	6.315118e-01	4.155338e-02	4.155338e-02
4.400000e+01	4.800000e+01	7.178103e-01	6.590967e-02	6.590967e-02
4.800000e+01	5.200000e+01	6.896714e-01	6.114398e-02	6.114398e-02
5.200000e+01	5.600000e+01	6.700784e-01	9.758175e-02	9.758175e-02
5.600000e+01	6.000000e+01	6.383496e-01	1.086491e-01	1.086491e-01
6.000000e+01	6.400000e+01	5.476802e-01	7.313872e-02	7.313872e-02
6.400000e+01	6.800000e+01	8.583000e-01	1.857668e-01	1.857668e-01
6.800000e+01	7.200000e+01	1.092660e+00	2.240675e-01	2.240675e-01
7.200000e+01	8.000000e+01	8.636494e-01	1.523448e-01	1.523448e-01
# END HISTO1D


# BEGIN HISTO1D //afs/cern.ch/user/m/mdessena/OtherSqrtS/CMSSW_11_2_4/src/Result_pTzero/result_TOT_7.yoda/CMS_2015_PAS_FSQ_15_007/d16-x01-y01
LineColor=green
LineStyle=dashed
Path=//afs/cern.ch/user/m/mdessena/OtherSqrtS/CMSSW_11_2_4/src/Result_pTzero/result_TOT_7.yoda/CMS_2015_PAS_FSQ_15_007/d16-x01-y01
Title=result_TOT_7
# xlow	 xhigh	 val	 errminus	 errplus
5.000000e-01	1.000000e+00	nan	nan	nan
1.000000e+00	1.500000e+00	1.088005e-01	1.744379e-04	1.744379e-04
1.500000e+00	2.000000e+00	1.642255e-01	2.823649e-04	2.823649e-04
2.000000e+00	2.500000e+00	2.079061e-01	4.143517e-04	4.143517e-04
2.500000e+00	3.000000e+00	2.398399e-01	5.567492e-04	5.567492e-04
3.000000e+00	3.500000e+00	2.641809e-01	7.043487e-04	7.043487e-04
3.500000e+00	4.000000e+00	2.850001e-01	8.624124e-04	8.624124e-04
4.000000e+00	4.500000e+00	3.035357e-01	1.033586e-03	1.033586e-03
4.500000e+00	5.000000e+00	3.215316e-01	1.225472e-03	1.225472e-03
5.000000e+00	6.000000e+00	3.399920e-01	1.081620e-03	1.081620e-03
6.000000e+00	7.000000e+00	3.633170e-01	1.417050e-03	1.417050e-03
7.000000e+00	8.000000e+00	3.791862e-01	1.803654e-03	1.803654e-03
8.000000e+00	9.000000e+00	3.944528e-01	2.255570e-03	2.255570e-03
9.000000e+00	1.000000e+01	4.094997e-01	2.794320e-03	2.794320e-03
1.000000e+01	1.200000e+01	4.279330e-01	2.614750e-03	2.614750e-03
1.200000e+01	1.400000e+01	4.430927e-01	3.702406e-03	3.702406e-03
1.400000e+01	1.600000e+01	4.503973e-01	5.061351e-03	5.061351e-03
1.600000e+01	1.800000e+01	4.650159e-01	6.521673e-03	6.521673e-03
1.800000e+01	2.000000e+01	4.745709e-01	8.702121e-03	8.702121e-03
2.000000e+01	2.400000e+01	4.902307e-01	8.548986e-03	8.548986e-03
2.400000e+01	2.800000e+01	5.332851e-01	1.293713e-02	1.293713e-02
2.800000e+01	3.200000e+01	5.500550e-01	1.830955e-02	1.830955e-02
3.200000e+01	3.600000e+01	5.694236e-01	2.617554e-02	2.617554e-02
3.600000e+01	4.000000e+01	5.671244e-01	3.033131e-02	3.033131e-02
4.000000e+01	4.400000e+01	6.242266e-01	4.754039e-02	4.754039e-02
4.400000e+01	4.800000e+01	5.789261e-01	5.166963e-02	5.166963e-02
4.800000e+01	5.200000e+01	7.245739e-01	6.812524e-02	6.812524e-02
5.200000e+01	5.600000e+01	5.968310e-01	7.165193e-02	7.165193e-02
5.600000e+01	6.000000e+01	7.161973e-01	9.856339e-02	9.856339e-02
6.000000e+01	6.400000e+01	6.207043e-01	1.308629e-01	1.308629e-01
6.400000e+01	6.800000e+01	7.021541e-01	1.372797e-01	1.372797e-01
6.800000e+01	7.200000e+01	3.680458e-01	8.749204e-02	8.749204e-02
7.200000e+01	8.000000e+01	7.161972e-01	1.404578e-01	1.404578e-01
# END HISTO1D

