# BEGIN PLOT
LegendOnly=/CMS_2015_PAS_FSQ_15_007/d02-x01-y01 //eos/home-m/mdessena/CMSSW_eos/CMSSW_11_2_4/src/UE_with_without_MPI/with_MPI.yoda/CMS_2015_PAS_FSQ_15_007/d02-x01-y01 //eos/home-m/mdessena/CMSSW_eos/CMSSW_11_2_4/src/UE_with_without_MPI/without_MPI.yoda/CMS_2015_PAS_FSQ_15_007/d02-x01-y01
DrawOnly=/CMS_2015_PAS_FSQ_15_007/d02-x01-y01 //eos/home-m/mdessena/CMSSW_eos/CMSSW_11_2_4/src/UE_with_without_MPI/with_MPI.yoda/CMS_2015_PAS_FSQ_15_007/d02-x01-y01 //eos/home-m/mdessena/CMSSW_eos/CMSSW_11_2_4/src/UE_with_without_MPI/without_MPI.yoda/CMS_2015_PAS_FSQ_15_007/d02-x01-y01
XLabelSep=4.4
ConnectBins=0
RatioPlot=1
LogY=0
YLabelSep=5.4
RatioPlotSameStyle=0
RatioPlotErrorBandColor=grey!40!yellow!60
XTwosidedTicks=1
YTwosidedTicks=1
RatioPlotReference=/CMS_2015_PAS_FSQ_15_007/d02-x01-y01
Title=\large{CMS, 13 TeV, MB, TransMAX charged $p_\text{T}^{\text{sum}}$ density}
LegendXPos=0.40
XLabel=\large{$p_\text{T}^{\text{max}}$[GeV]}
XMax=24
YLabel=\large{$(1/N_\text{events})\; dp_\text{T}^{\text{sum}}\,/d\eta\, d\phi$}
LegendYPos=0.50
Legend=1
# END PLOT

# BEGIN HISTO1D /CMS_2015_PAS_FSQ_15_007/d02-x01-y01
ConnectBins=0
ErrorBars=1
Path=/CMS_2015_PAS_FSQ_15_007/d02-x01-y01
PolyMarker=*
Title=Data
# xlow	 xhigh	 val	 errminus	 errplus
5.000000e-01	1.000000e+00	7.574498e-02	2.649560e-04	2.649560e-04
1.000000e+00	1.500000e+00	2.514323e-01	5.274155e-03	5.274155e-03
1.500000e+00	2.000000e+00	5.111401e-01	9.760261e-03	9.760261e-03
2.000000e+00	2.500000e+00	7.802509e-01	1.619773e-02	1.619773e-02
2.500000e+00	3.000000e+00	1.022590e+00	8.936159e-03	8.936159e-03
3.000000e+00	3.500000e+00	1.215093e+00	5.998222e-03	5.998222e-03
3.500000e+00	4.000000e+00	1.356881e+00	1.672860e-02	1.672860e-02
4.000000e+00	4.500000e+00	1.488536e+00	3.031749e-02	3.031749e-02
4.500000e+00	5.000000e+00	1.572450e+00	4.254929e-02	4.254929e-02
5.000000e+00	6.000000e+00	1.658542e+00	5.341004e-02	5.341004e-02
6.000000e+00	7.000000e+00	1.750813e+00	2.330830e-02	2.330830e-02
7.000000e+00	8.000000e+00	1.810615e+00	2.643093e-02	2.643093e-02
8.000000e+00	1.000000e+01	1.859186e+00	3.067393e-02	3.067393e-02
1.000000e+01	1.200000e+01	1.930078e+00	3.316693e-02	3.316693e-02
1.200000e+01	1.600000e+01	1.952233e+00	4.769271e-02	4.769271e-02
1.600000e+01	2.000000e+01	2.081804e+00	5.752488e-02	5.752488e-02
2.000000e+01	2.400000e+01	2.064639e+00	1.055483e-01	1.055483e-01
2.400000e+01	2.800000e+01	2.506720e+00	1.916816e-01	1.916816e-01
2.800000e+01	3.200000e+01	2.552197e+00	2.878187e-01	2.878187e-01
3.200000e+01	3.600000e+01	2.470607e+00	3.740868e-01	3.740868e-01
3.600000e+01	4.000000e+01	1.813055e+00	6.660335e-01	6.660335e-01
4.000000e+01	5.000000e+01	1.691568e+00	4.547266e-01	4.547266e-01
# END HISTO1D


# BEGIN HISTO1D //eos/home-m/mdessena/CMSSW_eos/CMSSW_11_2_4/src/UE_with_without_MPI/with_MPI.yoda/CMS_2015_PAS_FSQ_15_007/d02-x01-y01
ErrorBars=1
LineColor=red
LineStyle=solid
Path=//eos/home-m/mdessena/CMSSW_eos/CMSSW_11_2_4/src/UE_with_without_MPI/with_MPI.yoda/CMS_2015_PAS_FSQ_15_007/d02-x01-y01
Title=with_MPI
# xlow	 xhigh	 val	 errminus	 errplus
5.000000e-01	1.000000e+00	7.861639e-02	1.091437e-04	1.091437e-04
1.000000e+00	1.500000e+00	2.503728e-01	3.234584e-04	3.234584e-04
1.500000e+00	2.000000e+00	5.081499e-01	7.249829e-04	7.249829e-04
2.000000e+00	2.500000e+00	8.148118e-01	1.240049e-03	1.240049e-03
2.500000e+00	3.000000e+00	1.106381e+00	1.858468e-03	1.858468e-03
3.000000e+00	3.500000e+00	1.339084e+00	2.650439e-03	2.650439e-03
3.500000e+00	4.000000e+00	1.491793e+00	3.646377e-03	3.646377e-03
4.000000e+00	4.500000e+00	1.578489e+00	4.904132e-03	4.904132e-03
4.500000e+00	5.000000e+00	1.640844e+00	6.446070e-03	6.446070e-03
5.000000e+00	6.000000e+00	1.668383e+00	6.384528e-03	6.384528e-03
6.000000e+00	7.000000e+00	1.708348e+00	9.956754e-03	9.956754e-03
7.000000e+00	8.000000e+00	1.720726e+00	1.405912e-02	1.405912e-02
8.000000e+00	1.000000e+01	1.777557e+00	1.551509e-02	1.551509e-02
1.000000e+01	1.200000e+01	1.848868e+00	2.764624e-02	2.764624e-02
1.200000e+01	1.600000e+01	1.883140e+00	3.445285e-02	3.445285e-02
1.600000e+01	2.000000e+01	1.977701e+00	7.059115e-02	7.059115e-02
2.000000e+01	2.400000e+01	2.242178e+00	1.478510e-01	1.478510e-01
2.400000e+01	2.800000e+01	2.292842e+00	2.930953e-01	2.930953e-01
2.800000e+01	3.200000e+01	2.869549e+00	4.291382e-01	4.291382e-01
3.200000e+01	3.600000e+01	2.052202e+00	3.292385e-01	3.292385e-01
3.600000e+01	4.000000e+01	1.757020e+00	3.224276e-01	3.224276e-01
4.000000e+01	5.000000e+01	1.382346e+00	2.892060e-01	2.892060e-01
# END HISTO1D


# BEGIN HISTO1D //eos/home-m/mdessena/CMSSW_eos/CMSSW_11_2_4/src/UE_with_without_MPI/without_MPI.yoda/CMS_2015_PAS_FSQ_15_007/d02-x01-y01
ErrorBars=1
LineColor=blue
LineStyle=solid
Path=//eos/home-m/mdessena/CMSSW_eos/CMSSW_11_2_4/src/UE_with_without_MPI/without_MPI.yoda/CMS_2015_PAS_FSQ_15_007/d02-x01-y01
Title=without_MPI
# xlow	 xhigh	 val	 errminus	 errplus
5.000000e-01	1.000000e+00	6.271341e-02	7.963663e-05	7.963663e-05
1.000000e+00	1.500000e+00	1.453142e-01	1.998425e-04	1.998425e-04
1.500000e+00	2.000000e+00	1.961979e-01	3.863753e-04	3.863753e-04
2.000000e+00	2.500000e+00	2.250146e-01	6.165405e-04	6.165405e-04
2.500000e+00	3.000000e+00	2.478328e-01	9.347373e-04	9.347373e-04
3.000000e+00	3.500000e+00	2.647407e-01	1.311952e-03	1.311952e-03
3.500000e+00	4.000000e+00	2.842821e-01	1.825823e-03	1.825823e-03
4.000000e+00	4.500000e+00	3.000743e-01	2.449860e-03	2.449860e-03
4.500000e+00	5.000000e+00	3.242430e-01	3.267979e-03	3.267979e-03
5.000000e+00	6.000000e+00	3.497257e-01	3.341173e-03	3.341173e-03
6.000000e+00	7.000000e+00	3.783039e-01	5.165250e-03	5.165250e-03
7.000000e+00	8.000000e+00	4.096856e-01	7.834000e-03	7.834000e-03
8.000000e+00	1.000000e+01	4.667855e-01	9.768407e-03	9.768407e-03
1.000000e+01	1.200000e+01	5.498521e-01	1.782026e-02	1.782026e-02
1.200000e+01	1.600000e+01	6.113728e-01	2.498923e-02	2.498923e-02
1.600000e+01	2.000000e+01	6.896177e-01	5.168077e-02	5.168077e-02
2.000000e+01	2.400000e+01	8.051632e-01	1.049010e-01	1.049010e-01
2.400000e+01	2.800000e+01	1.523151e+00	3.275048e-01	3.275048e-01
2.800000e+01	3.200000e+01	5.698738e-01	1.399042e-01	1.399042e-01
3.200000e+01	3.600000e+01	1.659136e+00	6.487946e-01	6.487946e-01
3.600000e+01	4.000000e+01	1.089112e+00	4.921282e-01	4.921282e-01
4.000000e+01	5.000000e+01	1.377348e+00	4.495030e-01	4.495030e-01
# END HISTO1D

