# BEGIN PLOT
LegendOnly=/CMS_2015_PAS_FSQ_15_007/d03-x01-y01 //eos/home-m/mdessena/CMSSW_eos/CMSSW_11_2_4/src/UE_with_without_MPI/with_MPI.yoda/CMS_2015_PAS_FSQ_15_007/d03-x01-y01 //eos/home-m/mdessena/CMSSW_eos/CMSSW_11_2_4/src/UE_with_without_MPI/without_MPI.yoda/CMS_2015_PAS_FSQ_15_007/d03-x01-y01
DrawOnly=/CMS_2015_PAS_FSQ_15_007/d03-x01-y01 //eos/home-m/mdessena/CMSSW_eos/CMSSW_11_2_4/src/UE_with_without_MPI/with_MPI.yoda/CMS_2015_PAS_FSQ_15_007/d03-x01-y01 //eos/home-m/mdessena/CMSSW_eos/CMSSW_11_2_4/src/UE_with_without_MPI/without_MPI.yoda/CMS_2015_PAS_FSQ_15_007/d03-x01-y01
XLabelSep=4.4
ConnectBins=0
RatioPlot=1
LogY=0
YLabelSep=5.4
RatioPlotSameStyle=0
RatioPlotErrorBandColor=grey!40!yellow!60
XTwosidedTicks=1
YTwosidedTicks=1
RatioPlotReference=/CMS_2015_PAS_FSQ_15_007/d03-x01-y01
Title=\large{CMS, 13 TeV, MB, TransDIF charged $p_\text{T}^{\text{sum}}$ density}
LegendXPos=0.40
XLabel=\large{$p_\text{T}^{\text{max}}$[GeV]}
XMax=24
YLabel=\large{$(1/N_\text{events})\; dp_\text{T}^{\text{sum}}\,/d\eta\, d\phi$}
LegendYPos=0.50
Legend=1
# END PLOT

# BEGIN HISTO1D /CMS_2015_PAS_FSQ_15_007/d03-x01-y01
ConnectBins=0
ErrorBars=1
Path=/CMS_2015_PAS_FSQ_15_007/d03-x01-y01
PolyMarker=*
Title=Data
# xlow	 xhigh	 val	 errminus	 errplus
5.000000e-01	1.000000e+00	5.906501e-02	2.790340e-04	2.790340e-04
1.000000e+00	1.500000e+00	1.705802e-01	4.058386e-03	4.058386e-03
1.500000e+00	2.000000e+00	2.983050e-01	5.727535e-03	5.727535e-03
2.000000e+00	2.500000e+00	4.133652e-01	7.708834e-03	7.708834e-03
2.500000e+00	3.000000e+00	5.092931e-01	5.359362e-03	5.359362e-03
3.000000e+00	3.500000e+00	5.809705e-01	4.200646e-03	4.200646e-03
3.500000e+00	4.000000e+00	6.375897e-01	2.425665e-03	2.425665e-03
4.000000e+00	4.500000e+00	6.941051e-01	4.138942e-03	4.138942e-03
4.500000e+00	5.000000e+00	7.273000e-01	6.482692e-03	6.482692e-03
5.000000e+00	6.000000e+00	7.619986e-01	1.318231e-02	1.318231e-02
6.000000e+00	7.000000e+00	8.090667e-01	5.051820e-03	5.051820e-03
7.000000e+00	8.000000e+00	8.508746e-01	7.120133e-03	7.120133e-03
8.000000e+00	1.000000e+01	8.983699e-01	1.003109e-02	1.003109e-02
1.000000e+01	1.200000e+01	9.661892e-01	1.251068e-02	1.251068e-02
1.200000e+01	1.600000e+01	9.662331e-01	2.165847e-02	2.165847e-02
1.600000e+01	2.000000e+01	1.053670e+00	2.901027e-02	2.901027e-02
2.000000e+01	2.400000e+01	1.153402e+00	6.784806e-02	6.784806e-02
2.400000e+01	2.800000e+01	1.305058e+00	1.536979e-01	1.536979e-01
2.800000e+01	3.200000e+01	1.797134e+00	2.164775e-01	2.164775e-01
3.200000e+01	3.600000e+01	1.965634e+00	5.693099e-01	5.693099e-01
3.600000e+01	4.000000e+01	1.326769e+00	5.964774e-01	5.964774e-01
4.000000e+01	5.000000e+01	2.850896e-01	7.255272e-01	7.255272e-01
# END HISTO1D


# BEGIN HISTO1D //eos/home-m/mdessena/CMSSW_eos/CMSSW_11_2_4/src/UE_with_without_MPI/with_MPI.yoda/CMS_2015_PAS_FSQ_15_007/d03-x01-y01
ErrorBars=1
LineColor=red
LineStyle=solid
Path=//eos/home-m/mdessena/CMSSW_eos/CMSSW_11_2_4/src/UE_with_without_MPI/with_MPI.yoda/CMS_2015_PAS_FSQ_15_007/d03-x01-y01
Title=with_MPI
# xlow	 xhigh	 val	 errminus	 errplus
5.000000e-01	1.000000e+00	6.369170e-02	9.322676e-05	9.322676e-05
1.000000e+00	1.500000e+00	1.698347e-01	2.441076e-04	2.441076e-04
1.500000e+00	2.000000e+00	2.953462e-01	4.965130e-04	4.965130e-04
2.000000e+00	2.500000e+00	4.238430e-01	8.014233e-04	8.014233e-04
2.500000e+00	3.000000e+00	5.376681e-01	1.172349e-03	1.172349e-03
3.000000e+00	3.500000e+00	6.232316e-01	1.645141e-03	1.645141e-03
3.500000e+00	4.000000e+00	6.838721e-01	2.257862e-03	2.257862e-03
4.000000e+00	4.500000e+00	7.197119e-01	3.016214e-03	3.016214e-03
4.500000e+00	5.000000e+00	7.488241e-01	3.955499e-03	3.955499e-03
5.000000e+00	6.000000e+00	7.611485e-01	3.941422e-03	3.941422e-03
6.000000e+00	7.000000e+00	7.918827e-01	6.205073e-03	6.205073e-03
7.000000e+00	8.000000e+00	7.965818e-01	8.793348e-03	8.793348e-03
8.000000e+00	1.000000e+01	8.248349e-01	9.856005e-03	9.856005e-03
1.000000e+01	1.200000e+01	8.817272e-01	1.805806e-02	1.805806e-02
1.200000e+01	1.600000e+01	9.333835e-01	2.436228e-02	2.436228e-02
1.600000e+01	2.000000e+01	1.005576e+00	5.037872e-02	5.037872e-02
2.000000e+01	2.400000e+01	1.227276e+00	1.121411e-01	1.121411e-01
2.400000e+01	2.800000e+01	1.297185e+00	2.451184e-01	2.451184e-01
2.800000e+01	3.200000e+01	1.726096e+00	3.801655e-01	3.801655e-01
3.200000e+01	3.600000e+01	1.076932e+00	2.528859e-01	2.528859e-01
3.600000e+01	4.000000e+01	1.119841e+00	2.735929e-01	2.735929e-01
4.000000e+01	5.000000e+01	5.075444e-01	1.351888e-01	1.351888e-01
# END HISTO1D


# BEGIN HISTO1D //eos/home-m/mdessena/CMSSW_eos/CMSSW_11_2_4/src/UE_with_without_MPI/without_MPI.yoda/CMS_2015_PAS_FSQ_15_007/d03-x01-y01
ErrorBars=1
LineColor=blue
LineStyle=solid
Path=//eos/home-m/mdessena/CMSSW_eos/CMSSW_11_2_4/src/UE_with_without_MPI/without_MPI.yoda/CMS_2015_PAS_FSQ_15_007/d03-x01-y01
Title=without_MPI
# xlow	 xhigh	 val	 errminus	 errplus
5.000000e-01	1.000000e+00	5.421053e-02	7.276592e-05	7.276592e-05
1.000000e+00	1.500000e+00	1.180174e-01	1.781047e-04	1.781047e-04
1.500000e+00	2.000000e+00	1.566011e-01	3.400870e-04	3.400870e-04
2.000000e+00	2.500000e+00	1.786107e-01	5.375894e-04	5.375894e-04
2.500000e+00	3.000000e+00	1.966752e-01	8.106713e-04	8.106713e-04
3.000000e+00	3.500000e+00	2.093646e-01	1.125762e-03	1.125762e-03
3.500000e+00	4.000000e+00	2.245989e-01	1.557817e-03	1.557817e-03
4.000000e+00	4.500000e+00	2.369189e-01	2.093756e-03	2.093756e-03
4.500000e+00	5.000000e+00	2.552685e-01	2.786640e-03	2.786640e-03
5.000000e+00	6.000000e+00	2.765884e-01	2.883481e-03	2.883481e-03
6.000000e+00	7.000000e+00	2.997044e-01	4.457406e-03	4.457406e-03
7.000000e+00	8.000000e+00	3.281206e-01	6.642633e-03	6.642633e-03
8.000000e+00	1.000000e+01	3.721647e-01	8.212060e-03	8.212060e-03
1.000000e+01	1.200000e+01	4.489039e-01	1.602561e-02	1.602561e-02
1.200000e+01	1.600000e+01	4.862119e-01	2.072408e-02	2.072408e-02
1.600000e+01	2.000000e+01	5.582276e-01	4.030030e-02	4.030030e-02
2.000000e+01	2.400000e+01	6.493341e-01	9.202845e-02	9.202845e-02
2.400000e+01	2.800000e+01	1.249892e+00	2.814018e-01	2.814018e-01
2.800000e+01	3.200000e+01	4.279140e-01	1.017841e-01	1.017841e-01
3.200000e+01	3.600000e+01	1.273215e+00	5.976501e-01	5.976501e-01
3.600000e+01	4.000000e+01	1.021829e+00	4.758656e-01	4.758656e-01
4.000000e+01	5.000000e+01	1.218867e+00	3.940202e-01	3.940202e-01
# END HISTO1D

