# BEGIN PLOT
LegendOnly=/CMS_2015_PAS_FSQ_15_007/d11-x01-y01 //eos/home-m/mdessena/CMSSW_eos/CMSSW_11_2_4/src/UE_with_without_MPI/with_MPI.yoda/CMS_2015_PAS_FSQ_15_007/d11-x01-y01 //eos/home-m/mdessena/CMSSW_eos/CMSSW_11_2_4/src/UE_with_without_MPI/without_MPI.yoda/CMS_2015_PAS_FSQ_15_007/d11-x01-y01
DrawOnly=/CMS_2015_PAS_FSQ_15_007/d11-x01-y01 //eos/home-m/mdessena/CMSSW_eos/CMSSW_11_2_4/src/UE_with_without_MPI/with_MPI.yoda/CMS_2015_PAS_FSQ_15_007/d11-x01-y01 //eos/home-m/mdessena/CMSSW_eos/CMSSW_11_2_4/src/UE_with_without_MPI/without_MPI.yoda/CMS_2015_PAS_FSQ_15_007/d11-x01-y01
XLabelSep=4.4
ConnectBins=0
RatioPlot=1
LogY=0
YLabelSep=5.4
RatioPlotSameStyle=0
RatioPlotErrorBandColor=grey!40!yellow!60
XTwosidedTicks=1
YTwosidedTicks=1
RatioPlotReference=/CMS_2015_PAS_FSQ_15_007/d11-x01-y01
Title=\large{CMS, 13 TeV, MB, TransDIF charged $p_\text{T}^{\text{sum}}$ density}
LegendXPos=0.40
XLabel=\large{$p_\text{T}^{\text{jet}}$[GeV]}
XMax=52
YLabel=\large{$(1/N_\text{events})\; dp_\text{T}^{\text{sum}}\,/d\eta\, d\phi$}
LegendYPos=0.50
Legend=1
# END PLOT

# BEGIN HISTO1D /CMS_2015_PAS_FSQ_15_007/d11-x01-y01
ConnectBins=0
ErrorBars=1
Path=/CMS_2015_PAS_FSQ_15_007/d11-x01-y01
PolyMarker=*
Title=Data
# xlow	 xhigh	 val	 errminus	 errplus
5.000000e-01	1.000000e+00	0.000000e+00	0.000000e+00	0.000000e+00
1.000000e+00	1.500000e+00	1.034020e-01	2.848534e-03	2.848534e-03
1.500000e+00	2.000000e+00	1.699114e-01	2.580222e-03	2.580222e-03
2.000000e+00	2.500000e+00	2.367880e-01	2.601060e-03	2.601060e-03
2.500000e+00	3.000000e+00	2.996650e-01	2.966946e-03	2.966946e-03
3.000000e+00	3.500000e+00	3.549262e-01	3.485099e-03	3.485099e-03
3.500000e+00	4.000000e+00	4.116682e-01	3.160186e-03	3.160186e-03
4.000000e+00	4.500000e+00	4.579654e-01	4.325701e-03	4.325701e-03
4.500000e+00	5.000000e+00	5.063285e-01	4.683509e-03	4.683509e-03
5.000000e+00	6.000000e+00	5.591466e-01	1.377490e-02	1.377490e-02
6.000000e+00	7.000000e+00	6.236964e-01	1.604711e-02	1.604711e-02
7.000000e+00	8.000000e+00	6.783355e-01	1.525648e-02	1.525648e-02
8.000000e+00	9.000000e+00	7.192363e-01	1.197579e-02	1.197579e-02
9.000000e+00	1.000000e+01	7.664912e-01	1.092101e-02	1.092101e-02
1.000000e+01	1.200000e+01	8.004270e-01	1.207525e-02	1.207525e-02
1.200000e+01	1.400000e+01	8.546232e-01	1.319294e-02	1.319294e-02
1.400000e+01	1.600000e+01	9.097411e-01	1.454839e-02	1.454839e-02
1.600000e+01	1.800000e+01	9.035859e-01	1.575826e-02	1.575826e-02
1.800000e+01	2.000000e+01	9.590634e-01	1.919228e-02	1.919228e-02
2.000000e+01	2.400000e+01	9.638136e-01	1.971855e-02	1.971855e-02
2.400000e+01	2.800000e+01	1.105411e+00	2.874927e-02	2.874927e-02
2.800000e+01	3.200000e+01	1.119284e+00	4.365010e-02	4.365010e-02
3.200000e+01	3.600000e+01	1.302115e+00	8.984009e-02	8.984009e-02
3.600000e+01	4.000000e+01	1.242461e+00	1.221643e-01	1.221643e-01
4.000000e+01	4.400000e+01	1.466990e+00	2.338475e-01	2.338475e-01
4.400000e+01	4.800000e+01	1.127291e+00	1.973931e-01	1.973931e-01
4.800000e+01	5.200000e+01	1.589885e+00	2.868829e-01	2.868829e-01
5.200000e+01	5.600000e+01	1.204608e+00	2.324716e-01	2.324716e-01
5.600000e+01	6.000000e+01	1.602119e+00	4.527370e-01	4.527370e-01
6.000000e+01	6.400000e+01	1.543108e+00	3.693197e-01	3.693197e-01
6.400000e+01	6.800000e+01	6.740831e-01	2.396119e-01	2.396119e-01
6.800000e+01	7.200000e+01	1.173642e+00	4.695594e-01	4.695594e-01
7.200000e+01	8.000000e+01	7.257805e-01	4.443753e-01	4.443753e-01
# END HISTO1D


# BEGIN HISTO1D //eos/home-m/mdessena/CMSSW_eos/CMSSW_11_2_4/src/UE_with_without_MPI/with_MPI.yoda/CMS_2015_PAS_FSQ_15_007/d11-x01-y01
ErrorBars=1
LineColor=red
LineStyle=solid
Path=//eos/home-m/mdessena/CMSSW_eos/CMSSW_11_2_4/src/UE_with_without_MPI/with_MPI.yoda/CMS_2015_PAS_FSQ_15_007/d11-x01-y01
Title=with_MPI
# xlow	 xhigh	 val	 errminus	 errplus
5.000000e-01	1.000000e+00	nan	nan	nan
1.000000e+00	1.500000e+00	1.050643e-01	1.759481e-04	1.759481e-04
1.500000e+00	2.000000e+00	1.678387e-01	3.074233e-04	3.074233e-04
2.000000e+00	2.500000e+00	2.305827e-01	4.794991e-04	4.794991e-04
2.500000e+00	3.000000e+00	2.881147e-01	6.743574e-04	6.743574e-04
3.000000e+00	3.500000e+00	3.449156e-01	8.780615e-04	8.780615e-04
3.500000e+00	4.000000e+00	3.982082e-01	1.092189e-03	1.092189e-03
4.000000e+00	4.500000e+00	4.478608e-01	1.322099e-03	1.322099e-03
4.500000e+00	5.000000e+00	4.962548e-01	1.569117e-03	1.569117e-03
5.000000e+00	6.000000e+00	5.564868e-01	1.391348e-03	1.391348e-03
6.000000e+00	7.000000e+00	6.214826e-01	1.820482e-03	1.820482e-03
7.000000e+00	8.000000e+00	6.769620e-01	2.353949e-03	2.353949e-03
8.000000e+00	9.000000e+00	7.233651e-01	3.012328e-03	3.012328e-03
9.000000e+00	1.000000e+01	7.574387e-01	3.758964e-03	3.758964e-03
1.000000e+01	1.200000e+01	7.881638e-01	3.575134e-03	3.575134e-03
1.200000e+01	1.400000e+01	8.149529e-01	5.256234e-03	5.256234e-03
1.400000e+01	1.600000e+01	8.489984e-01	7.585639e-03	7.585639e-03
1.600000e+01	1.800000e+01	8.754381e-01	1.014243e-02	1.014243e-02
1.800000e+01	2.000000e+01	8.853164e-01	1.374924e-02	1.374924e-02
2.000000e+01	2.400000e+01	8.983080e-01	1.437398e-02	1.437398e-02
2.400000e+01	2.800000e+01	9.292232e-01	2.247981e-02	2.247981e-02
2.800000e+01	3.200000e+01	1.013973e+00	3.370826e-02	3.370826e-02
3.200000e+01	3.600000e+01	1.083838e+00	5.354049e-02	5.354049e-02
3.600000e+01	4.000000e+01	1.019932e+00	6.555580e-02	6.555580e-02
4.000000e+01	4.400000e+01	1.115199e+00	1.141317e-01	1.141317e-01
4.400000e+01	4.800000e+01	1.166488e+00	1.305267e-01	1.305267e-01
4.800000e+01	5.200000e+01	1.472701e+00	2.579059e-01	2.579059e-01
5.200000e+01	5.600000e+01	1.160498e+00	1.542605e-01	1.542605e-01
5.600000e+01	6.000000e+01	1.235634e+00	2.117742e-01	2.117742e-01
6.000000e+01	6.400000e+01	1.925547e+00	5.037997e-01	5.037997e-01
6.400000e+01	6.800000e+01	2.491320e+00	7.260986e-01	7.260986e-01
6.800000e+01	7.200000e+01	1.815697e+00	9.226130e-01	9.226130e-01
7.200000e+01	8.000000e+01	1.120214e+00	2.171290e-01	2.171290e-01
# END HISTO1D


# BEGIN HISTO1D //eos/home-m/mdessena/CMSSW_eos/CMSSW_11_2_4/src/UE_with_without_MPI/without_MPI.yoda/CMS_2015_PAS_FSQ_15_007/d11-x01-y01
ErrorBars=1
LineColor=blue
LineStyle=solid
Path=//eos/home-m/mdessena/CMSSW_eos/CMSSW_11_2_4/src/UE_with_without_MPI/without_MPI.yoda/CMS_2015_PAS_FSQ_15_007/d11-x01-y01
Title=without_MPI
# xlow	 xhigh	 val	 errminus	 errplus
5.000000e-01	1.000000e+00	nan	nan	nan
1.000000e+00	1.500000e+00	9.000582e-02	1.487472e-04	1.487472e-04
1.500000e+00	2.000000e+00	1.229517e-01	2.505684e-04	2.505684e-04
2.000000e+00	2.500000e+00	1.442604e-01	3.722567e-04	3.722567e-04
2.500000e+00	3.000000e+00	1.561579e-01	4.979631e-04	4.979631e-04
3.000000e+00	3.500000e+00	1.656398e-01	6.311417e-04	6.311417e-04
3.500000e+00	4.000000e+00	1.740256e-01	7.723710e-04	7.723710e-04
4.000000e+00	4.500000e+00	1.826228e-01	9.309446e-04	9.309446e-04
4.500000e+00	5.000000e+00	1.921528e-01	1.108112e-03	1.108112e-03
5.000000e+00	6.000000e+00	2.006533e-01	9.824725e-04	9.824725e-04
6.000000e+00	7.000000e+00	2.136008e-01	1.332215e-03	1.332215e-03
7.000000e+00	8.000000e+00	2.283816e-01	1.735242e-03	1.735242e-03
8.000000e+00	9.000000e+00	2.486490e-01	2.331117e-03	2.331117e-03
9.000000e+00	1.000000e+01	2.519294e-01	2.844331e-03	2.844331e-03
1.000000e+01	1.200000e+01	2.787616e-01	2.841010e-03	2.841010e-03
1.200000e+01	1.400000e+01	3.151905e-01	4.414343e-03	4.414343e-03
1.400000e+01	1.600000e+01	3.373840e-01	6.328463e-03	6.328463e-03
1.600000e+01	1.800000e+01	3.813555e-01	9.437294e-03	9.437294e-03
1.800000e+01	2.000000e+01	4.038071e-01	1.248058e-02	1.248058e-02
2.000000e+01	2.400000e+01	4.609772e-01	1.336223e-02	1.336223e-02
2.400000e+01	2.800000e+01	5.010060e-01	2.279587e-02	2.279587e-02
2.800000e+01	3.200000e+01	6.043789e-01	3.597531e-02	3.597531e-02
3.200000e+01	3.600000e+01	6.972947e-01	6.758003e-02	6.758003e-02
3.600000e+01	4.000000e+01	7.010128e-01	6.580783e-02	6.580783e-02
4.000000e+01	4.400000e+01	7.519000e-01	1.041219e-01	1.041219e-01
4.400000e+01	4.800000e+01	8.858270e-01	1.721956e-01	1.721956e-01
4.800000e+01	5.200000e+01	9.106010e-01	1.942550e-01	1.942550e-01
5.200000e+01	5.600000e+01	5.426336e-01	1.233948e-01	1.233948e-01
5.600000e+01	6.000000e+01	1.082663e+00	2.529300e-01	2.529300e-01
6.000000e+01	6.400000e+01	1.515007e+00	5.205541e-01	5.205541e-01
6.400000e+01	6.800000e+01	1.729782e+00	7.304698e-01	7.304698e-01
6.800000e+01	7.200000e+01	1.222411e+00	4.658165e-01	4.658165e-01
7.200000e+01	8.000000e+01	1.311027e+00	5.225547e-01	5.225547e-01
# END HISTO1D

