# BEGIN PLOT
LegendOnly=/CMS_2019_I1753680/d28-x01-y02 //eos/home-m/mdessena/CMSSW_eos/CMSSW_11_2_4/src/Final_Results_MCNNTUNES/results_FxFx_ext_ext/PerBin_FxFx.yoda/CMS_2019_I1753680/d28-x01-y02 //eos/home-m/mdessena/CMSSW_eos/CMSSW_11_2_4/src/Final_Results_MCNNTUNES/results_FxFx_ext_ext/Inverse_FxFx.yoda/CMS_2019_I1753680/d28-x01-y02 //eos/home-m/mdessena/CMSSW_eos/CMSSW_11_2_4/src/Final_Results_MCNNTUNES/results_FxFx_ext_ext/CP5_default_FxFx.yoda/CMS_2019_I1753680/d28-x01-y02
DrawOnly=/CMS_2019_I1753680/d28-x01-y02 //eos/home-m/mdessena/CMSSW_eos/CMSSW_11_2_4/src/Final_Results_MCNNTUNES/results_FxFx_ext_ext/PerBin_FxFx.yoda/CMS_2019_I1753680/d28-x01-y02 //eos/home-m/mdessena/CMSSW_eos/CMSSW_11_2_4/src/Final_Results_MCNNTUNES/results_FxFx_ext_ext/Inverse_FxFx.yoda/CMS_2019_I1753680/d28-x01-y02 //eos/home-m/mdessena/CMSSW_eos/CMSSW_11_2_4/src/Final_Results_MCNNTUNES/results_FxFx_ext_ext/CP5_default_FxFx.yoda/CMS_2019_I1753680/d28-x01-y02
Title=CMS, 13 TeV, $Z \to e^+ e^-$
RatioPlotReference=/CMS_2019_I1753680/d28-x01-y02
YLabel=$d\sigma/d\phi^{*}_{\eta}$ [pb]
RatioPlot=1
LogX=1
LogY=0
RatioPlotYMax=1.25
XLabel=$\phi^{*}_{\eta}$
RatioPlotSameStyle=0
XMin=0.001
RatioPlotErrorBandColor=grey!40!yellow!60
Legend=1
RatioPlotYMin=0.75
# END PLOT

# BEGIN HISTO1D /CMS_2019_I1753680/d28-x01-y02
ConnectBins=0
ErrorBars=1
IsRef=1
Path=/CMS_2019_I1753680/d28-x01-y02
PolyMarker=*
Title=Data
# xlow	 xhigh	 val	 errminus	 errplus
1.000000e-03	2.000000e-03	6.160300e+03	1.832100e+02	1.832100e+02
2.000000e-03	3.000000e-03	6.085600e+03	1.809900e+02	1.809900e+02
3.000000e-03	4.000000e-03	6.056500e+03	1.804100e+02	1.804100e+02
4.000000e-03	5.000000e-03	5.922400e+03	1.769700e+02	1.769700e+02
5.000000e-03	6.000000e-03	5.991300e+03	1.790100e+02	1.790100e+02
6.000000e-03	7.000000e-03	6.038700e+03	1.809200e+02	1.809200e+02
7.000000e-03	8.000000e-03	6.216100e+03	1.882400e+02	1.882400e+02
8.000000e-03	9.000000e-03	5.743600e+03	1.742700e+02	1.742700e+02
9.000000e-03	1.000000e-02	6.053400e+03	1.807500e+02	1.807500e+02
1.000000e-02	2.000000e-02	5.809300e+03	1.695900e+02	1.695900e+02
2.000000e-02	3.000000e-02	5.263900e+03	1.513500e+02	1.513500e+02
3.000000e-02	4.000000e-02	4.722100e+03	1.354600e+02	1.354600e+02
4.000000e-02	5.000000e-02	4.173100e+03	1.201600e+02	1.201600e+02
5.000000e-02	6.000000e-02	3.673100e+03	1.058000e+02	1.058000e+02
6.000000e-02	7.000000e-02	3.243400e+03	9.342100e+01	9.342100e+01
7.000000e-02	8.000000e-02	2.880600e+03	8.316000e+01	8.316000e+01
8.000000e-02	9.000000e-02	2.541800e+03	7.349200e+01	7.349200e+01
9.000000e-02	1.000000e-01	2.278400e+03	6.594900e+01	6.594900e+01
1.000000e-01	2.000000e-01	1.370900e+03	3.988300e+01	3.988300e+01
2.000000e-01	3.000000e-01	6.101300e+02	1.792400e+01	1.792400e+01
3.000000e-01	4.000000e-01	3.226300e+02	9.577500e+00	9.577500e+00
4.000000e-01	5.000000e-01	1.954500e+02	5.856700e+00	5.856700e+00
5.000000e-01	6.000000e-01	1.275600e+02	3.859300e+00	3.859300e+00
6.000000e-01	7.000000e-01	8.754400e+01	2.677400e+00	2.677400e+00
7.000000e-01	8.000000e-01	6.358900e+01	1.967100e+00	1.967100e+00
8.000000e-01	9.000000e-01	4.681300e+01	1.465300e+00	1.465300e+00
9.000000e-01	1.000000e+00	3.559200e+01	1.131800e+00	1.131800e+00
1.000000e+00	3.000000e+00	7.998000e+00	2.632500e-01	2.632500e-01
3.000000e+00	5.000000e+00	9.385700e-01	3.255300e-02	3.255300e-02
5.000000e+00	7.000000e+00	3.488700e-01	1.260800e-02	1.260800e-02
7.000000e+00	1.000000e+01	1.644100e-01	6.058600e-03	6.058600e-03
1.000000e+01	2.000000e+01	5.652500e-02	2.112800e-03	2.112800e-03
2.000000e+01	3.000000e+01	1.867800e-02	7.082600e-04	7.082600e-04
3.000000e+01	5.000000e+01	1.841200e-02	7.023300e-04	7.023300e-04
# END HISTO1D


# BEGIN HISTO1D //eos/home-m/mdessena/CMSSW_eos/CMSSW_11_2_4/src/Final_Results_MCNNTUNES/results_FxFx_ext_ext/PerBin_FxFx.yoda/CMS_2019_I1753680/d28-x01-y02
ErrorBars=1
LineColor=red
LineStyle=solid
Path=//eos/home-m/mdessena/CMSSW_eos/CMSSW_11_2_4/src/Final_Results_MCNNTUNES/results_FxFx_ext_ext/PerBin_FxFx.yoda/CMS_2019_I1753680/d28-x01-y02
ScaledBy=1.04882486358516448e-08
Title=PerBin_FxFx
# xlow	 xhigh	 val	 errminus	 errplus
1.000000e-03	2.000000e-03	6.278310e+03	3.440510e+01	3.440510e+01
2.000000e-03	3.000000e-03	6.278309e+03	3.448421e+01	3.448421e+01
3.000000e-03	4.000000e-03	6.305746e+03	3.447025e+01	3.447025e+01
4.000000e-03	5.000000e-03	6.258383e+03	3.434632e+01	3.434632e+01
5.000000e-03	6.000000e-03	6.287353e+03	3.438769e+01	3.438769e+01
6.000000e-03	7.000000e-03	6.330729e+03	3.451214e+01	3.451214e+01
7.000000e-03	8.000000e-03	6.176075e+03	3.426174e+01	3.426174e+01
8.000000e-03	9.000000e-03	6.254245e+03	3.428711e+01	3.428711e+01
9.000000e-03	1.000000e-02	6.206730e+03	3.421646e+01	3.421646e+01
1.000000e-02	2.000000e-02	6.025543e+03	1.067354e+01	1.067354e+01
2.000000e-02	3.000000e-02	5.605093e+03	1.031917e+01	1.031917e+01
3.000000e-02	4.000000e-02	5.092710e+03	9.859010e+00	9.859010e+00
4.000000e-02	5.000000e-02	4.516686e+03	9.318307e+00	9.318307e+00
5.000000e-02	6.000000e-02	3.918130e+03	8.724219e+00	8.724219e+00
6.000000e-02	7.000000e-02	3.412675e+03	8.183466e+00	8.183466e+00
7.000000e-02	8.000000e-02	2.964590e+03	7.670843e+00	7.670843e+00
8.000000e-02	9.000000e-02	2.583762e+03	7.198034e+00	7.198034e+00
9.000000e-02	1.000000e-01	2.270865e+03	6.795231e+00	6.795231e+00
1.000000e-01	2.000000e-01	1.358763e+03	1.699562e+00	1.699562e+00
2.000000e-01	3.000000e-01	6.391166e+02	1.243431e+00	1.243431e+00
3.000000e-01	4.000000e-01	3.542284e+02	1.010523e+00	1.010523e+00
4.000000e-01	5.000000e-01	2.164385e+02	8.275717e-01	8.275717e-01
5.000000e-01	6.000000e-01	1.380229e+02	6.846741e-01	6.846741e-01
6.000000e-01	7.000000e-01	9.349026e+01	5.710096e-01	5.710096e-01
7.000000e-01	8.000000e-01	6.425914e+01	4.834177e-01	4.834177e-01
8.000000e-01	9.000000e-01	4.556261e+01	4.216937e-01	4.216937e-01
9.000000e-01	1.000000e+00	3.473525e+01	3.672215e-01	3.672215e-01
1.000000e+00	3.000000e+00	8.237165e+00	3.950089e-02	3.950089e-02
3.000000e+00	5.000000e+00	1.026638e+00	1.370036e-02	1.370036e-02
5.000000e+00	7.000000e+00	4.362981e-01	8.698626e-03	8.698626e-03
7.000000e+00	1.000000e+01	1.969077e-01	5.074315e-03	5.074315e-03
1.000000e+01	2.000000e+01	5.533238e-02	1.562055e-03	1.562055e-03
2.000000e+01	3.000000e+01	1.966522e-02	8.838285e-04	8.838285e-04
3.000000e+01	5.000000e+01	8.866975e-03	4.005005e-04	4.005005e-04
# END HISTO1D


# BEGIN HISTO1D //eos/home-m/mdessena/CMSSW_eos/CMSSW_11_2_4/src/Final_Results_MCNNTUNES/results_FxFx_ext_ext/Inverse_FxFx.yoda/CMS_2019_I1753680/d28-x01-y02
ErrorBars=1
LineColor=blue
LineStyle=solid
Path=//eos/home-m/mdessena/CMSSW_eos/CMSSW_11_2_4/src/Final_Results_MCNNTUNES/results_FxFx_ext_ext/Inverse_FxFx.yoda/CMS_2019_I1753680/d28-x01-y02
ScaledBy=1.14292048024500611e-08
Title=Inverse_FxFx
# xlow	 xhigh	 val	 errminus	 errplus
1.000000e-03	2.000000e-03	6.354688e+03	3.609859e+01	3.609859e+01
2.000000e-03	3.000000e-03	6.324790e+03	3.595804e+01	3.595804e+01
3.000000e-03	4.000000e-03	6.270674e+03	3.597200e+01	3.597200e+01
4.000000e-03	5.000000e-03	6.331137e+03	3.603167e+01	3.603167e+01
5.000000e-03	6.000000e-03	6.251632e+03	3.579552e+01	3.579552e+01
6.000000e-03	7.000000e-03	6.320447e+03	3.593398e+01	3.593398e+01
7.000000e-03	8.000000e-03	6.326293e+03	3.600107e+01	3.600107e+01
8.000000e-03	9.000000e-03	6.195010e+03	3.572492e+01	3.572492e+01
9.000000e-03	1.000000e-02	6.212214e+03	3.568937e+01	3.568937e+01
1.000000e-02	2.000000e-02	6.053740e+03	1.115931e+01	1.115931e+01
2.000000e-02	3.000000e-02	5.613625e+03	1.076542e+01	1.076542e+01
3.000000e-02	4.000000e-02	5.059515e+03	1.025470e+01	1.025470e+01
4.000000e-02	5.000000e-02	4.499508e+03	9.706277e+00	9.706277e+00
5.000000e-02	6.000000e-02	3.908101e+03	9.097975e+00	9.097975e+00
6.000000e-02	7.000000e-02	3.382552e+03	8.515105e+00	8.515105e+00
7.000000e-02	8.000000e-02	2.947883e+03	7.985121e+00	7.985121e+00
8.000000e-02	9.000000e-02	2.576767e+03	7.502054e+00	7.502054e+00
9.000000e-02	1.000000e-01	2.261070e+03	7.082394e+00	7.082394e+00
1.000000e-01	2.000000e-01	1.362510e+03	1.777605e+00	1.777605e+00
2.000000e-01	3.000000e-01	6.417924e+02	1.300262e+00	1.300262e+00
3.000000e-01	4.000000e-01	3.545854e+02	1.054445e+00	1.054445e+00
4.000000e-01	5.000000e-01	2.172897e+02	8.642210e-01	8.642210e-01
5.000000e-01	6.000000e-01	1.398262e+02	7.155032e-01	7.155032e-01
6.000000e-01	7.000000e-01	9.400749e+01	5.951792e-01	5.951792e-01
7.000000e-01	8.000000e-01	6.430685e+01	5.060405e-01	5.060405e-01
8.000000e-01	9.000000e-01	4.429541e+01	4.391938e-01	4.391938e-01
9.000000e-01	1.000000e+00	3.614786e+01	3.824431e-01	3.824431e-01
1.000000e+00	3.000000e+00	8.214525e+00	4.122154e-02	4.122154e-02
3.000000e+00	5.000000e+00	1.018694e+00	1.433414e-02	1.433414e-02
5.000000e+00	7.000000e+00	4.227439e-01	9.062627e-03	9.062627e-03
7.000000e+00	1.000000e+01	1.999863e-01	5.297662e-03	5.297662e-03
1.000000e+01	2.000000e+01	5.167798e-02	1.602584e-03	1.602584e-03
2.000000e+01	3.000000e+01	2.036052e-02	9.180378e-04	9.180378e-04
3.000000e+01	5.000000e+01	8.860750e-03	4.252619e-04	4.252619e-04
# END HISTO1D


# BEGIN HISTO1D //eos/home-m/mdessena/CMSSW_eos/CMSSW_11_2_4/src/Final_Results_MCNNTUNES/results_FxFx_ext_ext/CP5_default_FxFx.yoda/CMS_2019_I1753680/d28-x01-y02
ErrorBars=1
LineColor=green
LineStyle=solid
Path=//eos/home-m/mdessena/CMSSW_eos/CMSSW_11_2_4/src/Final_Results_MCNNTUNES/results_FxFx_ext_ext/CP5_default_FxFx.yoda/CMS_2019_I1753680/d28-x01-y02
ScaledBy=1.14357568740282403e-08
Title=CP5_default_FxFx
# xlow	 xhigh	 val	 errminus	 errplus
1.000000e-03	2.000000e-03	7.228202e+03	3.834680e+01	3.834680e+01
2.000000e-03	3.000000e-03	6.987211e+03	3.782909e+01	3.782909e+01
3.000000e-03	4.000000e-03	7.079463e+03	3.793306e+01	3.793306e+01
4.000000e-03	5.000000e-03	7.156339e+03	3.812401e+01	3.812401e+01
5.000000e-03	6.000000e-03	6.972839e+03	3.768115e+01	3.768115e+01
6.000000e-03	7.000000e-03	7.076622e+03	3.791279e+01	3.791279e+01
7.000000e-03	8.000000e-03	7.069435e+03	3.788517e+01	3.788517e+01
8.000000e-03	9.000000e-03	6.943425e+03	3.759209e+01	3.759209e+01
9.000000e-03	1.000000e-02	6.922869e+03	3.761252e+01	3.761252e+01
1.000000e-02	2.000000e-02	6.618924e+03	1.164410e+01	1.164410e+01
2.000000e-02	3.000000e-02	5.939957e+03	1.106634e+01	1.106634e+01
3.000000e-02	4.000000e-02	5.119621e+03	1.032875e+01	1.032875e+01
4.000000e-02	5.000000e-02	4.349823e+03	9.571798e+00	9.571798e+00
5.000000e-02	6.000000e-02	3.679496e+03	8.870364e+00	8.870364e+00
6.000000e-02	7.000000e-02	3.154732e+03	8.260976e+00	8.260976e+00
7.000000e-02	8.000000e-02	2.741255e+03	7.745226e+00	7.745226e+00
8.000000e-02	9.000000e-02	2.410587e+03	7.305610e+00	7.305610e+00
9.000000e-02	1.000000e-01	2.140083e+03	6.921745e+00	6.921745e+00
1.000000e-01	2.000000e-01	1.326773e+03	1.754399e+00	1.754399e+00
2.000000e-01	3.000000e-01	6.339279e+02	1.293057e+00	1.293057e+00
3.000000e-01	4.000000e-01	3.511605e+02	1.053975e+00	1.053975e+00
4.000000e-01	5.000000e-01	2.160071e+02	8.645614e-01	8.645614e-01
5.000000e-01	6.000000e-01	1.384958e+02	7.144175e-01	7.144175e-01
6.000000e-01	7.000000e-01	9.394606e+01	5.956587e-01	5.956587e-01
7.000000e-01	8.000000e-01	6.489187e+01	5.060492e-01	5.060492e-01
8.000000e-01	9.000000e-01	4.416371e+01	4.381598e-01	4.381598e-01
9.000000e-01	1.000000e+00	3.556861e+01	3.843556e-01	3.843556e-01
1.000000e+00	3.000000e+00	8.253580e+00	4.124779e-02	4.124779e-02
3.000000e+00	5.000000e+00	1.018192e+00	1.432360e-02	1.432360e-02
5.000000e+00	7.000000e+00	4.364396e-01	9.059734e-03	9.059734e-03
7.000000e+00	1.000000e+01	2.041676e-01	5.354580e-03	5.354580e-03
1.000000e+01	2.000000e+01	5.342896e-02	1.605330e-03	1.605330e-03
2.000000e+01	3.000000e+01	1.955329e-02	9.129217e-04	9.129217e-04
3.000000e+01	5.000000e+01	8.715420e-03	4.205540e-04	4.205540e-04
# END HISTO1D

