# BEGIN PLOT
LegendOnly=/CMS_2019_I1753680/d29-x01-y04 //eos/home-m/mdessena/CMSSW_eos/CMSSW_11_2_4/src/Final_Results_MCNNTUNES/results_FxFx_ext_ext/PerBin_FxFx.yoda/CMS_2019_I1753680/d29-x01-y04 //eos/home-m/mdessena/CMSSW_eos/CMSSW_11_2_4/src/Final_Results_MCNNTUNES/results_FxFx_ext_ext/Inverse_FxFx.yoda/CMS_2019_I1753680/d29-x01-y04 //eos/home-m/mdessena/CMSSW_eos/CMSSW_11_2_4/src/Final_Results_MCNNTUNES/results_FxFx_ext_ext/CP5_default_FxFx.yoda/CMS_2019_I1753680/d29-x01-y04
DrawOnly=/CMS_2019_I1753680/d29-x01-y04 //eos/home-m/mdessena/CMSSW_eos/CMSSW_11_2_4/src/Final_Results_MCNNTUNES/results_FxFx_ext_ext/PerBin_FxFx.yoda/CMS_2019_I1753680/d29-x01-y04 //eos/home-m/mdessena/CMSSW_eos/CMSSW_11_2_4/src/Final_Results_MCNNTUNES/results_FxFx_ext_ext/Inverse_FxFx.yoda/CMS_2019_I1753680/d29-x01-y04 //eos/home-m/mdessena/CMSSW_eos/CMSSW_11_2_4/src/Final_Results_MCNNTUNES/results_FxFx_ext_ext/CP5_default_FxFx.yoda/CMS_2019_I1753680/d29-x01-y04
Title=CMS, 13 TeV, $Z \to \ell^+ \ell^-$, $1.2 < |y^{Z}| < 1.6$
RatioPlotReference=/CMS_2019_I1753680/d29-x01-y04
YLabel=$d\sigma/dp_{T}^{Z}$ [pb/GeV]
RatioPlot=1
LogX=1
LogY=0
RatioPlotYMax=1.25
XLabel=$p_{T}^{Z}$ [GeV]
RatioPlotSameStyle=0
XMin=0.1
RatioPlotErrorBandColor=grey!40!yellow!60
Legend=1
RatioPlotYMin=0.75
# END PLOT

# BEGIN HISTO1D /CMS_2019_I1753680/d29-x01-y04
ConnectBins=0
ErrorBars=1
IsRef=1
Path=/CMS_2019_I1753680/d29-x01-y04
PolyMarker=*
Title=Data
# xlow	 xhigh	 val	 errminus	 errplus
0.000000e+00	1.000000e+00	1.865500e+00	1.491700e-01	1.491700e-01
1.000000e+00	2.000000e+00	4.236300e+00	2.610300e-01	2.610300e-01
2.000000e+00	3.000000e+00	6.017700e+00	2.960900e-01	2.960900e-01
3.000000e+00	4.000000e+00	6.890900e+00	2.802700e-01	2.802700e-01
4.000000e+00	5.000000e+00	7.061200e+00	2.594200e-01	2.594200e-01
5.000000e+00	6.000000e+00	6.825700e+00	2.434300e-01	2.434300e-01
6.000000e+00	7.000000e+00	6.434400e+00	2.211900e-01	2.211900e-01
7.000000e+00	8.000000e+00	6.016000e+00	2.008900e-01	2.008900e-01
8.000000e+00	9.000000e+00	5.566400e+00	1.836000e-01	1.836000e-01
9.000000e+00	1.000000e+01	5.134600e+00	1.675900e-01	1.675900e-01
1.000000e+01	1.100000e+01	4.721500e+00	1.509600e-01	1.509600e-01
1.100000e+01	1.200000e+01	4.366000e+00	1.368700e-01	1.368700e-01
1.200000e+01	1.300000e+01	4.036600e+00	1.257800e-01	1.257800e-01
1.300000e+01	1.400000e+01	3.732100e+00	1.156400e-01	1.156400e-01
1.400000e+01	1.600000e+01	3.312200e+00	1.013700e-01	1.013700e-01
1.600000e+01	1.800000e+01	2.810200e+00	8.498400e-02	8.498400e-02
1.800000e+01	2.000000e+01	2.471100e+00	7.408800e-02	7.408800e-02
2.000000e+01	2.200000e+01	2.126600e+00	6.321800e-02	6.321800e-02
2.200000e+01	2.500000e+01	1.789200e+00	5.269600e-02	5.269600e-02
2.500000e+01	2.800000e+01	1.460700e+00	4.297600e-02	4.297600e-02
2.800000e+01	3.200000e+01	1.184100e+00	3.500100e-02	3.500100e-02
3.200000e+01	3.700000e+01	9.319700e-01	2.735100e-02	2.735100e-02
3.700000e+01	4.300000e+01	6.853400e-01	1.985400e-02	1.985400e-02
4.300000e+01	5.200000e+01	4.759100e-01	1.381000e-02	1.381000e-02
5.200000e+01	6.500000e+01	2.790800e-01	8.189600e-03	8.189600e-03
6.500000e+01	8.500000e+01	1.447700e-01	4.343800e-03	4.343800e-03
8.500000e+01	1.200000e+02	6.385000e-02	1.992800e-03	1.992800e-03
1.200000e+02	1.600000e+02	2.384900e-02	7.945900e-04	7.945900e-04
1.600000e+02	1.900000e+02	1.019500e-02	3.687300e-04	3.687300e-04
1.900000e+02	2.200000e+02	5.733300e-03	2.262400e-04	2.262400e-04
2.200000e+02	2.500000e+02	3.139000e-03	1.355500e-04	1.355500e-04
2.500000e+02	3.000000e+02	1.569900e-03	7.277500e-05	7.277500e-05
3.000000e+02	4.000000e+02	5.381200e-04	2.663300e-05	2.663300e-05
4.000000e+02	1.500000e+03	1.894200e-05	1.020500e-06	1.020500e-06
# END HISTO1D


# BEGIN HISTO1D //eos/home-m/mdessena/CMSSW_eos/CMSSW_11_2_4/src/Final_Results_MCNNTUNES/results_FxFx_ext_ext/PerBin_FxFx.yoda/CMS_2019_I1753680/d29-x01-y04
ErrorBars=1
LineColor=red
LineStyle=solid
Path=//eos/home-m/mdessena/CMSSW_eos/CMSSW_11_2_4/src/Final_Results_MCNNTUNES/results_FxFx_ext_ext/PerBin_FxFx.yoda/CMS_2019_I1753680/d29-x01-y04
ScaledBy=5.24412431792582238e-09
Title=PerBin_FxFx
# xlow	 xhigh	 val	 errminus	 errplus
0.000000e+00	1.000000e+00	1.586399e+00	1.205869e-02	1.205869e-02
1.000000e+00	2.000000e+00	4.457093e+00	2.024453e-02	2.024453e-02
2.000000e+00	3.000000e+00	6.569686e+00	2.460295e-02	2.460295e-02
3.000000e+00	4.000000e+00	7.726301e+00	2.680434e-02	2.680434e-02
4.000000e+00	5.000000e+00	8.106424e+00	2.747628e-02	2.747628e-02
5.000000e+00	6.000000e+00	7.835816e+00	2.712745e-02	2.712745e-02
6.000000e+00	7.000000e+00	7.252604e+00	2.619988e-02	2.619988e-02
7.000000e+00	8.000000e+00	6.524853e+00	2.503753e-02	2.503753e-02
8.000000e+00	9.000000e+00	5.867838e+00	2.377102e-02	2.377102e-02
9.000000e+00	1.000000e+01	5.218564e+00	2.257392e-02	2.257392e-02
1.000000e+01	1.100000e+01	4.683403e+00	2.149751e-02	2.149751e-02
1.100000e+01	1.200000e+01	4.301748e+00	2.057246e-02	2.057246e-02
1.200000e+01	1.300000e+01	3.915188e+00	1.972240e-02	1.972240e-02
1.300000e+01	1.400000e+01	3.582350e+00	1.895136e-02	1.895136e-02
1.400000e+01	1.600000e+01	3.208282e+00	1.279550e-02	1.279550e-02
1.600000e+01	1.800000e+01	2.746579e+00	1.192639e-02	1.192639e-02
1.800000e+01	2.000000e+01	2.418378e+00	1.125752e-02	1.125752e-02
2.000000e+01	2.200000e+01	2.126350e+00	1.069603e-02	1.069603e-02
2.200000e+01	2.500000e+01	1.849777e+00	8.275289e-03	8.275289e-03
2.500000e+01	2.800000e+01	1.538399e+00	7.806890e-03	7.806890e-03
2.800000e+01	3.200000e+01	1.258390e+00	6.413969e-03	6.413969e-03
3.200000e+01	3.700000e+01	9.795364e-01	5.349527e-03	5.349527e-03
3.700000e+01	4.300000e+01	7.262950e-01	4.386794e-03	4.386794e-03
4.300000e+01	5.200000e+01	4.908131e-01	3.036905e-03	3.036905e-03
5.200000e+01	6.500000e+01	2.800752e-01	1.958601e-03	1.958601e-03
6.500000e+01	8.500000e+01	1.464622e-01	1.169810e-03	1.169810e-03
8.500000e+01	1.200000e+02	6.850311e-02	6.062555e-04	6.062555e-04
1.200000e+02	1.600000e+02	2.600315e-02	3.483221e-04	3.483221e-04
1.600000e+02	1.900000e+02	1.143945e-02	2.711476e-04	2.711476e-04
1.900000e+02	2.200000e+02	6.501427e-03	1.916282e-04	1.916282e-04
2.200000e+02	2.500000e+02	5.602213e-03	1.572473e-04	1.572473e-04
2.500000e+02	3.000000e+02	3.408844e-03	8.955791e-05	8.955791e-05
3.000000e+02	4.000000e+02	4.268717e-04	3.112093e-05	3.112093e-05
4.000000e+02	1.500000e+03	1.393410e-06	1.513633e-06	1.513633e-06
# END HISTO1D


# BEGIN HISTO1D //eos/home-m/mdessena/CMSSW_eos/CMSSW_11_2_4/src/Final_Results_MCNNTUNES/results_FxFx_ext_ext/Inverse_FxFx.yoda/CMS_2019_I1753680/d29-x01-y04
ErrorBars=1
LineColor=blue
LineStyle=solid
Path=//eos/home-m/mdessena/CMSSW_eos/CMSSW_11_2_4/src/Final_Results_MCNNTUNES/results_FxFx_ext_ext/Inverse_FxFx.yoda/CMS_2019_I1753680/d29-x01-y04
ScaledBy=5.71460240122503053e-09
Title=Inverse_FxFx
# xlow	 xhigh	 val	 errminus	 errplus
0.000000e+00	1.000000e+00	1.607546e+00	1.266513e-02	1.266513e-02
1.000000e+00	2.000000e+00	4.518900e+00	2.121268e-02	2.121268e-02
2.000000e+00	3.000000e+00	6.641723e+00	2.582017e-02	2.582017e-02
3.000000e+00	4.000000e+00	7.743846e+00	2.795960e-02	2.795960e-02
4.000000e+00	5.000000e+00	8.070049e+00	2.862616e-02	2.862616e-02
5.000000e+00	6.000000e+00	7.782513e+00	2.821177e-02	2.821177e-02
6.000000e+00	7.000000e+00	7.143721e+00	2.716504e-02	2.716504e-02
7.000000e+00	8.000000e+00	6.491399e+00	2.601822e-02	2.601822e-02
8.000000e+00	9.000000e+00	5.793312e+00	2.472894e-02	2.472894e-02
9.000000e+00	1.000000e+01	5.223752e+00	2.358505e-02	2.358505e-02
1.000000e+01	1.100000e+01	4.729855e+00	2.249437e-02	2.249437e-02
1.100000e+01	1.200000e+01	4.294166e+00	2.150153e-02	2.150153e-02
1.200000e+01	1.300000e+01	3.938567e+00	2.066290e-02	2.066290e-02
1.300000e+01	1.400000e+01	3.632741e+00	1.988720e-02	1.988720e-02
1.400000e+01	1.600000e+01	3.198598e+00	1.331538e-02	1.331538e-02
1.600000e+01	1.800000e+01	2.789718e+00	1.249304e-02	1.249304e-02
1.800000e+01	2.000000e+01	2.416037e+00	1.173368e-02	1.173368e-02
2.000000e+01	2.200000e+01	2.124201e+00	1.114229e-02	1.114229e-02
2.200000e+01	2.500000e+01	1.839546e+00	8.629564e-03	8.629564e-03
2.500000e+01	2.800000e+01	1.534889e+00	8.157408e-03	8.157408e-03
2.800000e+01	3.200000e+01	1.269359e+00	6.693833e-03	6.693833e-03
3.200000e+01	3.700000e+01	9.890638e-01	5.585929e-03	5.585929e-03
3.700000e+01	4.300000e+01	7.247833e-01	4.578864e-03	4.578864e-03
4.300000e+01	5.200000e+01	4.979429e-01	3.167065e-03	3.167065e-03
5.200000e+01	6.500000e+01	2.792297e-01	2.043912e-03	2.043912e-03
6.500000e+01	8.500000e+01	1.487287e-01	1.224715e-03	1.224715e-03
8.500000e+01	1.200000e+02	7.053289e-02	6.349246e-04	6.349246e-04
1.200000e+02	1.600000e+02	2.638600e-02	3.653166e-04	3.653166e-04
1.600000e+02	1.900000e+02	1.144688e-02	2.822203e-04	2.822203e-04
1.900000e+02	2.200000e+02	6.335870e-03	1.970786e-04	1.970786e-04
2.200000e+02	2.500000e+02	5.600953e-03	1.652540e-04	1.652540e-04
2.500000e+02	3.000000e+02	3.485842e-03	9.470561e-05	9.470561e-05
3.000000e+02	4.000000e+02	4.534768e-04	3.322735e-05	3.322735e-05
4.000000e+02	1.500000e+03	5.618160e-06	1.563311e-06	1.563311e-06
# END HISTO1D


# BEGIN HISTO1D //eos/home-m/mdessena/CMSSW_eos/CMSSW_11_2_4/src/Final_Results_MCNNTUNES/results_FxFx_ext_ext/CP5_default_FxFx.yoda/CMS_2019_I1753680/d29-x01-y04
ErrorBars=1
LineColor=green
LineStyle=solid
Path=//eos/home-m/mdessena/CMSSW_eos/CMSSW_11_2_4/src/Final_Results_MCNNTUNES/results_FxFx_ext_ext/CP5_default_FxFx.yoda/CMS_2019_I1753680/d29-x01-y04
ScaledBy=5.71787843701412013e-09
Title=CP5_default_FxFx
# xlow	 xhigh	 val	 errminus	 errplus
0.000000e+00	1.000000e+00	2.227571e+00	1.481083e-02	1.481083e-02
1.000000e+00	2.000000e+00	5.955566e+00	2.432159e-02	2.432159e-02
2.000000e+00	3.000000e+00	8.102167e+00	2.842687e-02	2.842687e-02
3.000000e+00	4.000000e+00	8.602949e+00	2.943249e-02	2.943249e-02
4.000000e+00	5.000000e+00	8.162080e+00	2.884831e-02	2.884831e-02
5.000000e+00	6.000000e+00	7.364740e+00	2.757035e-02	2.757035e-02
6.000000e+00	7.000000e+00	6.529296e+00	2.613686e-02	2.613686e-02
7.000000e+00	8.000000e+00	5.851449e+00	2.484928e-02	2.484928e-02
8.000000e+00	9.000000e+00	5.286910e+00	2.368717e-02	2.368717e-02
9.000000e+00	1.000000e+01	4.856738e+00	2.278293e-02	2.278293e-02
1.000000e+01	1.100000e+01	4.443779e+00	2.184288e-02	2.184288e-02
1.100000e+01	1.200000e+01	4.042518e+00	2.099862e-02	2.099862e-02
1.200000e+01	1.300000e+01	3.730334e+00	2.013423e-02	2.013423e-02
1.300000e+01	1.400000e+01	3.476476e+00	1.953936e-02	1.953936e-02
1.400000e+01	1.600000e+01	3.123013e+00	1.315431e-02	1.315431e-02
1.600000e+01	1.800000e+01	2.721293e+00	1.234323e-02	1.234323e-02
1.800000e+01	2.000000e+01	2.380656e+00	1.166538e-02	1.166538e-02
2.000000e+01	2.200000e+01	2.091617e+00	1.108091e-02	1.108091e-02
2.200000e+01	2.500000e+01	1.805950e+00	8.546819e-03	8.546819e-03
2.500000e+01	2.800000e+01	1.525352e+00	8.088946e-03	8.088946e-03
2.800000e+01	3.200000e+01	1.254022e+00	6.677866e-03	6.677866e-03
3.200000e+01	3.700000e+01	9.871072e-01	5.601436e-03	5.601436e-03
3.700000e+01	4.300000e+01	7.213133e-01	4.567094e-03	4.567094e-03
4.300000e+01	5.200000e+01	4.945238e-01	3.174358e-03	3.174358e-03
5.200000e+01	6.500000e+01	2.799875e-01	2.044892e-03	2.044892e-03
6.500000e+01	8.500000e+01	1.477277e-01	1.225161e-03	1.225161e-03
8.500000e+01	1.200000e+02	6.977351e-02	6.354636e-04	6.354636e-04
1.200000e+02	1.600000e+02	2.634680e-02	3.656574e-04	3.656574e-04
1.600000e+02	1.900000e+02	1.094929e-02	2.795795e-04	2.795795e-04
1.900000e+02	2.200000e+02	6.838083e-03	2.009138e-04	2.009138e-04
2.200000e+02	2.500000e+02	5.445397e-03	1.635323e-04	1.635323e-04
2.500000e+02	3.000000e+02	3.484498e-03	9.452382e-05	9.452382e-05
3.000000e+02	4.000000e+02	4.236548e-04	3.261024e-05	3.261024e-05
4.000000e+02	1.500000e+03	5.013664e-06	1.643366e-06	1.643366e-06
# END HISTO1D

