# BEGIN PLOT
LegendOnly=/CMS_2019_I1753680/d29-x01-y01 //eos/home-m/mdessena/CMSSW_eos/CMSSW_11_2_4/src/Final_Results_MCNNTUNES/results_FxFx_ext_ext/PerBin_FxFx.yoda/CMS_2019_I1753680/d29-x01-y01 //eos/home-m/mdessena/CMSSW_eos/CMSSW_11_2_4/src/Final_Results_MCNNTUNES/results_FxFx_ext_ext/Inverse_FxFx.yoda/CMS_2019_I1753680/d29-x01-y01 //eos/home-m/mdessena/CMSSW_eos/CMSSW_11_2_4/src/Final_Results_MCNNTUNES/results_FxFx_ext_ext/CP5_default_FxFx.yoda/CMS_2019_I1753680/d29-x01-y01
DrawOnly=/CMS_2019_I1753680/d29-x01-y01 //eos/home-m/mdessena/CMSSW_eos/CMSSW_11_2_4/src/Final_Results_MCNNTUNES/results_FxFx_ext_ext/PerBin_FxFx.yoda/CMS_2019_I1753680/d29-x01-y01 //eos/home-m/mdessena/CMSSW_eos/CMSSW_11_2_4/src/Final_Results_MCNNTUNES/results_FxFx_ext_ext/Inverse_FxFx.yoda/CMS_2019_I1753680/d29-x01-y01 //eos/home-m/mdessena/CMSSW_eos/CMSSW_11_2_4/src/Final_Results_MCNNTUNES/results_FxFx_ext_ext/CP5_default_FxFx.yoda/CMS_2019_I1753680/d29-x01-y01
Title=CMS, 13 TeV, $Z \to \ell^+ \ell^-$, $0 < |y^{Z}| < 0.4$
RatioPlotReference=/CMS_2019_I1753680/d29-x01-y01
YLabel=$d\sigma/dp_{T}^{Z}$ [pb/GeV]
RatioPlot=1
LogX=1
LogY=0
RatioPlotYMax=1.25
XLabel=$p_{T}^{Z}$ [GeV]
RatioPlotSameStyle=0
XMin=0.1
RatioPlotErrorBandColor=grey!40!yellow!60
Legend=1
RatioPlotYMin=0.75
# END PLOT

# BEGIN HISTO1D /CMS_2019_I1753680/d29-x01-y01
ConnectBins=0
ErrorBars=1
IsRef=1
Path=/CMS_2019_I1753680/d29-x01-y01
PolyMarker=*
Title=Data
# xlow	 xhigh	 val	 errminus	 errplus
0.000000e+00	1.000000e+00	1.979500e+00	5.423000e-02	5.423000e-02
1.000000e+00	2.000000e+00	4.983900e+00	1.332100e-01	1.332100e-01
2.000000e+00	3.000000e+00	6.974500e+00	1.838500e-01	1.838500e-01
3.000000e+00	4.000000e+00	7.893100e+00	2.076600e-01	2.076600e-01
4.000000e+00	5.000000e+00	8.052000e+00	2.121600e-01	2.121600e-01
5.000000e+00	6.000000e+00	7.753600e+00	2.041700e-01	2.041700e-01
6.000000e+00	7.000000e+00	7.315900e+00	1.921000e-01	1.921000e-01
7.000000e+00	8.000000e+00	6.827900e+00	1.787400e-01	1.787400e-01
8.000000e+00	9.000000e+00	6.371400e+00	1.665600e-01	1.665600e-01
9.000000e+00	1.000000e+01	5.856500e+00	1.531400e-01	1.531400e-01
1.000000e+01	1.100000e+01	5.349300e+00	1.399100e-01	1.399100e-01
1.100000e+01	1.200000e+01	4.911200e+00	1.285900e-01	1.285900e-01
1.200000e+01	1.300000e+01	4.609500e+00	1.210000e-01	1.210000e-01
1.300000e+01	1.400000e+01	4.268000e+00	1.122500e-01	1.122500e-01
1.400000e+01	1.600000e+01	3.727700e+00	9.799400e-02	9.799400e-02
1.600000e+01	1.800000e+01	3.186100e+00	8.368200e-02	8.368200e-02
1.800000e+01	2.000000e+01	2.782200e+00	7.314300e-02	7.314300e-02
2.000000e+01	2.200000e+01	2.405900e+00	6.340400e-02	6.340400e-02
2.200000e+01	2.500000e+01	2.021900e+00	5.345900e-02	5.345900e-02
2.500000e+01	2.800000e+01	1.692700e+00	4.493400e-02	4.493400e-02
2.800000e+01	3.200000e+01	1.339100e+00	3.578100e-02	3.578100e-02
3.200000e+01	3.700000e+01	1.059200e+00	2.855400e-02	2.855400e-02
3.700000e+01	4.300000e+01	7.886400e-01	2.141500e-02	2.141500e-02
4.300000e+01	5.200000e+01	5.496900e-01	1.497100e-02	1.497100e-02
5.200000e+01	6.500000e+01	3.347900e-01	9.138400e-03	9.138400e-03
6.500000e+01	8.500000e+01	1.742000e-01	4.811900e-03	4.811900e-03
8.500000e+01	1.200000e+02	7.476400e-02	2.123100e-03	2.123100e-03
1.200000e+02	1.600000e+02	2.780400e-02	8.256900e-04	8.256900e-04
1.600000e+02	1.900000e+02	1.211400e-02	3.788200e-04	3.788200e-04
1.900000e+02	2.200000e+02	6.443700e-03	2.137300e-04	2.137300e-04
2.200000e+02	2.500000e+02	3.637300e-03	1.285900e-04	1.285900e-04
2.500000e+02	3.000000e+02	1.909500e-03	7.119400e-05	7.119400e-05
3.000000e+02	4.000000e+02	6.572900e-04	2.630900e-05	2.630900e-05
4.000000e+02	1.500000e+03	2.719100e-05	1.208000e-06	1.208000e-06
# END HISTO1D


# BEGIN HISTO1D //eos/home-m/mdessena/CMSSW_eos/CMSSW_11_2_4/src/Final_Results_MCNNTUNES/results_FxFx_ext_ext/PerBin_FxFx.yoda/CMS_2019_I1753680/d29-x01-y01
ErrorBars=1
LineColor=red
LineStyle=solid
Path=//eos/home-m/mdessena/CMSSW_eos/CMSSW_11_2_4/src/Final_Results_MCNNTUNES/results_FxFx_ext_ext/PerBin_FxFx.yoda/CMS_2019_I1753680/d29-x01-y01
ScaledBy=5.24412431792582238e-09
Title=PerBin_FxFx
# xlow	 xhigh	 val	 errminus	 errplus
0.000000e+00	1.000000e+00	1.803667e+00	1.277920e-02	1.277920e-02
1.000000e+00	2.000000e+00	5.058698e+00	2.137435e-02	2.137435e-02
2.000000e+00	3.000000e+00	7.470331e+00	2.596807e-02	2.596807e-02
3.000000e+00	4.000000e+00	8.784207e+00	2.819787e-02	2.819787e-02
4.000000e+00	5.000000e+00	9.142182e+00	2.889138e-02	2.889138e-02
5.000000e+00	6.000000e+00	8.822833e+00	2.852939e-02	2.852939e-02
6.000000e+00	7.000000e+00	8.220691e+00	2.761817e-02	2.761817e-02
7.000000e+00	8.000000e+00	7.370702e+00	2.630335e-02	2.630335e-02
8.000000e+00	9.000000e+00	6.633295e+00	2.502920e-02	2.502920e-02
9.000000e+00	1.000000e+01	5.940338e+00	2.380731e-02	2.380731e-02
1.000000e+01	1.100000e+01	5.401651e+00	2.277067e-02	2.277067e-02
1.100000e+01	1.200000e+01	4.912856e+00	2.182344e-02	2.182344e-02
1.200000e+01	1.300000e+01	4.495794e+00	2.092011e-02	2.092011e-02
1.300000e+01	1.400000e+01	4.123718e+00	2.008550e-02	2.008550e-02
1.400000e+01	1.600000e+01	3.679297e+00	1.351509e-02	1.351509e-02
1.600000e+01	1.800000e+01	3.186824e+00	1.268232e-02	1.268232e-02
1.800000e+01	2.000000e+01	2.804057e+00	1.200077e-02	1.200077e-02
2.000000e+01	2.200000e+01	2.445852e+00	1.131846e-02	1.131846e-02
2.200000e+01	2.500000e+01	2.133515e+00	8.793017e-03	8.793017e-03
2.500000e+01	2.800000e+01	1.818586e+00	8.326979e-03	8.326979e-03
2.800000e+01	3.200000e+01	1.507999e+00	6.861050e-03	6.861050e-03
3.200000e+01	3.700000e+01	1.197678e+00	5.731082e-03	5.731082e-03
3.700000e+01	4.300000e+01	8.956642e-01	4.747962e-03	4.747962e-03
4.300000e+01	5.200000e+01	6.030361e-01	3.325634e-03	3.325634e-03
5.200000e+01	6.500000e+01	3.709321e-01	2.210890e-03	2.210890e-03
6.500000e+01	8.500000e+01	2.071554e-01	1.317427e-03	1.317427e-03
8.500000e+01	1.200000e+02	8.398391e-02	6.587781e-04	6.587781e-04
1.200000e+02	1.600000e+02	2.999598e-02	3.610825e-04	3.610825e-04
1.600000e+02	1.900000e+02	1.461991e-02	2.717847e-04	2.717847e-04
1.900000e+02	2.200000e+02	7.352103e-03	2.020226e-04	2.020226e-04
2.200000e+02	2.500000e+02	1.823976e-03	1.542091e-04	1.542091e-04
2.500000e+02	3.000000e+02	1.552679e-03	8.178354e-05	8.178354e-05
3.000000e+02	4.000000e+02	1.133471e-03	3.541124e-05	3.541124e-05
4.000000e+02	1.500000e+03	2.152822e-05	2.708206e-06	2.708206e-06
# END HISTO1D


# BEGIN HISTO1D //eos/home-m/mdessena/CMSSW_eos/CMSSW_11_2_4/src/Final_Results_MCNNTUNES/results_FxFx_ext_ext/Inverse_FxFx.yoda/CMS_2019_I1753680/d29-x01-y01
ErrorBars=1
LineColor=blue
LineStyle=solid
Path=//eos/home-m/mdessena/CMSSW_eos/CMSSW_11_2_4/src/Final_Results_MCNNTUNES/results_FxFx_ext_ext/Inverse_FxFx.yoda/CMS_2019_I1753680/d29-x01-y01
ScaledBy=5.71460240122503053e-09
Title=Inverse_FxFx
# xlow	 xhigh	 val	 errminus	 errplus
0.000000e+00	1.000000e+00	1.856415e+00	1.344200e-02	1.344200e-02
1.000000e+00	2.000000e+00	5.113347e+00	2.236845e-02	2.236845e-02
2.000000e+00	3.000000e+00	7.494894e+00	2.715079e-02	2.715079e-02
3.000000e+00	4.000000e+00	8.832358e+00	2.950181e-02	2.950181e-02
4.000000e+00	5.000000e+00	9.149374e+00	3.015926e-02	3.015926e-02
5.000000e+00	6.000000e+00	8.806385e+00	2.972261e-02	2.972261e-02
6.000000e+00	7.000000e+00	8.085416e+00	2.862616e-02	2.862616e-02
7.000000e+00	8.000000e+00	7.338223e+00	2.736215e-02	2.736215e-02
8.000000e+00	9.000000e+00	6.593619e+00	2.606348e-02	2.606348e-02
9.000000e+00	1.000000e+01	5.951820e+00	2.485413e-02	2.485413e-02
1.000000e+01	1.100000e+01	5.366726e+00	2.376211e-02	2.376211e-02
1.100000e+01	1.200000e+01	4.890033e+00	2.273708e-02	2.273708e-02
1.200000e+01	1.300000e+01	4.520570e+00	2.190882e-02	2.190882e-02
1.300000e+01	1.400000e+01	4.110437e+00	2.103522e-02	2.103522e-02
1.400000e+01	1.600000e+01	3.698007e+00	1.413268e-02	1.413268e-02
1.600000e+01	1.800000e+01	3.185862e+00	1.323190e-02	1.323190e-02
1.800000e+01	2.000000e+01	2.819657e+00	1.253018e-02	1.253018e-02
2.000000e+01	2.200000e+01	2.463557e+00	1.190144e-02	1.190144e-02
2.200000e+01	2.500000e+01	2.128279e+00	9.173919e-03	9.173919e-03
2.500000e+01	2.800000e+01	1.799988e+00	8.685197e-03	8.685197e-03
2.800000e+01	3.200000e+01	1.515222e+00	7.159462e-03	7.159462e-03
3.200000e+01	3.700000e+01	1.202524e+00	6.002039e-03	6.002039e-03
3.700000e+01	4.300000e+01	8.902230e-01	4.953084e-03	4.953084e-03
4.300000e+01	5.200000e+01	6.060276e-01	3.470636e-03	3.470636e-03
5.200000e+01	6.500000e+01	3.747366e-01	2.309808e-03	2.309808e-03
6.500000e+01	8.500000e+01	2.064989e-01	1.378126e-03	1.378126e-03
8.500000e+01	1.200000e+02	8.288091e-02	6.857804e-04	6.857804e-04
1.200000e+02	1.600000e+02	2.961170e-02	3.773779e-04	3.773779e-04
1.600000e+02	1.900000e+02	1.482916e-02	2.833302e-04	2.833302e-04
1.900000e+02	2.200000e+02	7.488350e-03	2.102440e-04	2.102440e-04
2.200000e+02	2.500000e+02	1.954209e-03	1.609301e-04	1.609301e-04
2.500000e+02	3.000000e+02	1.556686e-03	8.562446e-05	8.562446e-05
3.000000e+02	4.000000e+02	1.141626e-03	3.711408e-05	3.711408e-05
4.000000e+02	1.500000e+03	1.920805e-05	2.811132e-06	2.811132e-06
# END HISTO1D


# BEGIN HISTO1D //eos/home-m/mdessena/CMSSW_eos/CMSSW_11_2_4/src/Final_Results_MCNNTUNES/results_FxFx_ext_ext/CP5_default_FxFx.yoda/CMS_2019_I1753680/d29-x01-y01
ErrorBars=1
LineColor=green
LineStyle=solid
Path=//eos/home-m/mdessena/CMSSW_eos/CMSSW_11_2_4/src/Final_Results_MCNNTUNES/results_FxFx_ext_ext/CP5_default_FxFx.yoda/CMS_2019_I1753680/d29-x01-y01
ScaledBy=5.71787843701412013e-09
Title=CP5_default_FxFx
# xlow	 xhigh	 val	 errminus	 errplus
0.000000e+00	1.000000e+00	2.462128e+00	1.551111e-02	1.551111e-02
1.000000e+00	2.000000e+00	6.717727e+00	2.555371e-02	2.555371e-02
2.000000e+00	3.000000e+00	9.037466e+00	2.974845e-02	2.974845e-02
3.000000e+00	4.000000e+00	9.727347e+00	3.093386e-02	3.093386e-02
4.000000e+00	5.000000e+00	9.198906e+00	3.030677e-02	3.030677e-02
5.000000e+00	6.000000e+00	8.272966e+00	2.892844e-02	2.892844e-02
6.000000e+00	7.000000e+00	7.430587e+00	2.756680e-02	2.756680e-02
7.000000e+00	8.000000e+00	6.713716e+00	2.632891e-02	2.632891e-02
8.000000e+00	9.000000e+00	6.071883e+00	2.513926e-02	2.513926e-02
9.000000e+00	1.000000e+01	5.530575e+00	2.411081e-02	2.411081e-02
1.000000e+01	1.100000e+01	5.057702e+00	2.305938e-02	2.305938e-02
1.100000e+01	1.200000e+01	4.654102e+00	2.217929e-02	2.217929e-02
1.200000e+01	1.300000e+01	4.314259e+00	2.144413e-02	2.144413e-02
1.300000e+01	1.400000e+01	3.980683e+00	2.072214e-02	2.072214e-02
1.400000e+01	1.600000e+01	3.597598e+00	1.394513e-02	1.394513e-02
1.600000e+01	1.800000e+01	3.125561e+00	1.311077e-02	1.311077e-02
1.800000e+01	2.000000e+01	2.761277e+00	1.245229e-02	1.245229e-02
2.000000e+01	2.200000e+01	2.446836e+00	1.181289e-02	1.181289e-02
2.200000e+01	2.500000e+01	2.127633e+00	9.131936e-03	9.131936e-03
2.500000e+01	2.800000e+01	1.785366e+00	8.640305e-03	8.640305e-03
2.800000e+01	3.200000e+01	1.505165e+00	7.147436e-03	7.147436e-03
3.200000e+01	3.700000e+01	1.197213e+00	5.992746e-03	5.992746e-03
3.700000e+01	4.300000e+01	8.848842e-01	4.949266e-03	4.949266e-03
4.300000e+01	5.200000e+01	6.116208e-01	3.478344e-03	3.478344e-03
5.200000e+01	6.500000e+01	3.730745e-01	2.307106e-03	2.307106e-03
6.500000e+01	8.500000e+01	2.048459e-01	1.378612e-03	1.378612e-03
8.500000e+01	1.200000e+02	8.321731e-02	6.872817e-04	6.872817e-04
1.200000e+02	1.600000e+02	2.985428e-02	3.778369e-04	3.778369e-04
1.600000e+02	1.900000e+02	1.491287e-02	2.857686e-04	2.857686e-04
1.900000e+02	2.200000e+02	7.456433e-03	2.097921e-04	2.097921e-04
2.200000e+02	2.500000e+02	1.857842e-03	1.603705e-04	1.603705e-04
2.500000e+02	3.000000e+02	1.430566e-03	8.599893e-05	8.599893e-05
3.000000e+02	4.000000e+02	1.102171e-03	3.643302e-05	3.643302e-05
4.000000e+02	1.500000e+03	2.051045e-05	2.819915e-06	2.819915e-06
# END HISTO1D

