# BEGIN PLOT
LegendOnly=/CMS_2019_I1753680/d28-x01-y03 //eos/home-m/mdessena/CMSSW_eos/CMSSW_11_2_4/src/PrimordialKTResults/Primordial_KT_CP5_DEFAULT/0000/CP5_default.yoda/CMS_2019_I1753680/d28-x01-y03
DrawOnly=/CMS_2019_I1753680/d28-x01-y03 //eos/home-m/mdessena/CMSSW_eos/CMSSW_11_2_4/src/PrimordialKTResults/Primordial_KT_CP5_DEFAULT/0000/CP5_default.yoda/CMS_2019_I1753680/d28-x01-y03
Title=CMS, 13 TeV, $Z \to \ell^+ \ell^-$
RatioPlotReference=/CMS_2019_I1753680/d28-x01-y03
RatioPlot=1
LogX=1
LogY=0
RatioPlotYMax=1.25
XLabel=$\phi^{*}_{\eta}$
YLabel=$d\sigma/d\phi^{*}_{\eta}$ [pb]
XMin=0.001
Legend=1
RatioPlotYMin=0.75
# END PLOT

# BEGIN HISTO1D /CMS_2019_I1753680/d28-x01-y03
ConnectBins=0
ErrorBars=1
IsRef=1
Path=/CMS_2019_I1753680/d28-x01-y03
PolyMarker=*
Title=Data
# xlow	 xhigh	 val	 errminus	 errplus
1.000000e-03	2.000000e-03	6.099800e+03	1.620600e+02	1.620600e+02
2.000000e-03	3.000000e-03	6.032700e+03	1.582700e+02	1.582700e+02
3.000000e-03	4.000000e-03	5.983300e+03	1.556200e+02	1.556200e+02
4.000000e-03	5.000000e-03	5.951000e+03	1.540300e+02	1.540300e+02
5.000000e-03	6.000000e-03	5.932400e+03	1.533200e+02	1.533200e+02
6.000000e-03	7.000000e-03	5.920300e+03	1.531900e+02	1.531900e+02
7.000000e-03	8.000000e-03	5.902200e+03	1.529100e+02	1.529100e+02
8.000000e-03	9.000000e-03	5.875700e+03	1.522100e+02	1.522100e+02
9.000000e-03	1.000000e-02	5.844800e+03	1.512800e+02	1.512800e+02
1.000000e-02	2.000000e-02	5.669600e+03	1.466500e+02	1.466500e+02
2.000000e-02	3.000000e-02	5.170000e+03	1.337200e+02	1.337200e+02
3.000000e-02	4.000000e-02	4.621800e+03	1.195900e+02	1.195900e+02
4.000000e-02	5.000000e-02	4.094900e+03	1.060300e+02	1.060300e+02
5.000000e-02	6.000000e-02	3.609700e+03	9.355100e+01	9.355100e+01
6.000000e-02	7.000000e-02	3.182900e+03	8.257200e+01	8.257200e+01
7.000000e-02	8.000000e-02	2.812500e+03	7.301200e+01	7.301200e+01
8.000000e-02	9.000000e-02	2.508400e+03	6.515200e+01	6.515200e+01
9.000000e-02	1.000000e-01	2.239600e+03	5.823400e+01	5.823400e+01
1.000000e-01	2.000000e-01	1.347000e+03	3.515700e+01	3.515700e+01
2.000000e-01	3.000000e-01	5.986100e+02	1.574000e+01	1.574000e+01
3.000000e-01	4.000000e-01	3.203700e+02	8.503800e+00	8.503800e+00
4.000000e-01	5.000000e-01	1.937500e+02	5.196400e+00	5.196400e+00
5.000000e-01	6.000000e-01	1.267300e+02	3.435600e+00	3.435600e+00
6.000000e-01	7.000000e-01	8.647200e+01	2.371000e+00	2.371000e+00
7.000000e-01	8.000000e-01	6.260300e+01	1.736200e+00	1.736200e+00
8.000000e-01	9.000000e-01	4.614200e+01	1.293800e+00	1.293800e+00
9.000000e-01	1.000000e+00	3.507600e+01	1.000000e+00	1.000000e+00
1.000000e+00	3.000000e+00	7.919300e+00	2.322100e-01	2.322100e-01
3.000000e+00	5.000000e+00	9.295700e-01	2.809200e-02	2.809200e-02
5.000000e+00	7.000000e+00	3.439900e-01	1.058100e-02	1.058100e-02
7.000000e+00	1.000000e+01	1.642400e-01	5.077300e-03	5.077300e-03
1.000000e+01	2.000000e+01	5.575600e-02	1.731200e-03	1.731200e-03
2.000000e+01	3.000000e+01	1.838100e-02	5.749900e-04	5.749900e-04
3.000000e+01	5.000000e+01	1.800700e-02	5.653300e-04	5.653300e-04
# END HISTO1D


# BEGIN HISTO1D //eos/home-m/mdessena/CMSSW_eos/CMSSW_11_2_4/src/PrimordialKTResults/Primordial_KT_CP5_DEFAULT/0000/CP5_default.yoda/CMS_2019_I1753680/d28-x01-y03
LineColor=red
LineStyle=solid
Path=//eos/home-m/mdessena/CMSSW_eos/CMSSW_11_2_4/src/PrimordialKTResults/Primordial_KT_CP5_DEFAULT/0000/CP5_default.yoda/CMS_2019_I1753680/d28-x01-y03
ScaledBy=2.18938705745894179e-03
Title=CP5_default
# xlow	 xhigh	 val	 errminus	 errplus
1.000000e-03	2.000000e-03	6.493722e+03	1.192362e+02	1.192362e+02
2.000000e-03	3.000000e-03	6.535320e+03	1.196175e+02	1.196175e+02
3.000000e-03	4.000000e-03	6.618517e+03	1.203765e+02	1.203765e+02
4.000000e-03	5.000000e-03	6.550646e+03	1.197577e+02	1.197577e+02
5.000000e-03	6.000000e-03	6.421472e+03	1.185710e+02	1.185710e+02
6.000000e-03	7.000000e-03	6.371116e+03	1.181052e+02	1.181052e+02
7.000000e-03	8.000000e-03	6.596623e+03	1.201772e+02	1.201772e+02
8.000000e-03	9.000000e-03	6.329518e+03	1.177190e+02	1.177190e+02
9.000000e-03	1.000000e-02	6.592244e+03	1.201373e+02	1.201373e+02
1.000000e-02	2.000000e-02	6.054969e+03	3.640971e+01	3.640971e+01
2.000000e-02	3.000000e-02	5.431869e+03	3.448545e+01	3.448545e+01
3.000000e-02	4.000000e-02	4.719662e+03	3.214525e+01	3.214525e+01
4.000000e-02	5.000000e-02	4.040076e+03	2.974103e+01	2.974103e+01
5.000000e-02	6.000000e-02	3.444782e+03	2.746263e+01	2.746263e+01
6.000000e-02	7.000000e-02	2.924802e+03	2.530519e+01	2.530519e+01
7.000000e-02	8.000000e-02	2.511227e+03	2.344792e+01	2.344792e+01
8.000000e-02	9.000000e-02	2.238648e+03	2.213881e+01	2.213881e+01
9.000000e-02	1.000000e-01	1.935637e+03	2.058606e+01	2.058606e+01
1.000000e-01	2.000000e-01	1.165148e+03	5.050703e+00	5.050703e+00
2.000000e-01	3.000000e-01	5.175711e+02	3.366249e+00	3.366249e+00
3.000000e-01	4.000000e-01	2.660324e+02	2.413396e+00	2.413396e+00
4.000000e-01	5.000000e-01	1.463167e+02	1.789816e+00	1.789816e+00
5.000000e-01	6.000000e-01	8.468549e+01	1.361651e+00	1.361651e+00
6.000000e-01	7.000000e-01	5.596073e+01	1.106886e+00	1.106886e+00
7.000000e-01	8.000000e-01	3.811723e+01	9.135282e-01	9.135282e-01
8.000000e-01	9.000000e-01	2.931589e+01	8.011482e-01	8.011482e-01
9.000000e-01	1.000000e+00	1.948554e+01	6.531569e-01	6.531569e-01
1.000000e+00	3.000000e+00	4.428036e+00	6.962286e-02	6.962286e-02
3.000000e+00	5.000000e+00	4.948014e-01	2.327350e-02	2.327350e-02
5.000000e+00	7.000000e+00	1.893820e-01	1.439845e-02	1.439845e-02
7.000000e+00	1.000000e+01	9.341383e-02	8.256696e-03	8.256696e-03
1.000000e+01	2.000000e+01	3.108930e-02	2.608956e-03	2.608956e-03
2.000000e+01	3.000000e+01	9.633303e-03	1.452275e-03	1.452275e-03
3.000000e+01	5.000000e+01	4.050366e-03	6.658761e-04	6.658761e-04
# END HISTO1D

