# BEGIN PLOT
LegendOnly=/CMS_2019_I1753680/d27-x01-y02 //eos/home-m/mdessena/CMSSW_eos/CMSSW_11_2_4/src/PrimordialKTResults/PrimordialkT_NoMPI_PartonLevelMPIoff4/withMPI.yoda/CMS_2019_I1753680/d27-x01-y02 //eos/home-m/mdessena/CMSSW_eos/CMSSW_11_2_4/src/PrimordialKTResults/PrimordialkT_NoMPI_PartonLevelMPIoff4/withoutMPI.yoda/CMS_2019_I1753680/d27-x01-y02
DrawOnly=/CMS_2019_I1753680/d27-x01-y02 //eos/home-m/mdessena/CMSSW_eos/CMSSW_11_2_4/src/PrimordialKTResults/PrimordialkT_NoMPI_PartonLevelMPIoff4/withMPI.yoda/CMS_2019_I1753680/d27-x01-y02 //eos/home-m/mdessena/CMSSW_eos/CMSSW_11_2_4/src/PrimordialKTResults/PrimordialkT_NoMPI_PartonLevelMPIoff4/withoutMPI.yoda/CMS_2019_I1753680/d27-x01-y02
Title=CMS, 13 TeV, $Z \to e^+ e^-$
RatioPlotReference=/CMS_2019_I1753680/d27-x01-y02
YLabel=$d\sigma/dp_{T}^{Z}$ [pb/GeV]
RatioPlot=1
LogX=1
LogY=0
RatioPlotYMax=1.25
XLabel=$p_{T}^{Z}$ [GeV]
RatioPlotSameStyle=0
XMin=0.1
RatioPlotErrorBandColor=grey!40!yellow!60
Legend=1
RatioPlotYMin=0.75
# END PLOT

# BEGIN HISTO1D /CMS_2019_I1753680/d27-x01-y02
ConnectBins=0
ErrorBars=1
IsRef=1
Path=/CMS_2019_I1753680/d27-x01-y02
PolyMarker=*
Title=Data
# xlow	 xhigh	 val	 errminus	 errplus
0.000000e+00	1.000000e+00	9.004200e+00	2.959600e-01	2.959600e-01
1.000000e+00	2.000000e+00	2.348200e+01	7.559700e-01	7.559700e-01
2.000000e+00	3.000000e+00	3.284800e+01	1.043700e+00	1.043700e+00
3.000000e+00	4.000000e+00	3.702500e+01	1.168100e+00	1.168100e+00
4.000000e+00	5.000000e+00	3.757800e+01	1.178500e+00	1.178500e+00
5.000000e+00	6.000000e+00	3.620100e+01	1.130200e+00	1.130200e+00
6.000000e+00	7.000000e+00	3.427500e+01	1.067300e+00	1.067300e+00
7.000000e+00	8.000000e+00	3.220000e+01	1.000300e+00	1.000300e+00
8.000000e+00	9.000000e+00	2.983400e+01	9.249100e-01	9.249100e-01
9.000000e+00	1.000000e+01	2.736900e+01	8.475100e-01	8.475100e-01
1.000000e+01	1.100000e+01	2.497300e+01	7.726500e-01	7.726500e-01
1.100000e+01	1.200000e+01	2.334000e+01	7.217100e-01	7.217100e-01
1.200000e+01	1.300000e+01	2.167800e+01	6.698100e-01	6.698100e-01
1.300000e+01	1.400000e+01	1.970700e+01	6.076400e-01	6.076400e-01
1.400000e+01	1.600000e+01	1.756100e+01	5.401800e-01	5.401800e-01
1.600000e+01	1.800000e+01	1.522100e+01	4.677100e-01	4.677100e-01
1.800000e+01	2.000000e+01	1.311900e+01	4.030800e-01	4.030800e-01
2.000000e+01	2.200000e+01	1.135400e+01	3.492600e-01	3.492600e-01
2.200000e+01	2.500000e+01	9.736000e+00	3.003700e-01	3.003700e-01
2.500000e+01	2.800000e+01	7.967900e+00	2.467000e-01	2.467000e-01
2.800000e+01	3.200000e+01	6.485600e+00	2.017000e-01	2.017000e-01
3.200000e+01	3.700000e+01	5.067100e+00	1.582100e-01	1.582100e-01
3.700000e+01	4.300000e+01	3.717200e+00	1.163500e-01	1.163500e-01
4.300000e+01	5.200000e+01	2.604300e+00	8.202800e-02	8.202800e-02
5.200000e+01	6.500000e+01	1.552400e+00	4.934600e-02	4.934600e-02
6.500000e+01	8.500000e+01	8.006900e-01	2.571200e-02	2.571200e-02
8.500000e+01	1.200000e+02	3.465500e-01	1.139800e-02	1.139800e-02
1.200000e+02	1.600000e+02	1.289300e-01	4.463100e-03	4.463100e-03
1.600000e+02	1.900000e+02	5.587200e-02	2.060600e-03	2.060600e-03
1.900000e+02	2.200000e+02	3.032100e-02	1.169600e-03	1.169600e-03
2.200000e+02	2.500000e+02	1.730800e-02	6.857500e-04	6.857500e-04
2.500000e+02	3.000000e+02	8.817400e-03	3.589800e-04	3.589800e-04
3.000000e+02	4.000000e+02	2.931200e-03	1.305100e-04	1.305100e-04
4.000000e+02	5.000000e+02	8.039300e-04	4.285600e-05	4.285600e-05
5.000000e+02	8.000000e+02	1.338700e-04	9.139000e-06	9.139000e-06
8.000000e+02	1.500000e+03	5.860300e-06	5.333100e-07	5.333100e-07
# END HISTO1D


# BEGIN HISTO1D //eos/home-m/mdessena/CMSSW_eos/CMSSW_11_2_4/src/PrimordialKTResults/PrimordialkT_NoMPI_PartonLevelMPIoff4/withMPI.yoda/CMS_2019_I1753680/d27-x01-y02
ErrorBars=1
LineColor=red
LineStyle=solid
Path=//eos/home-m/mdessena/CMSSW_eos/CMSSW_11_2_4/src/PrimordialKTResults/PrimordialkT_NoMPI_PartonLevelMPIoff4/withMPI.yoda/CMS_2019_I1753680/d27-x01-y02
ScaledBy=4.37877411491788358e-03
Title=withMPI
# xlow	 xhigh	 val	 errminus	 errplus
0.000000e+00	1.000000e+00	8.004399e+00	1.872150e-01	1.872150e-01
1.000000e+00	2.000000e+00	2.208216e+01	3.109546e-01	3.109546e-01
2.000000e+00	3.000000e+00	3.259122e+01	3.777692e-01	3.777692e-01
3.000000e+00	4.000000e+00	3.761805e+01	4.058582e-01	4.058582e-01
4.000000e+00	5.000000e+00	3.859452e+01	4.110921e-01	4.110921e-01
5.000000e+00	6.000000e+00	3.778006e+01	4.067314e-01	4.067314e-01
6.000000e+00	7.000000e+00	3.513528e+01	3.922365e-01	3.922365e-01
7.000000e+00	8.000000e+00	3.194754e+01	3.740201e-01	3.740201e-01
8.000000e+00	9.000000e+00	2.830002e+01	3.520219e-01	3.520219e-01
9.000000e+00	1.000000e+01	2.583039e+01	3.363115e-01	3.363115e-01
1.000000e+01	1.100000e+01	2.331259e+01	3.195005e-01	3.195005e-01
1.100000e+01	1.200000e+01	2.110569e+01	3.040017e-01	3.040017e-01
1.200000e+01	1.300000e+01	1.927098e+01	2.904880e-01	2.904880e-01
1.300000e+01	1.400000e+01	1.757202e+01	2.773877e-01	2.773877e-01
1.400000e+01	1.600000e+01	1.582270e+01	1.861237e-01	1.861237e-01
1.600000e+01	1.800000e+01	1.351947e+01	1.720446e-01	1.720446e-01
1.800000e+01	2.000000e+01	1.147895e+01	1.585304e-01	1.585304e-01
2.000000e+01	2.200000e+01	1.022663e+01	1.496330e-01	1.496330e-01
2.200000e+01	2.500000e+01	8.345943e+00	1.103706e-01	1.103706e-01
2.500000e+01	2.800000e+01	6.874677e+00	1.001709e-01	1.001709e-01
2.800000e+01	3.200000e+01	5.607020e+00	7.834519e-02	7.834519e-02
3.200000e+01	3.700000e+01	4.241280e+00	6.094524e-02	6.094524e-02
3.700000e+01	4.300000e+01	2.934508e+00	4.627733e-02	4.627733e-02
4.300000e+01	5.200000e+01	1.907199e+00	3.046163e-02	3.046163e-02
5.200000e+01	6.500000e+01	1.017223e+00	1.851027e-02	1.851027e-02
6.500000e+01	8.500000e+01	4.926121e-01	1.038517e-02	1.038517e-02
8.500000e+01	1.200000e+02	1.966695e-01	4.960332e-03	4.960332e-03
1.200000e+02	1.600000e+02	6.808992e-02	2.730158e-03	2.730158e-03
1.600000e+02	1.900000e+02	2.714840e-02	1.990617e-03	1.990617e-03
1.900000e+02	2.200000e+02	1.532571e-02	1.495636e-03	1.495636e-03
2.200000e+02	2.500000e+02	1.036310e-02	1.229874e-03	1.229874e-03
2.500000e+02	3.000000e+02	4.816652e-03	6.494770e-04	6.494770e-04
3.000000e+02	4.000000e+02	1.707722e-03	2.734543e-04	2.734543e-04
4.000000e+02	5.000000e+02	4.378774e-04	1.384690e-04	1.384690e-04
5.000000e+02	8.000000e+02	1.459591e-05	1.459591e-05	1.459591e-05
8.000000e+02	1.500000e+03	6.255391e-06	6.255391e-06	6.255391e-06
# END HISTO1D


# BEGIN HISTO1D //eos/home-m/mdessena/CMSSW_eos/CMSSW_11_2_4/src/PrimordialKTResults/PrimordialkT_NoMPI_PartonLevelMPIoff4/withoutMPI.yoda/CMS_2019_I1753680/d27-x01-y02
ErrorBars=1
LineColor=blue
LineStyle=solid
Path=//eos/home-m/mdessena/CMSSW_eos/CMSSW_11_2_4/src/PrimordialKTResults/PrimordialkT_NoMPI_PartonLevelMPIoff4/withoutMPI.yoda/CMS_2019_I1753680/d27-x01-y02
ScaledBy=4.37877411491788358e-03
Title=withoutMPI
# xlow	 xhigh	 val	 errminus	 errplus
0.000000e+00	1.000000e+00	9.939817e+00	2.086246e-01	2.086246e-01
1.000000e+00	2.000000e+00	2.563334e+01	3.350263e-01	3.350263e-01
2.000000e+00	3.000000e+00	3.626939e+01	3.985165e-01	3.985165e-01
3.000000e+00	4.000000e+00	3.988187e+01	4.178920e-01	4.178920e-01
4.000000e+00	5.000000e+00	3.977678e+01	4.173411e-01	4.173411e-01
5.000000e+00	6.000000e+00	3.682111e+01	4.015362e-01	4.015362e-01
6.000000e+00	7.000000e+00	3.253867e+01	3.774646e-01	3.774646e-01
7.000000e+00	8.000000e+00	2.968371e+01	3.605250e-01	3.605250e-01
8.000000e+00	9.000000e+00	2.720094e+01	3.451185e-01	3.451185e-01
9.000000e+00	1.000000e+01	2.483641e+01	3.297772e-01	3.297772e-01
1.000000e+01	1.100000e+01	2.255507e+01	3.142667e-01	3.142667e-01
1.100000e+01	1.200000e+01	2.088675e+01	3.024208e-01	3.024208e-01
1.200000e+01	1.300000e+01	1.891193e+01	2.877691e-01	2.877691e-01
1.300000e+01	1.400000e+01	1.707284e+01	2.734193e-01	2.734193e-01
1.400000e+01	1.600000e+01	1.551619e+01	1.843120e-01	1.843120e-01
1.600000e+01	1.800000e+01	1.319543e+01	1.699704e-01	1.699704e-01
1.800000e+01	2.000000e+01	1.141108e+01	1.580610e-01	1.580610e-01
2.000000e+01	2.200000e+01	9.830350e+00	1.467053e-01	1.467053e-01
2.200000e+01	2.500000e+01	8.253990e+00	1.097609e-01	1.097609e-01
2.500000e+01	2.800000e+01	6.925760e+00	1.005424e-01	1.005424e-01
2.800000e+01	3.200000e+01	5.545718e+00	7.791573e-02	7.791573e-02
3.200000e+01	3.700000e+01	4.193114e+00	6.059818e-02	6.059818e-02
3.700000e+01	4.300000e+01	3.029382e+00	4.701946e-02	4.701946e-02
4.300000e+01	5.200000e+01	1.889684e+00	3.032143e-02	3.032143e-02
5.200000e+01	6.500000e+01	1.011497e+00	1.845809e-02	1.845809e-02
6.500000e+01	8.500000e+01	4.952394e-01	1.041283e-02	1.041283e-02
8.500000e+01	1.200000e+02	1.909145e-01	4.887219e-03	4.887219e-03
1.200000e+02	1.600000e+02	6.524373e-02	2.672487e-03	2.672487e-03
1.600000e+02	1.900000e+02	2.875395e-02	2.048634e-03	2.048634e-03
1.900000e+02	2.200000e+02	1.561763e-02	1.509813e-03	1.509813e-03
2.200000e+02	2.500000e+02	9.633303e-03	1.185778e-03	1.185778e-03
2.500000e+02	3.000000e+02	5.079378e-03	6.669549e-04	6.669549e-04
3.000000e+02	4.000000e+02	1.751510e-03	2.769380e-04	2.769380e-04
4.000000e+02	5.000000e+02	4.378774e-04	1.384690e-04	1.384690e-04
5.000000e+02	8.000000e+02	2.919183e-05	2.064174e-05	2.064174e-05
8.000000e+02	1.500000e+03	6.255391e-06	6.255391e-06	6.255391e-06
# END HISTO1D

