# BEGIN PLOT
LegendOnly=/CMS_2019_I1753680/d30-x01-y01 //eos/home-m/mdessena/CMSSW_eos/CMSSW_11_2_4/src/PrimordialKTResults/PrimordialkT_NoMPI_PartonLevelMPIoff4/withMPI.yoda/CMS_2019_I1753680/d30-x01-y01 //eos/home-m/mdessena/CMSSW_eos/CMSSW_11_2_4/src/PrimordialKTResults/PrimordialkT_NoMPI_PartonLevelMPIoff4/withoutMPI.yoda/CMS_2019_I1753680/d30-x01-y01
DrawOnly=/CMS_2019_I1753680/d30-x01-y01 //eos/home-m/mdessena/CMSSW_eos/CMSSW_11_2_4/src/PrimordialKTResults/PrimordialkT_NoMPI_PartonLevelMPIoff4/withMPI.yoda/CMS_2019_I1753680/d30-x01-y01 //eos/home-m/mdessena/CMSSW_eos/CMSSW_11_2_4/src/PrimordialKTResults/PrimordialkT_NoMPI_PartonLevelMPIoff4/withoutMPI.yoda/CMS_2019_I1753680/d30-x01-y01
Title=CMS, 13 TeV, $Z \to \ell^+ \ell^-$
RatioPlotReference=/CMS_2019_I1753680/d30-x01-y01
YLabel=$1/\sigma d\sigma/dp_{T}^{Z}$ [1/GeV]
RatioPlot=1
LogX=1
LogY=0
RatioPlotYMax=1.25
XLabel=$p_{T}^{Z}$ [GeV]
RatioPlotSameStyle=0
XMin=0.1
RatioPlotErrorBandColor=grey!40!yellow!60
Legend=1
RatioPlotYMin=0.75
# END PLOT

# BEGIN HISTO1D /CMS_2019_I1753680/d30-x01-y01
ConnectBins=0
ErrorBars=1
IsRef=1
Path=/CMS_2019_I1753680/d30-x01-y01
PolyMarker=*
Title=Data
# xlow	 xhigh	 val	 errminus	 errplus
0.000000e+00	1.000000e+00	1.949600e-02	4.139500e-04	4.139500e-04
1.000000e+00	2.000000e+00	4.786000e-02	9.168700e-04	9.168700e-04
2.000000e+00	3.000000e+00	6.734200e-02	1.140100e-03	1.140100e-03
3.000000e+00	4.000000e+00	7.608700e-02	1.227500e-03	1.227500e-03
4.000000e+00	5.000000e+00	7.746600e-02	1.259700e-03	1.259700e-03
5.000000e+00	6.000000e+00	7.473000e-02	1.212800e-03	1.212800e-03
6.000000e+00	7.000000e+00	7.046100e-02	1.135200e-03	1.135200e-03
7.000000e+00	8.000000e+00	6.579200e-02	1.054900e-03	1.054900e-03
8.000000e+00	9.000000e+00	6.109900e-02	9.692300e-04	9.692300e-04
9.000000e+00	1.000000e+01	5.657100e-02	8.791700e-04	8.791700e-04
1.000000e+01	1.100000e+01	5.202100e-02	7.996200e-04	7.996200e-04
1.100000e+01	1.200000e+01	4.779200e-02	7.375600e-04	7.375600e-04
1.200000e+01	1.300000e+01	4.440800e-02	6.904300e-04	6.904300e-04
1.300000e+01	1.400000e+01	4.116700e-02	6.326500e-04	6.326500e-04
1.400000e+01	1.600000e+01	3.624200e-02	5.348800e-04	5.348800e-04
1.600000e+01	1.800000e+01	3.119100e-02	4.419500e-04	4.419500e-04
1.800000e+01	2.000000e+01	2.708500e-02	3.725600e-04	3.725600e-04
2.000000e+01	2.200000e+01	2.353700e-02	3.141600e-04	3.141600e-04
2.200000e+01	2.500000e+01	1.997400e-02	2.572500e-04	2.572500e-04
2.500000e+01	2.800000e+01	1.653700e-02	2.039300e-04	2.039300e-04
2.800000e+01	3.200000e+01	1.334400e-02	1.576100e-04	1.576100e-04
3.200000e+01	3.700000e+01	1.044600e-02	1.145900e-04	1.145900e-04
3.700000e+01	4.300000e+01	7.792500e-03	7.702300e-05	7.702300e-05
4.300000e+01	5.200000e+01	5.426600e-03	5.167800e-05	5.167800e-05
5.200000e+01	6.500000e+01	3.233000e-03	3.227600e-05	3.227600e-05
6.500000e+01	8.500000e+01	1.668000e-03	1.772400e-05	1.772400e-05
8.500000e+01	1.200000e+02	7.193400e-04	8.354300e-06	8.354300e-06
1.200000e+02	1.600000e+02	2.697300e-04	3.574600e-06	3.574600e-06
1.600000e+02	1.900000e+02	1.173500e-04	1.759000e-06	1.759000e-06
1.900000e+02	2.200000e+02	6.406000e-05	1.064100e-06	1.064100e-06
2.200000e+02	2.500000e+02	3.626000e-05	6.643500e-07	6.643500e-07
2.500000e+02	3.000000e+02	1.846000e-05	3.704100e-07	3.704100e-07
3.000000e+02	4.000000e+02	6.239000e-06	1.547700e-07	1.547700e-07
4.000000e+02	5.000000e+02	1.691100e-06	6.215100e-08	6.215100e-08
5.000000e+02	8.000000e+02	2.663800e-07	1.587800e-08	1.587800e-08
8.000000e+02	1.500000e+03	1.107800e-08	1.043500e-09	1.043500e-09
# END HISTO1D


# BEGIN HISTO1D //eos/home-m/mdessena/CMSSW_eos/CMSSW_11_2_4/src/PrimordialKTResults/PrimordialkT_NoMPI_PartonLevelMPIoff4/withMPI.yoda/CMS_2019_I1753680/d30-x01-y01
ErrorBars=1
LineColor=red
LineStyle=solid
Path=//eos/home-m/mdessena/CMSSW_eos/CMSSW_11_2_4/src/PrimordialKTResults/PrimordialkT_NoMPI_PartonLevelMPIoff4/withMPI.yoda/CMS_2019_I1753680/d30-x01-y01
ScaledBy=4.73399493764736999e-06
Title=withMPI
# xlow	 xhigh	 val	 errminus	 errplus
0.000000e+00	1.000000e+00	1.714653e-02	2.849063e-04	2.849063e-04
1.000000e+00	2.000000e+00	4.820154e-02	4.776880e-04	4.776880e-04
2.000000e+00	3.000000e+00	7.038030e-02	5.772175e-04	5.772175e-04
3.000000e+00	4.000000e+00	8.138211e-02	6.206952e-04	6.206952e-04
4.000000e+00	5.000000e+00	8.475271e-02	6.334184e-04	6.334184e-04
5.000000e+00	6.000000e+00	8.212061e-02	6.235051e-04	6.235051e-04
6.000000e+00	7.000000e+00	7.569658e-02	5.986211e-04	5.986211e-04
7.000000e+00	8.000000e+00	6.844410e-02	5.692223e-04	5.692223e-04
8.000000e+00	9.000000e+00	6.157507e-02	5.399038e-04	5.399038e-04
9.000000e+00	1.000000e+01	5.513684e-02	5.108987e-04	5.108987e-04
1.000000e+01	1.100000e+01	5.045018e-02	4.887033e-04	4.887033e-04
1.100000e+01	1.200000e+01	4.579193e-02	4.655951e-04	4.655951e-04
1.200000e+01	1.300000e+01	4.204734e-02	4.461523e-04	4.461523e-04
1.300000e+01	1.400000e+01	3.825068e-02	4.255332e-04	4.255332e-04
1.400000e+01	1.600000e+01	3.385516e-02	2.830814e-04	2.830814e-04
1.600000e+01	1.800000e+01	2.924426e-02	2.630990e-04	2.630990e-04
1.800000e+01	2.000000e+01	2.480140e-02	2.422908e-04	2.422908e-04
2.000000e+01	2.200000e+01	2.195154e-02	2.279457e-04	2.279457e-04
2.200000e+01	2.500000e+01	1.802074e-02	1.686318e-04	1.686318e-04
2.500000e+01	2.800000e+01	1.500519e-02	1.538771e-04	1.538771e-04
2.800000e+01	3.200000e+01	1.209417e-02	1.196388e-04	1.196388e-04
3.200000e+01	3.700000e+01	9.161228e-03	9.313345e-05	9.313345e-05
3.700000e+01	4.300000e+01	6.361700e-03	7.084755e-05	7.084755e-05
4.300000e+01	5.200000e+01	4.154343e-03	4.674594e-05	4.674594e-05
5.200000e+01	6.500000e+01	2.227162e-03	2.847857e-05	2.847857e-05
6.500000e+01	8.500000e+01	1.048817e-03	1.575610e-05	1.575610e-05
8.500000e+01	1.200000e+02	4.220017e-04	7.555045e-06	7.555045e-06
1.200000e+02	1.600000e+02	1.482924e-04	4.189318e-06	4.189318e-06
1.600000e+02	1.900000e+02	6.233093e-05	3.136210e-06	3.136210e-06
1.900000e+02	2.200000e+02	2.950857e-05	2.157880e-06	2.157880e-06
2.200000e+02	2.500000e+02	2.193418e-05	1.860432e-06	1.860432e-06
2.500000e+02	3.000000e+02	9.562670e-06	9.515213e-07	9.515213e-07
3.000000e+02	4.000000e+02	3.266457e-06	3.932352e-07	3.932352e-07
4.000000e+02	5.000000e+02	8.047791e-07	1.951876e-07	1.951876e-07
5.000000e+02	8.000000e+02	6.311993e-08	3.155997e-08	3.155997e-08
8.000000e+02	1.500000e+03	6.762850e-09	6.762850e-09	6.762850e-09
# END HISTO1D


# BEGIN HISTO1D //eos/home-m/mdessena/CMSSW_eos/CMSSW_11_2_4/src/PrimordialKTResults/PrimordialkT_NoMPI_PartonLevelMPIoff4/withoutMPI.yoda/CMS_2019_I1753680/d30-x01-y01
ErrorBars=1
LineColor=blue
LineStyle=solid
Path=//eos/home-m/mdessena/CMSSW_eos/CMSSW_11_2_4/src/PrimordialKTResults/PrimordialkT_NoMPI_PartonLevelMPIoff4/withoutMPI.yoda/CMS_2019_I1753680/d30-x01-y01
ScaledBy=4.72709771715494107e-06
Title=withoutMPI
# xlow	 xhigh	 val	 errminus	 errplus
0.000000e+00	1.000000e+00	2.085596e-02	3.139875e-04	3.139875e-04
1.000000e+00	2.000000e+00	5.525505e-02	5.110734e-04	5.110734e-04
2.000000e+00	3.000000e+00	7.829019e-02	6.083464e-04	6.083464e-04
3.000000e+00	4.000000e+00	8.569755e-02	6.364752e-04	6.364752e-04
4.000000e+00	5.000000e+00	8.600482e-02	6.376152e-04	6.376152e-04
5.000000e+00	6.000000e+00	7.824765e-02	6.081811e-04	6.081811e-04
6.000000e+00	7.000000e+00	7.030612e-02	5.764928e-04	5.764928e-04
7.000000e+00	8.000000e+00	6.458634e-02	5.525449e-04	5.525449e-04
8.000000e+00	9.000000e+00	5.850256e-02	5.258776e-04	5.258776e-04
9.000000e+00	1.000000e+01	5.334057e-02	5.021415e-04	5.021415e-04
1.000000e+01	1.100000e+01	4.902473e-02	4.813987e-04	4.813987e-04
1.100000e+01	1.200000e+01	4.527614e-02	4.626280e-04	4.626280e-04
1.200000e+01	1.300000e+01	4.100757e-02	4.402804e-04	4.402804e-04
1.300000e+01	1.400000e+01	3.709826e-02	4.187686e-04	4.187686e-04
1.400000e+01	1.600000e+01	3.321731e-02	2.801977e-04	2.801977e-04
1.600000e+01	1.800000e+01	2.855403e-02	2.597862e-04	2.597862e-04
1.800000e+01	2.000000e+01	2.447219e-02	2.405020e-04	2.405020e-04
2.000000e+01	2.200000e+01	2.140430e-02	2.249224e-04	2.249224e-04
2.200000e+01	2.500000e+01	1.820248e-02	1.693565e-04	1.693565e-04
2.500000e+01	2.800000e+01	1.504320e-02	1.539596e-04	1.539596e-04
2.800000e+01	3.200000e+01	1.200683e-02	1.191191e-04	1.191191e-04
3.200000e+01	3.700000e+01	9.066574e-03	9.258356e-05	9.258356e-05
3.700000e+01	4.300000e+01	6.445398e-03	7.126011e-05	7.126011e-05
4.300000e+01	5.200000e+01	4.135160e-03	4.660390e-05	4.660390e-05
5.200000e+01	6.500000e+01	2.207918e-03	2.833460e-05	2.833460e-05
6.500000e+01	8.500000e+01	1.066197e-03	1.587453e-05	1.587453e-05
8.500000e+01	1.200000e+02	4.124731e-04	7.463818e-06	7.463818e-06
1.200000e+02	1.600000e+02	1.446492e-04	4.134522e-06	4.134522e-06
1.600000e+02	1.900000e+02	6.113713e-05	3.103768e-06	3.103768e-06
1.900000e+02	2.200000e+02	3.167155e-05	2.233939e-06	2.233939e-06
2.200000e+02	2.500000e+02	2.032652e-05	1.789650e-06	1.789650e-06
2.500000e+02	3.000000e+02	1.049416e-05	9.960612e-07	9.960612e-07
3.000000e+02	4.000000e+02	3.308968e-06	3.954974e-07	3.954974e-07
4.000000e+02	5.000000e+02	7.563356e-07	1.890839e-07	1.890839e-07
5.000000e+02	8.000000e+02	7.878497e-08	3.523371e-08	3.523371e-08
8.000000e+02	1.500000e+03	6.752997e-09	6.752996e-09	6.752996e-09
# END HISTO1D

