# BEGIN PLOT
LegendOnly=/CMS_2019_I1753680/d33-x01-y05 //eos/home-m/mdessena/CMSSW_eos/CMSSW_11_2_4/src/PrimordialKTResults/PrimordialkT_NoMPI_PartonLevelMPIoff4/withMPI.yoda/CMS_2019_I1753680/d33-x01-y05 //eos/home-m/mdessena/CMSSW_eos/CMSSW_11_2_4/src/PrimordialKTResults/PrimordialkT_NoMPI_PartonLevelMPIoff4/withoutMPI.yoda/CMS_2019_I1753680/d33-x01-y05
DrawOnly=/CMS_2019_I1753680/d33-x01-y05 //eos/home-m/mdessena/CMSSW_eos/CMSSW_11_2_4/src/PrimordialKTResults/PrimordialkT_NoMPI_PartonLevelMPIoff4/withMPI.yoda/CMS_2019_I1753680/d33-x01-y05 //eos/home-m/mdessena/CMSSW_eos/CMSSW_11_2_4/src/PrimordialKTResults/PrimordialkT_NoMPI_PartonLevelMPIoff4/withoutMPI.yoda/CMS_2019_I1753680/d33-x01-y05
Title=CMS, 13 TeV, $Z \to \ell^+ \ell^-$, $1.6 < |y^{Z}| < 2.4$
RatioPlotReference=/CMS_2019_I1753680/d33-x01-y05
YLabel=$1/\sigma d\sigma/dp_{T}^{Z}$ [1/GeV]
RatioPlot=1
LogX=1
LogY=0
RatioPlotYMax=1.25
XLabel=$p_{T}^{Z}$ [GeV]
RatioPlotSameStyle=0
XMin=0.1
RatioPlotErrorBandColor=grey!40!yellow!60
Legend=1
RatioPlotYMin=0.75
# END PLOT

# BEGIN HISTO1D /CMS_2019_I1753680/d33-x01-y05
ConnectBins=0
ErrorBars=1
IsRef=1
Path=/CMS_2019_I1753680/d33-x01-y05
PolyMarker=*
Title=Data
# xlow	 xhigh	 val	 errminus	 errplus
0.000000e+00	1.000000e+00	1.997100e-02	8.394300e-04	8.394300e-04
1.000000e+00	2.000000e+00	4.594700e-02	1.791000e-03	1.791000e-03
2.000000e+00	3.000000e+00	6.559800e-02	2.395800e-03	2.395800e-03
3.000000e+00	4.000000e+00	7.522400e-02	2.604100e-03	2.604100e-03
4.000000e+00	5.000000e+00	7.418900e-02	2.440300e-03	2.440300e-03
5.000000e+00	6.000000e+00	7.207500e-02	2.258500e-03	2.258500e-03
6.000000e+00	7.000000e+00	6.915800e-02	2.073000e-03	2.073000e-03
7.000000e+00	8.000000e+00	6.327700e-02	1.812100e-03	1.812100e-03
8.000000e+00	9.000000e+00	5.968100e-02	1.634300e-03	1.634300e-03
9.000000e+00	1.000000e+01	5.738400e-02	1.510900e-03	1.510900e-03
1.000000e+01	1.100000e+01	5.347000e-02	1.372000e-03	1.372000e-03
1.100000e+01	1.200000e+01	4.822100e-02	1.233900e-03	1.233900e-03
1.200000e+01	1.300000e+01	4.357200e-02	1.113900e-03	1.113900e-03
1.300000e+01	1.400000e+01	4.058500e-02	1.005800e-03	1.005800e-03
1.400000e+01	1.600000e+01	3.772000e-02	8.859800e-04	8.859800e-04
1.600000e+01	1.800000e+01	3.257700e-02	7.199300e-04	7.199300e-04
1.800000e+01	2.000000e+01	2.765000e-02	5.738900e-04	5.738900e-04
2.000000e+01	2.200000e+01	2.567700e-02	4.986300e-04	4.986300e-04
2.200000e+01	2.500000e+01	2.159900e-02	3.870000e-04	3.870000e-04
2.500000e+01	2.800000e+01	1.820100e-02	2.948700e-04	2.948700e-04
2.800000e+01	3.200000e+01	1.478200e-02	1.992000e-04	1.992000e-04
3.200000e+01	3.700000e+01	1.161100e-02	1.247000e-04	1.247000e-04
3.700000e+01	4.300000e+01	8.932300e-03	9.479000e-05	9.479000e-05
4.300000e+01	5.200000e+01	6.212200e-03	7.816800e-05	7.816800e-05
5.200000e+01	6.500000e+01	3.587400e-03	5.151700e-05	5.151700e-05
6.500000e+01	8.500000e+01	1.761300e-03	2.654900e-05	2.654900e-05
8.500000e+01	1.200000e+02	7.546200e-04	1.202000e-05	1.202000e-05
1.200000e+02	1.600000e+02	2.997000e-04	5.663000e-06	5.663000e-06
1.600000e+02	1.900000e+02	1.364700e-04	3.210000e-06	3.210000e-06
1.900000e+02	2.200000e+02	7.570900e-05	2.136400e-06	2.136400e-06
2.200000e+02	2.500000e+02	4.271100e-05	1.400600e-06	1.400600e-06
2.500000e+02	3.000000e+02	2.154100e-05	7.968600e-07	7.968600e-07
3.000000e+02	4.000000e+02	6.868700e-06	3.052400e-07	3.052400e-07
4.000000e+02	1.500000e+03	1.739700e-07	9.933400e-09	9.933400e-09
# END HISTO1D


# BEGIN HISTO1D //eos/home-m/mdessena/CMSSW_eos/CMSSW_11_2_4/src/PrimordialKTResults/PrimordialkT_NoMPI_PartonLevelMPIoff4/withMPI.yoda/CMS_2019_I1753680/d33-x01-y05
ErrorBars=1
LineColor=red
LineStyle=solid
Path=//eos/home-m/mdessena/CMSSW_eos/CMSSW_11_2_4/src/PrimordialKTResults/PrimordialkT_NoMPI_PartonLevelMPIoff4/withMPI.yoda/CMS_2019_I1753680/d33-x01-y05
ScaledBy=2.80650023629234384e-05
Title=withMPI
# xlow	 xhigh	 val	 errminus	 errplus
0.000000e+00	1.000000e+00	1.546382e-02	6.587807e-04	6.587807e-04
1.000000e+00	2.000000e+00	4.776663e-02	1.157830e-03	1.157830e-03
2.000000e+00	3.000000e+00	6.954508e-02	1.397062e-03	1.397062e-03
3.000000e+00	4.000000e+00	8.091140e-02	1.506910e-03	1.506910e-03
4.000000e+00	5.000000e+00	8.455985e-02	1.540510e-03	1.540510e-03
5.000000e+00	6.000000e+00	8.402662e-02	1.535645e-03	1.535645e-03
6.000000e+00	7.000000e+00	7.423193e-02	1.443371e-03	1.443371e-03
7.000000e+00	8.000000e+00	6.856280e-02	1.387161e-03	1.387161e-03
8.000000e+00	9.000000e+00	6.059234e-02	1.304041e-03	1.304041e-03
9.000000e+00	1.000000e+01	5.416545e-02	1.232945e-03	1.232945e-03
1.000000e+01	1.100000e+01	5.009603e-02	1.185726e-03	1.185726e-03
1.100000e+01	1.200000e+01	4.540917e-02	1.128897e-03	1.128897e-03
1.200000e+01	1.300000e+01	4.167653e-02	1.081505e-03	1.081505e-03
1.300000e+01	1.400000e+01	4.013295e-02	1.061287e-03	1.061287e-03
1.400000e+01	1.600000e+01	3.407092e-02	6.914479e-04	6.914479e-04
1.600000e+01	1.800000e+01	2.899114e-02	6.378231e-04	6.378231e-04
1.800000e+01	2.000000e+01	2.458494e-02	5.873570e-04	5.873570e-04
2.000000e+01	2.200000e+01	2.222748e-02	5.584866e-04	5.584866e-04
2.200000e+01	2.500000e+01	1.859774e-02	4.171114e-04	4.171114e-04
2.500000e+01	2.800000e+01	1.642738e-02	3.920180e-04	3.920180e-04
2.800000e+01	3.200000e+01	1.239772e-02	2.949330e-04	2.949330e-04
3.200000e+01	3.700000e+01	9.996754e-03	2.368793e-04	2.368793e-04
3.700000e+01	4.300000e+01	6.810440e-03	1.784820e-04	1.784820e-04
4.300000e+01	5.200000e+01	4.456099e-03	1.178796e-04	1.178796e-04
5.200000e+01	6.500000e+01	2.480515e-03	7.317821e-05	7.317821e-05
6.500000e+01	8.500000e+01	1.083309e-03	3.898915e-05	3.898915e-05
8.500000e+01	1.200000e+02	4.386160e-04	1.875386e-05	1.875386e-05
1.200000e+02	1.600000e+02	1.606721e-04	1.061752e-05	1.061752e-05
1.600000e+02	1.900000e+02	7.016250e-05	8.101669e-06	8.101669e-06
1.900000e+02	2.200000e+02	3.087150e-05	5.374038e-06	5.374038e-06
2.200000e+02	2.500000e+02	2.151650e-05	4.486501e-06	4.486501e-06
2.500000e+02	3.000000e+02	9.542100e-06	2.314299e-06	2.314299e-06
3.000000e+02	4.000000e+02	3.367800e-06	9.722002e-07	9.722002e-07
4.000000e+02	1.500000e+03	2.041091e-07	7.216347e-08	7.216347e-08
# END HISTO1D


# BEGIN HISTO1D //eos/home-m/mdessena/CMSSW_eos/CMSSW_11_2_4/src/PrimordialKTResults/PrimordialkT_NoMPI_PartonLevelMPIoff4/withoutMPI.yoda/CMS_2019_I1753680/d33-x01-y05
ErrorBars=1
LineColor=blue
LineStyle=solid
Path=//eos/home-m/mdessena/CMSSW_eos/CMSSW_11_2_4/src/PrimordialKTResults/PrimordialkT_NoMPI_PartonLevelMPIoff4/withoutMPI.yoda/CMS_2019_I1753680/d33-x01-y05
ScaledBy=2.82123895659714041e-05
Title=withoutMPI
# xlow	 xhigh	 val	 errminus	 errplus
0.000000e+00	1.000000e+00	2.118750e-02	7.731430e-04	7.731430e-04
1.000000e+00	2.000000e+00	5.509880e-02	1.246783e-03	1.246783e-03
2.000000e+00	3.000000e+00	7.927681e-02	1.495523e-03	1.495523e-03
3.000000e+00	4.000000e+00	8.596315e-02	1.557314e-03	1.557314e-03
4.000000e+00	5.000000e+00	8.449611e-02	1.543968e-03	1.543968e-03
5.000000e+00	6.000000e+00	7.634273e-02	1.467587e-03	1.467587e-03
6.000000e+00	7.000000e+00	6.691979e-02	1.374033e-03	1.374033e-03
7.000000e+00	8.000000e+00	6.548096e-02	1.359181e-03	1.359181e-03
8.000000e+00	9.000000e+00	5.907674e-02	1.291006e-03	1.291006e-03
9.000000e+00	1.000000e+01	5.168510e-02	1.207543e-03	1.207543e-03
1.000000e+01	1.100000e+01	4.863816e-02	1.171409e-03	1.171409e-03
1.100000e+01	1.200000e+01	4.511161e-02	1.128143e-03	1.128143e-03
1.200000e+01	1.300000e+01	4.127473e-02	1.079101e-03	1.079101e-03
1.300000e+01	1.400000e+01	3.701466e-02	1.021896e-03	1.021896e-03
1.400000e+01	1.600000e+01	3.276869e-02	6.798834e-04	6.798834e-04
1.600000e+01	1.800000e+01	2.914340e-02	6.411728e-04	6.411728e-04
1.800000e+01	2.000000e+01	2.519367e-02	5.961432e-04	5.961432e-04
2.000000e+01	2.200000e+01	2.200567e-02	5.571501e-04	5.571501e-04
2.200000e+01	2.500000e+01	1.875183e-02	4.199341e-04	4.199341e-04
2.500000e+01	2.800000e+01	1.583655e-02	3.859132e-04	3.859132e-04
2.800000e+01	3.200000e+01	1.325277e-02	3.057336e-04	3.057336e-04
3.200000e+01	3.700000e+01	9.733274e-03	2.343497e-04	2.343497e-04
3.700000e+01	4.300000e+01	7.156543e-03	1.834408e-04	1.834408e-04
4.300000e+01	5.200000e+01	4.401132e-03	1.174575e-04	1.174575e-04
5.200000e+01	6.500000e+01	2.337288e-03	7.122039e-05	7.122039e-05
6.500000e+01	8.500000e+01	1.124264e-03	3.982346e-05	3.982346e-05
8.500000e+01	1.200000e+02	4.344709e-04	1.871398e-05	1.871398e-05
1.200000e+02	1.600000e+02	1.579894e-04	1.055611e-05	1.055611e-05
1.600000e+02	1.900000e+02	6.300767e-05	7.697612e-06	7.697612e-06
1.900000e+02	2.200000e+02	3.573570e-05	5.797095e-06	5.797095e-06
2.200000e+02	2.500000e+02	2.256991e-05	4.607063e-06	4.607063e-06
2.500000e+02	3.000000e+02	1.072071e-05	2.459499e-06	2.459499e-06
3.000000e+02	4.000000e+02	3.385487e-06	9.773058e-07	9.773058e-07
4.000000e+02	1.500000e+03	2.051810e-07	7.254244e-08	7.254244e-08
# END HISTO1D

