# BEGIN PLOT
XTwosidedTicks=1
YTwosidedTicks=1
XLabelSep=4.4
RatioPlotReference=/CMS_2012_PAS_FSQ_12_020/d10-x01-y01
ConnectBins=0
RatioPlot=1
LogY=0
LegendXPos=0.40
XLabel=\large{$p_\text{T}^{\text{max}}$[GeV]}
YLabelSep=5.4
YLabel=\large{$(1/N_\text{events})\; dp_\text{T}^{\text{sum}}\,/d\eta\, d\phi$ [GeV]}
Title=\large{TransDIF charged $p^{\text{sum}}_{\text{T}}$ density $\sqrt{s}=7\,\text{TeV}$}
DrawOnly=/CMS_2012_PAS_FSQ_12_020/d10-x01-y01 //afs/cern.ch/user/m/mdessena/MCNNTUNES_result1/CMSSW_11_2_4/src/Plots_Totali_2params/CP5.yoda/CMS_2012_PAS_FSQ_12_020/d10-x01-y01 //afs/cern.ch/user/m/mdessena/MCNNTUNES_result1/CMSSW_11_2_4/src/Plots_Totali_2params/Inverse.yoda/CMS_2012_PAS_FSQ_12_020/d10-x01-y01
RatioPlotErrorBandColor=grey!40!yellow!60
LegendYPos=0.50
Legend=1
LegendOnly=/CMS_2012_PAS_FSQ_12_020/d10-x01-y01 //afs/cern.ch/user/m/mdessena/MCNNTUNES_result1/CMSSW_11_2_4/src/Plots_Totali_2params/CP5.yoda/CMS_2012_PAS_FSQ_12_020/d10-x01-y01 //afs/cern.ch/user/m/mdessena/MCNNTUNES_result1/CMSSW_11_2_4/src/Plots_Totali_2params/Inverse.yoda/CMS_2012_PAS_FSQ_12_020/d10-x01-y01
# END PLOT

# BEGIN HISTO1D /CMS_2012_PAS_FSQ_12_020/d10-x01-y01
ConnectBins=0
ErrorBars=1
IsRef=1
Path=/CMS_2012_PAS_FSQ_12_020/d10-x01-y01
PolyMarker=*
Title=Data
# xlow	 xhigh	 val	 errminus	 errplus
5.000000e-01	1.000000e+00	8.266000e-02	3.062100e-03	3.062100e-03
1.000000e+00	1.500000e+00	3.030800e-01	1.121830e-02	1.121830e-02
1.500000e+00	2.000000e+00	5.135200e-01	1.900730e-02	1.900730e-02
2.000000e+00	2.500000e+00	6.782900e-01	2.511040e-02	2.511040e-02
2.500000e+00	3.000000e+00	8.002500e-01	2.963700e-02	2.963700e-02
3.000000e+00	3.500000e+00	8.853300e-01	3.281110e-02	3.281110e-02
3.500000e+00	4.000000e+00	9.441800e-01	3.503810e-02	3.503810e-02
4.000000e+00	5.000000e+00	9.994800e-01	3.710230e-02	3.710230e-02
5.000000e+00	6.000000e+00	1.057270e+00	3.946180e-02	3.946180e-02
6.000000e+00	8.000000e+00	1.107850e+00	4.155550e-02	4.155550e-02
8.000000e+00	1.000000e+01	1.186120e+00	4.630520e-02	4.630520e-02
1.000000e+01	1.200000e+01	1.240960e+00	5.293920e-02	5.293920e-02
1.200000e+01	1.400000e+01	1.215330e+00	5.865430e-02	5.865430e-02
1.400000e+01	1.600000e+01	1.326250e+00	7.942280e-02	7.942280e-02
1.600000e+01	2.000000e+01	1.340990e+00	8.256200e-02	8.256200e-02
2.000000e+01	2.400000e+01	1.622000e+00	1.761490e-01	1.761490e-01
2.400000e+01	2.800000e+01	1.699650e+00	2.223200e-01	2.223200e-01
# END HISTO1D


# BEGIN HISTO1D //afs/cern.ch/user/m/mdessena/MCNNTUNES_result1/CMSSW_11_2_4/src/Plots_Totali_2params/CP5.yoda/CMS_2012_PAS_FSQ_12_020/d10-x01-y01
LineColor=red
LineStyle=solid
Path=//afs/cern.ch/user/m/mdessena/MCNNTUNES_result1/CMSSW_11_2_4/src/Plots_Totali_2params/CP5.yoda/CMS_2012_PAS_FSQ_12_020/d10-x01-y01
Title=CP5
# xlow	 xhigh	 val	 errminus	 errplus
5.000000e-01	1.000000e+00	9.673899e-02	1.588357e-04	1.588357e-04
1.000000e+00	1.500000e+00	3.142278e-01	4.893700e-04	4.893700e-04
1.500000e+00	2.000000e+00	5.280314e-01	9.727088e-04	9.727088e-04
2.000000e+00	2.500000e+00	6.965385e-01	1.619828e-03	1.619828e-03
2.500000e+00	3.000000e+00	8.166027e-01	2.543988e-03	2.543988e-03
3.000000e+00	3.500000e+00	8.966038e-01	3.804198e-03	3.804198e-03
3.500000e+00	4.000000e+00	9.424473e-01	5.425299e-03	5.425299e-03
4.000000e+00	5.000000e+00	9.762095e-01	5.962512e-03	5.962512e-03
5.000000e+00	6.000000e+00	1.015897e+00	1.054816e-02	1.054816e-02
6.000000e+00	8.000000e+00	1.011625e+00	1.363553e-02	1.363553e-02
8.000000e+00	1.000000e+01	1.079621e+00	2.827057e-02	2.827057e-02
1.000000e+01	1.200000e+01	1.194590e+00	6.567631e-02	6.567631e-02
1.200000e+01	1.400000e+01	1.190027e+00	8.783604e-02	8.783604e-02
1.400000e+01	1.600000e+01	1.444119e+00	1.554640e-01	1.554640e-01
1.600000e+01	2.000000e+01	1.307942e+00	1.497003e-01	1.497003e-01
2.000000e+01	2.400000e+01	1.632057e+00	4.324288e-01	4.324288e-01
2.400000e+01	2.800000e+01	6.527062e-01	1.682649e-01	1.682649e-01
# END HISTO1D


# BEGIN HISTO1D //afs/cern.ch/user/m/mdessena/MCNNTUNES_result1/CMSSW_11_2_4/src/Plots_Totali_2params/Inverse.yoda/CMS_2012_PAS_FSQ_12_020/d10-x01-y01
LineColor=blue
LineStyle=solid
Path=//afs/cern.ch/user/m/mdessena/MCNNTUNES_result1/CMSSW_11_2_4/src/Plots_Totali_2params/Inverse.yoda/CMS_2012_PAS_FSQ_12_020/d10-x01-y01
Title=Inverse
# xlow	 xhigh	 val	 errminus	 errplus
5.000000e-01	1.000000e+00	9.627193e-02	1.580464e-04	1.580464e-04
1.000000e+00	1.500000e+00	3.109980e-01	4.861181e-04	4.861181e-04
1.500000e+00	2.000000e+00	5.225756e-01	9.692139e-04	9.692139e-04
2.000000e+00	2.500000e+00	6.867759e-01	1.612575e-03	1.612575e-03
2.500000e+00	3.000000e+00	8.047218e-01	2.530982e-03	2.530982e-03
3.000000e+00	3.500000e+00	8.819461e-01	3.800432e-03	3.800432e-03
3.500000e+00	4.000000e+00	9.261335e-01	5.430435e-03	5.430435e-03
4.000000e+00	5.000000e+00	9.621568e-01	6.101135e-03	6.101135e-03
5.000000e+00	6.000000e+00	9.952076e-01	1.018463e-02	1.018463e-02
6.000000e+00	8.000000e+00	1.022819e+00	1.365595e-02	1.365595e-02
8.000000e+00	1.000000e+01	1.105401e+00	2.968507e-02	2.968507e-02
1.000000e+01	1.200000e+01	1.180557e+00	5.348015e-02	5.348015e-02
1.200000e+01	1.400000e+01	1.231626e+00	8.515654e-02	8.515654e-02
1.400000e+01	1.600000e+01	1.193125e+00	1.273246e-01	1.273246e-01
1.600000e+01	2.000000e+01	1.171710e+00	1.424424e-01	1.424424e-01
2.000000e+01	2.400000e+01	1.085670e+00	1.604558e-01	1.604558e-01
2.400000e+01	2.800000e+01	1.109859e+00	4.142283e-01	4.142283e-01
# END HISTO1D

