# BEGIN PLOT
XTwosidedTicks=1
YTwosidedTicks=1
XMax=24
XLabelSep=4.4
RatioPlotReference=/CMS_2015_PAS_FSQ_15_007/d01-x01-y01
ConnectBins=0
RatioPlot=1
LogY=0
LegendXPos=0.40
XLabel=\large{$p_\text{T}^{\text{max}}$[GeV]}
YLabelSep=5.4
YLabel=\large{$(1/N_\text{events})\; dp_\text{T}^{\text{sum}}\,/d\eta\, d\phi$}
Title=\large{CMS, 13 TeV, MB, TransMIN charged $p_\text{T}^{\text{sum}}$ density}
DrawOnly=/CMS_2015_PAS_FSQ_15_007/d01-x01-y01 //afs/cern.ch/user/m/mdessena/MCNNTUNES_result1/CMSSW_11_2_4/src/Plots_Totali_2params/CP5.yoda/CMS_2015_PAS_FSQ_15_007/d01-x01-y01 //afs/cern.ch/user/m/mdessena/MCNNTUNES_result1/CMSSW_11_2_4/src/Plots_Totali_2params/Inverse.yoda/CMS_2015_PAS_FSQ_15_007/d01-x01-y01 //afs/cern.ch/user/m/mdessena/MCNNTUNES_result1/CMSSW_11_2_4/src/Plots_Totali_2params/PerBin.yoda/CMS_2015_PAS_FSQ_15_007/d01-x01-y01
RatioPlotErrorBandColor=grey!40!yellow!60
LegendYPos=0.50
Legend=1
LegendOnly=/CMS_2015_PAS_FSQ_15_007/d01-x01-y01 //afs/cern.ch/user/m/mdessena/MCNNTUNES_result1/CMSSW_11_2_4/src/Plots_Totali_2params/CP5.yoda/CMS_2015_PAS_FSQ_15_007/d01-x01-y01 //afs/cern.ch/user/m/mdessena/MCNNTUNES_result1/CMSSW_11_2_4/src/Plots_Totali_2params/Inverse.yoda/CMS_2015_PAS_FSQ_15_007/d01-x01-y01 //afs/cern.ch/user/m/mdessena/MCNNTUNES_result1/CMSSW_11_2_4/src/Plots_Totali_2params/PerBin.yoda/CMS_2015_PAS_FSQ_15_007/d01-x01-y01
# END PLOT

# BEGIN HISTO1D /CMS_2015_PAS_FSQ_15_007/d01-x01-y01
ConnectBins=0
ErrorBars=1
Path=/CMS_2015_PAS_FSQ_15_007/d01-x01-y01
PolyMarker=*
Title=Data
# xlow	 xhigh	 val	 errminus	 errplus
5.000000e-01	1.000000e+00	1.667996e-02	8.751172e-05	8.751172e-05
1.000000e+00	1.500000e+00	8.085203e-02	8.406703e-04	8.406703e-04
1.500000e+00	2.000000e+00	2.128351e-01	4.206595e-03	4.206595e-03
2.000000e+00	2.500000e+00	3.668857e-01	9.416816e-03	9.416816e-03
2.500000e+00	3.000000e+00	5.132973e-01	5.931760e-03	5.931760e-03
3.000000e+00	3.500000e+00	6.341223e-01	4.267072e-03	4.267072e-03
3.500000e+00	4.000000e+00	7.192914e-01	9.839061e-03	9.839061e-03
4.000000e+00	4.500000e+00	7.944312e-01	1.990948e-02	1.990948e-02
4.500000e+00	5.000000e+00	8.451503e-01	2.836434e-02	2.836434e-02
5.000000e+00	6.000000e+00	8.965431e-01	3.185672e-02	3.185672e-02
6.000000e+00	7.000000e+00	9.417464e-01	1.380844e-02	1.380844e-02
7.000000e+00	8.000000e+00	9.597402e-01	1.625558e-02	1.625558e-02
8.000000e+00	1.000000e+01	9.608157e-01	1.926096e-02	1.926096e-02
1.000000e+01	1.200000e+01	9.638889e-01	2.044447e-02	2.044447e-02
1.200000e+01	1.600000e+01	9.860002e-01	3.034245e-02	3.034245e-02
1.600000e+01	2.000000e+01	1.028135e+00	3.567587e-02	3.567587e-02
2.000000e+01	2.400000e+01	9.112370e-01	6.859083e-02	6.859083e-02
2.400000e+01	2.800000e+01	1.201662e+00	1.047896e-01	1.047896e-01
2.800000e+01	3.200000e+01	7.550629e-01	2.010319e-01	2.010319e-01
3.200000e+01	3.600000e+01	5.049735e-01	1.512861e-01	1.512861e-01
3.600000e+01	4.000000e+01	4.862863e-01	2.265712e-01	2.265712e-01
4.000000e+01	5.000000e+01	1.406478e+00	2.002717e-01	2.002717e-01
# END HISTO1D


# BEGIN HISTO1D //afs/cern.ch/user/m/mdessena/MCNNTUNES_result1/CMSSW_11_2_4/src/Plots_Totali_2params/CP5.yoda/CMS_2015_PAS_FSQ_15_007/d01-x01-y01
LineColor=red
LineStyle=solid
Path=//afs/cern.ch/user/m/mdessena/MCNNTUNES_result1/CMSSW_11_2_4/src/Plots_Totali_2params/CP5.yoda/CMS_2015_PAS_FSQ_15_007/d01-x01-y01
Title=CP5
# xlow	 xhigh	 val	 errminus	 errplus
5.000000e-01	1.000000e+00	1.492599e-02	4.196276e-05	4.196276e-05
1.000000e+00	1.500000e+00	8.064892e-02	1.613063e-04	1.613063e-04
1.500000e+00	2.000000e+00	2.132040e-01	4.022620e-04	4.022620e-04
2.000000e+00	2.500000e+00	3.906437e-01	7.246728e-04	7.246728e-04
2.500000e+00	3.000000e+00	5.685263e-01	1.116891e-03	1.116891e-03
3.000000e+00	3.500000e+00	7.143326e-01	1.617085e-03	1.617085e-03
3.500000e+00	4.000000e+00	8.083400e-01	2.237451e-03	2.237451e-03
4.000000e+00	4.500000e+00	8.582485e-01	2.990168e-03	2.990168e-03
4.500000e+00	5.000000e+00	8.913342e-01	3.960750e-03	3.960750e-03
5.000000e+00	6.000000e+00	9.060743e-01	3.871087e-03	3.871087e-03
6.000000e+00	7.000000e+00	9.158614e-01	5.899160e-03	5.899160e-03
7.000000e+00	8.000000e+00	9.214370e-01	8.362628e-03	8.362628e-03
8.000000e+00	1.000000e+01	9.388590e-01	8.990195e-03	8.990195e-03
1.000000e+01	1.200000e+01	9.711596e-01	1.555504e-02	1.555504e-02
1.200000e+01	1.600000e+01	9.520432e-01	1.874170e-02	1.874170e-02
1.600000e+01	2.000000e+01	9.725028e-01	3.802000e-02	3.802000e-02
2.000000e+01	2.400000e+01	1.114338e+00	7.373415e-02	7.373415e-02
2.400000e+01	2.800000e+01	9.531028e-01	8.004747e-02	8.004747e-02
2.800000e+01	3.200000e+01	1.095092e+00	1.303821e-01	1.303821e-01
3.200000e+01	3.600000e+01	1.009527e+00	1.633571e-01	1.633571e-01
3.600000e+01	4.000000e+01	6.348682e-01	1.451505e-01	1.451505e-01
4.000000e+01	5.000000e+01	1.079882e+00	2.015463e-01	2.015463e-01
# END HISTO1D


# BEGIN HISTO1D //afs/cern.ch/user/m/mdessena/MCNNTUNES_result1/CMSSW_11_2_4/src/Plots_Totali_2params/Inverse.yoda/CMS_2015_PAS_FSQ_15_007/d01-x01-y01
LineColor=blue
LineStyle=solid
Path=//afs/cern.ch/user/m/mdessena/MCNNTUNES_result1/CMSSW_11_2_4/src/Plots_Totali_2params/Inverse.yoda/CMS_2015_PAS_FSQ_15_007/d01-x01-y01
Title=Inverse
# xlow	 xhigh	 val	 errminus	 errplus
5.000000e-01	1.000000e+00	1.480890e-02	4.179212e-05	4.179212e-05
1.000000e+00	1.500000e+00	8.008947e-02	1.600506e-04	1.600506e-04
1.500000e+00	2.000000e+00	2.106304e-01	3.988026e-04	3.988026e-04
2.000000e+00	2.500000e+00	3.836539e-01	7.151900e-04	7.151900e-04
2.500000e+00	3.000000e+00	5.583357e-01	1.106643e-03	1.106643e-03
3.000000e+00	3.500000e+00	6.964335e-01	1.585050e-03	1.585050e-03
3.500000e+00	4.000000e+00	7.900335e-01	2.216848e-03	2.216848e-03
4.000000e+00	4.500000e+00	8.440652e-01	2.961953e-03	2.961953e-03
4.500000e+00	5.000000e+00	8.641484e-01	3.858338e-03	3.858338e-03
5.000000e+00	6.000000e+00	8.814229e-01	3.845191e-03	3.845191e-03
6.000000e+00	7.000000e+00	8.933050e-01	5.817540e-03	5.817540e-03
7.000000e+00	8.000000e+00	8.824673e-01	8.137421e-03	8.137421e-03
8.000000e+00	1.000000e+01	9.001689e-01	8.749723e-03	8.749723e-03
1.000000e+01	1.200000e+01	9.012754e-01	1.493514e-02	1.493514e-02
1.200000e+01	1.600000e+01	9.473408e-01	1.982703e-02	1.982703e-02
1.600000e+01	2.000000e+01	9.681118e-01	3.587257e-02	3.587257e-02
2.000000e+01	2.400000e+01	1.045691e+00	6.134042e-02	6.134042e-02
2.400000e+01	2.800000e+01	8.822092e-01	8.619596e-02	8.619596e-02
2.800000e+01	3.200000e+01	1.033171e+00	1.438717e-01	1.438717e-01
3.200000e+01	3.600000e+01	8.586189e-01	1.535476e-01	1.535476e-01
3.600000e+01	4.000000e+01	1.218930e+00	3.301303e-01	3.301303e-01
4.000000e+01	5.000000e+01	1.072400e+00	1.848112e-01	1.848112e-01
# END HISTO1D


# BEGIN HISTO1D //afs/cern.ch/user/m/mdessena/MCNNTUNES_result1/CMSSW_11_2_4/src/Plots_Totali_2params/PerBin.yoda/CMS_2015_PAS_FSQ_15_007/d01-x01-y01
LineColor=green
LineStyle=solid
Path=//afs/cern.ch/user/m/mdessena/MCNNTUNES_result1/CMSSW_11_2_4/src/Plots_Totali_2params/PerBin.yoda/CMS_2015_PAS_FSQ_15_007/d01-x01-y01
Title=PerBin
Tune_Parameter_emcPowisr=0.04771366068091282
Tune_Parameter_pT0isr=1.4606407384207003
# xlow	 xhigh	 val	 errminus	 errplus
5.000000e-01	1.000000e+00	1.479339e-02	0.000000e+00	0.000000e+00
1.000000e+00	1.500000e+00	7.921952e-02	0.000000e+00	0.000000e+00
1.500000e+00	2.000000e+00	2.039816e-01	0.000000e+00	0.000000e+00
2.000000e+00	2.500000e+00	3.661732e-01	0.000000e+00	0.000000e+00
2.500000e+00	3.000000e+00	5.400785e-01	0.000000e+00	0.000000e+00
3.000000e+00	3.500000e+00	6.481414e-01	0.000000e+00	0.000000e+00
3.500000e+00	4.000000e+00	7.326669e-01	0.000000e+00	0.000000e+00
4.000000e+00	4.500000e+00	7.813658e-01	0.000000e+00	0.000000e+00
4.500000e+00	5.000000e+00	8.039625e-01	0.000000e+00	0.000000e+00
5.000000e+00	6.000000e+00	8.171918e-01	0.000000e+00	0.000000e+00
6.000000e+00	7.000000e+00	8.377785e-01	0.000000e+00	0.000000e+00
7.000000e+00	8.000000e+00	8.287946e-01	0.000000e+00	0.000000e+00
8.000000e+00	1.000000e+01	8.427565e-01	0.000000e+00	0.000000e+00
1.000000e+01	1.200000e+01	8.570952e-01	0.000000e+00	0.000000e+00
1.200000e+01	1.600000e+01	8.811137e-01	0.000000e+00	0.000000e+00
1.600000e+01	2.000000e+01	9.157119e-01	0.000000e+00	0.000000e+00
2.000000e+01	2.400000e+01	9.211785e-01	0.000000e+00	0.000000e+00
2.400000e+01	2.800000e+01	9.465379e-01	0.000000e+00	0.000000e+00
2.800000e+01	3.200000e+01	1.065614e+00	0.000000e+00	0.000000e+00
3.200000e+01	3.600000e+01	9.106423e-01	0.000000e+00	0.000000e+00
3.600000e+01	4.000000e+01	8.961774e-01	0.000000e+00	0.000000e+00
4.000000e+01	5.000000e+01	8.688679e-01	0.000000e+00	0.000000e+00
# END HISTO1D

