# BEGIN PLOT
XTwosidedTicks=1
YTwosidedTicks=1
XMax=24
XLabelSep=4.4
RatioPlotReference=/CMS_2015_PAS_FSQ_15_007/d01-x01-y01
ConnectBins=0
RatioPlot=1
LogY=0
LegendXPos=0.40
XLabel=\large{$p_\text{T}^{\text{max}}$[GeV]}
YLabelSep=5.4
YLabel=\large{$(1/N_\text{events})\; dp_\text{T}^{\text{sum}}\,/d\eta\, d\phi$}
Title=\large{CMS, 13 TeV, MB, TransMIN charged $p_\text{T}^{\text{sum}}$ density}
DrawOnly=/CMS_2015_PAS_FSQ_15_007/d01-x01-y01 //afs/cern.ch/user/m/mdessena/OtherSqrtS/CMSSW_11_2_4/src/Result_ecmPow/result_TOT_0.yoda/CMS_2015_PAS_FSQ_15_007/d01-x01-y01 //afs/cern.ch/user/m/mdessena/OtherSqrtS/CMSSW_11_2_4/src/Result_ecmPow/result_TOT_1.yoda/CMS_2015_PAS_FSQ_15_007/d01-x01-y01 //afs/cern.ch/user/m/mdessena/OtherSqrtS/CMSSW_11_2_4/src/Result_ecmPow/result_TOT_2.yoda/CMS_2015_PAS_FSQ_15_007/d01-x01-y01 //afs/cern.ch/user/m/mdessena/OtherSqrtS/CMSSW_11_2_4/src/Result_ecmPow/result_TOT_3.yoda/CMS_2015_PAS_FSQ_15_007/d01-x01-y01 //afs/cern.ch/user/m/mdessena/OtherSqrtS/CMSSW_11_2_4/src/Result_ecmPow/result_TOT_4.yoda/CMS_2015_PAS_FSQ_15_007/d01-x01-y01 //afs/cern.ch/user/m/mdessena/OtherSqrtS/CMSSW_11_2_4/src/Result_ecmPow/result_TOT_5.yoda/CMS_2015_PAS_FSQ_15_007/d01-x01-y01 //afs/cern.ch/user/m/mdessena/OtherSqrtS/CMSSW_11_2_4/src/Result_ecmPow/result_TOT_6.yoda/CMS_2015_PAS_FSQ_15_007/d01-x01-y01 //afs/cern.ch/user/m/mdessena/OtherSqrtS/CMSSW_11_2_4/src/Result_ecmPow/result_TOT_7.yoda/CMS_2015_PAS_FSQ_15_007/d01-x01-y01
RatioPlotErrorBandColor=grey!40!yellow!60
LegendYPos=0.50
Legend=1
LegendOnly=/CMS_2015_PAS_FSQ_15_007/d01-x01-y01 //afs/cern.ch/user/m/mdessena/OtherSqrtS/CMSSW_11_2_4/src/Result_ecmPow/result_TOT_0.yoda/CMS_2015_PAS_FSQ_15_007/d01-x01-y01 //afs/cern.ch/user/m/mdessena/OtherSqrtS/CMSSW_11_2_4/src/Result_ecmPow/result_TOT_1.yoda/CMS_2015_PAS_FSQ_15_007/d01-x01-y01 //afs/cern.ch/user/m/mdessena/OtherSqrtS/CMSSW_11_2_4/src/Result_ecmPow/result_TOT_2.yoda/CMS_2015_PAS_FSQ_15_007/d01-x01-y01 //afs/cern.ch/user/m/mdessena/OtherSqrtS/CMSSW_11_2_4/src/Result_ecmPow/result_TOT_3.yoda/CMS_2015_PAS_FSQ_15_007/d01-x01-y01 //afs/cern.ch/user/m/mdessena/OtherSqrtS/CMSSW_11_2_4/src/Result_ecmPow/result_TOT_4.yoda/CMS_2015_PAS_FSQ_15_007/d01-x01-y01 //afs/cern.ch/user/m/mdessena/OtherSqrtS/CMSSW_11_2_4/src/Result_ecmPow/result_TOT_5.yoda/CMS_2015_PAS_FSQ_15_007/d01-x01-y01 //afs/cern.ch/user/m/mdessena/OtherSqrtS/CMSSW_11_2_4/src/Result_ecmPow/result_TOT_6.yoda/CMS_2015_PAS_FSQ_15_007/d01-x01-y01 //afs/cern.ch/user/m/mdessena/OtherSqrtS/CMSSW_11_2_4/src/Result_ecmPow/result_TOT_7.yoda/CMS_2015_PAS_FSQ_15_007/d01-x01-y01
# END PLOT

# BEGIN HISTO1D /CMS_2015_PAS_FSQ_15_007/d01-x01-y01
ConnectBins=0
ErrorBars=1
Path=/CMS_2015_PAS_FSQ_15_007/d01-x01-y01
PolyMarker=*
Title=Data
# xlow	 xhigh	 val	 errminus	 errplus
5.000000e-01	1.000000e+00	1.667996e-02	8.751172e-05	8.751172e-05
1.000000e+00	1.500000e+00	8.085203e-02	8.406703e-04	8.406703e-04
1.500000e+00	2.000000e+00	2.128351e-01	4.206595e-03	4.206595e-03
2.000000e+00	2.500000e+00	3.668857e-01	9.416816e-03	9.416816e-03
2.500000e+00	3.000000e+00	5.132973e-01	5.931760e-03	5.931760e-03
3.000000e+00	3.500000e+00	6.341223e-01	4.267072e-03	4.267072e-03
3.500000e+00	4.000000e+00	7.192914e-01	9.839061e-03	9.839061e-03
4.000000e+00	4.500000e+00	7.944312e-01	1.990948e-02	1.990948e-02
4.500000e+00	5.000000e+00	8.451503e-01	2.836434e-02	2.836434e-02
5.000000e+00	6.000000e+00	8.965431e-01	3.185672e-02	3.185672e-02
6.000000e+00	7.000000e+00	9.417464e-01	1.380844e-02	1.380844e-02
7.000000e+00	8.000000e+00	9.597402e-01	1.625558e-02	1.625558e-02
8.000000e+00	1.000000e+01	9.608157e-01	1.926096e-02	1.926096e-02
1.000000e+01	1.200000e+01	9.638889e-01	2.044447e-02	2.044447e-02
1.200000e+01	1.600000e+01	9.860002e-01	3.034245e-02	3.034245e-02
1.600000e+01	2.000000e+01	1.028135e+00	3.567587e-02	3.567587e-02
2.000000e+01	2.400000e+01	9.112370e-01	6.859083e-02	6.859083e-02
2.400000e+01	2.800000e+01	1.201662e+00	1.047896e-01	1.047896e-01
2.800000e+01	3.200000e+01	7.550629e-01	2.010319e-01	2.010319e-01
3.200000e+01	3.600000e+01	5.049735e-01	1.512861e-01	1.512861e-01
3.600000e+01	4.000000e+01	4.862863e-01	2.265712e-01	2.265712e-01
4.000000e+01	5.000000e+01	1.406478e+00	2.002717e-01	2.002717e-01
# END HISTO1D


# BEGIN HISTO1D //afs/cern.ch/user/m/mdessena/OtherSqrtS/CMSSW_11_2_4/src/Result_ecmPow/result_TOT_0.yoda/CMS_2015_PAS_FSQ_15_007/d01-x01-y01
LineColor=red
LineStyle=solid
Path=//afs/cern.ch/user/m/mdessena/OtherSqrtS/CMSSW_11_2_4/src/Result_ecmPow/result_TOT_0.yoda/CMS_2015_PAS_FSQ_15_007/d01-x01-y01
Title=result_TOT_0
# xlow	 xhigh	 val	 errminus	 errplus
5.000000e-01	1.000000e+00	1.524422e-02	5.252815e-05	5.252815e-05
1.000000e+00	1.500000e+00	7.820740e-02	1.876610e-04	1.876610e-04
1.500000e+00	2.000000e+00	1.974195e-01	4.497499e-04	4.497499e-04
2.000000e+00	2.500000e+00	3.475353e-01	8.000033e-04	8.000033e-04
2.500000e+00	3.000000e+00	4.919733e-01	1.241567e-03	1.241567e-03
3.000000e+00	3.500000e+00	6.049113e-01	1.804395e-03	1.804395e-03
3.500000e+00	4.000000e+00	6.783046e-01	2.493280e-03	2.493280e-03
4.000000e+00	4.500000e+00	7.211469e-01	3.349321e-03	3.349321e-03
4.500000e+00	5.000000e+00	7.460735e-01	4.380583e-03	4.380583e-03
5.000000e+00	6.000000e+00	7.536065e-01	4.292252e-03	4.292252e-03
6.000000e+00	7.000000e+00	7.814464e-01	6.664840e-03	6.664840e-03
7.000000e+00	8.000000e+00	7.755854e-01	9.292557e-03	9.292557e-03
8.000000e+00	1.000000e+01	7.961044e-01	1.058794e-02	1.058794e-02
1.000000e+01	1.200000e+01	8.093996e-01	1.739021e-02	1.739021e-02
1.200000e+01	1.600000e+01	8.199331e-01	1.998115e-02	1.998115e-02
1.600000e+01	2.000000e+01	8.268125e-01	3.826923e-02	3.826923e-02
2.000000e+01	2.400000e+01	8.410749e-01	6.520306e-02	6.520306e-02
2.400000e+01	2.800000e+01	9.349154e-01	1.073556e-01	1.073556e-01
2.800000e+01	3.200000e+01	8.103976e-01	1.233385e-01	1.233385e-01
3.200000e+01	3.600000e+01	1.004107e+00	2.066927e-01	2.066927e-01
3.600000e+01	4.000000e+01	5.703246e-01	2.069429e-01	2.069429e-01
4.000000e+01	5.000000e+01	1.597508e+00	4.982504e-01	4.982504e-01
# END HISTO1D


# BEGIN HISTO1D //afs/cern.ch/user/m/mdessena/OtherSqrtS/CMSSW_11_2_4/src/Result_ecmPow/result_TOT_1.yoda/CMS_2015_PAS_FSQ_15_007/d01-x01-y01
LineColor=blue
LineStyle=solid
Path=//afs/cern.ch/user/m/mdessena/OtherSqrtS/CMSSW_11_2_4/src/Result_ecmPow/result_TOT_1.yoda/CMS_2015_PAS_FSQ_15_007/d01-x01-y01
Title=result_TOT_1
# xlow	 xhigh	 val	 errminus	 errplus
5.000000e-01	1.000000e+00	1.492361e-02	5.146283e-05	5.146283e-05
1.000000e+00	1.500000e+00	7.969349e-02	1.934516e-04	1.934516e-04
1.500000e+00	2.000000e+00	2.070240e-01	4.759221e-04	4.759221e-04
2.000000e+00	2.500000e+00	3.735170e-01	8.540134e-04	8.540134e-04
2.500000e+00	3.000000e+00	5.390917e-01	1.318740e-03	1.318740e-03
3.000000e+00	3.500000e+00	6.693401e-01	1.902504e-03	1.902504e-03
3.500000e+00	4.000000e+00	7.535021e-01	2.627967e-03	2.627967e-03
4.000000e+00	4.500000e+00	8.079151e-01	3.574654e-03	3.574654e-03
4.500000e+00	5.000000e+00	8.342033e-01	4.635467e-03	4.635467e-03
5.000000e+00	6.000000e+00	8.454294e-01	4.593131e-03	4.593131e-03
6.000000e+00	7.000000e+00	8.598170e-01	7.000582e-03	7.000582e-03
7.000000e+00	8.000000e+00	8.510629e-01	9.730605e-03	9.730605e-03
8.000000e+00	1.000000e+01	8.759634e-01	1.052350e-02	1.052350e-02
1.000000e+01	1.200000e+01	8.870741e-01	1.774002e-02	1.774002e-02
1.200000e+01	1.600000e+01	9.399938e-01	2.346348e-02	2.346348e-02
1.600000e+01	2.000000e+01	9.063326e-01	4.003569e-02	4.003569e-02
2.000000e+01	2.400000e+01	9.512720e-01	7.173020e-02	7.173020e-02
2.400000e+01	2.800000e+01	9.427220e-01	1.444993e-01	1.444993e-01
2.800000e+01	3.200000e+01	1.017753e+00	1.563680e-01	1.563680e-01
3.200000e+01	3.600000e+01	8.000206e-01	2.565308e-01	2.565308e-01
3.600000e+01	4.000000e+01	9.250100e-01	2.803127e-01	2.803127e-01
4.000000e+01	5.000000e+01	1.597128e+00	5.148533e-01	5.148533e-01
# END HISTO1D


# BEGIN HISTO1D //afs/cern.ch/user/m/mdessena/OtherSqrtS/CMSSW_11_2_4/src/Result_ecmPow/result_TOT_2.yoda/CMS_2015_PAS_FSQ_15_007/d01-x01-y01
LineColor=green
LineStyle=solid
Path=//afs/cern.ch/user/m/mdessena/OtherSqrtS/CMSSW_11_2_4/src/Result_ecmPow/result_TOT_2.yoda/CMS_2015_PAS_FSQ_15_007/d01-x01-y01
Title=result_TOT_2
# xlow	 xhigh	 val	 errminus	 errplus
5.000000e-01	1.000000e+00	1.514716e-02	5.233067e-05	5.233067e-05
1.000000e+00	1.500000e+00	7.907110e-02	1.908342e-04	1.908342e-04
1.500000e+00	2.000000e+00	2.012862e-01	4.604252e-04	4.604252e-04
2.000000e+00	2.500000e+00	3.595782e-01	8.232238e-04	8.232238e-04
2.500000e+00	3.000000e+00	5.125156e-01	1.271899e-03	1.271899e-03
3.000000e+00	3.500000e+00	6.336237e-01	1.854962e-03	1.854962e-03
3.500000e+00	4.000000e+00	7.118282e-01	2.580497e-03	2.580497e-03
4.000000e+00	4.500000e+00	7.569311e-01	3.441478e-03	3.441478e-03
4.500000e+00	5.000000e+00	7.830417e-01	4.504284e-03	4.504284e-03
5.000000e+00	6.000000e+00	7.911328e-01	4.385923e-03	4.385923e-03
6.000000e+00	7.000000e+00	8.036433e-01	6.694263e-03	6.694263e-03
7.000000e+00	8.000000e+00	8.031295e-01	9.422308e-03	9.422308e-03
8.000000e+00	1.000000e+01	8.214389e-01	1.024735e-02	1.024735e-02
1.000000e+01	1.200000e+01	8.063609e-01	1.718989e-02	1.718989e-02
1.200000e+01	1.600000e+01	8.373019e-01	2.183223e-02	2.183223e-02
1.600000e+01	2.000000e+01	8.554171e-01	3.841533e-02	3.841533e-02
2.000000e+01	2.400000e+01	8.832000e-01	6.257663e-02	6.257663e-02
2.400000e+01	2.800000e+01	1.057588e+00	1.275393e-01	1.275393e-01
2.800000e+01	3.200000e+01	7.239297e-01	1.072619e-01	1.072619e-01
3.200000e+01	3.600000e+01	1.074441e+00	1.742370e-01	1.742370e-01
3.600000e+01	4.000000e+01	9.039052e-01	2.314640e-01	2.314640e-01
4.000000e+01	5.000000e+01	8.467643e-01	2.232948e-01	2.232948e-01
# END HISTO1D


# BEGIN HISTO1D //afs/cern.ch/user/m/mdessena/OtherSqrtS/CMSSW_11_2_4/src/Result_ecmPow/result_TOT_3.yoda/CMS_2015_PAS_FSQ_15_007/d01-x01-y01
LineColor=orange
LineStyle=solid
Path=//afs/cern.ch/user/m/mdessena/OtherSqrtS/CMSSW_11_2_4/src/Result_ecmPow/result_TOT_3.yoda/CMS_2015_PAS_FSQ_15_007/d01-x01-y01
Title=result_TOT_3
# xlow	 xhigh	 val	 errminus	 errplus
5.000000e-01	1.000000e+00	1.520983e-02	5.278920e-05	5.278920e-05
1.000000e+00	1.500000e+00	7.726339e-02	1.831905e-04	1.831905e-04
1.500000e+00	2.000000e+00	1.881352e-01	4.231000e-04	4.231000e-04
2.000000e+00	2.500000e+00	3.210200e-01	7.461022e-04	7.461022e-04
2.500000e+00	3.000000e+00	4.432042e-01	1.156134e-03	1.156134e-03
3.000000e+00	3.500000e+00	5.336508e-01	1.674421e-03	1.674421e-03
3.500000e+00	4.000000e+00	5.950897e-01	2.339914e-03	2.339914e-03
4.000000e+00	4.500000e+00	6.312943e-01	3.142598e-03	3.142598e-03
4.500000e+00	5.000000e+00	6.522348e-01	4.106430e-03	4.106430e-03
5.000000e+00	6.000000e+00	6.723094e-01	4.039866e-03	4.039866e-03
6.000000e+00	7.000000e+00	6.917913e-01	6.096873e-03	6.096873e-03
7.000000e+00	8.000000e+00	6.924165e-01	8.721676e-03	8.721676e-03
8.000000e+00	1.000000e+01	7.073399e-01	9.662886e-03	9.662886e-03
1.000000e+01	1.200000e+01	7.173389e-01	1.624954e-02	1.624954e-02
1.200000e+01	1.600000e+01	7.192349e-01	2.223435e-02	2.223435e-02
1.600000e+01	2.000000e+01	7.620081e-01	3.523912e-02	3.523912e-02
2.000000e+01	2.400000e+01	7.975512e-01	6.256505e-02	6.256505e-02
2.400000e+01	2.800000e+01	6.808332e-01	7.478366e-02	7.478366e-02
2.800000e+01	3.200000e+01	7.701498e-01	1.314295e-01	1.314295e-01
3.200000e+01	3.600000e+01	8.246168e-01	2.337602e-01	2.337602e-01
3.600000e+01	4.000000e+01	5.856762e-01	1.882356e-01	1.882356e-01
4.000000e+01	5.000000e+01	7.509359e-01	2.389347e-01	2.389347e-01
# END HISTO1D


# BEGIN HISTO1D //afs/cern.ch/user/m/mdessena/OtherSqrtS/CMSSW_11_2_4/src/Result_ecmPow/result_TOT_4.yoda/CMS_2015_PAS_FSQ_15_007/d01-x01-y01
LineColor=lilac
LineStyle=solid
Path=//afs/cern.ch/user/m/mdessena/OtherSqrtS/CMSSW_11_2_4/src/Result_ecmPow/result_TOT_4.yoda/CMS_2015_PAS_FSQ_15_007/d01-x01-y01
Title=result_TOT_4
# xlow	 xhigh	 val	 errminus	 errplus
5.000000e-01	1.000000e+00	1.486757e-02	5.131919e-05	5.131919e-05
1.000000e+00	1.500000e+00	8.131569e-02	2.000231e-04	2.000231e-04
1.500000e+00	2.000000e+00	2.168240e-01	5.037944e-04	5.037944e-04
2.000000e+00	2.500000e+00	4.021882e-01	9.111833e-04	9.111833e-04
2.500000e+00	3.000000e+00	5.927111e-01	1.407605e-03	1.407605e-03
3.000000e+00	3.500000e+00	7.395769e-01	2.019408e-03	2.019408e-03
3.500000e+00	4.000000e+00	8.426657e-01	2.801562e-03	2.801562e-03
4.000000e+00	4.500000e+00	9.020344e-01	3.747024e-03	3.747024e-03
4.500000e+00	5.000000e+00	9.382850e-01	4.905772e-03	4.905772e-03
5.000000e+00	6.000000e+00	9.452067e-01	4.883772e-03	4.883772e-03
6.000000e+00	7.000000e+00	9.564040e-01	7.383126e-03	7.383126e-03
7.000000e+00	8.000000e+00	9.471135e-01	1.039279e-02	1.039279e-02
8.000000e+00	1.000000e+01	9.675094e-01	1.176980e-02	1.176980e-02
1.000000e+01	1.200000e+01	9.693140e-01	1.870330e-02	1.870330e-02
1.200000e+01	1.600000e+01	9.650917e-01	2.327473e-02	2.327473e-02
1.600000e+01	2.000000e+01	9.981799e-01	4.471664e-02	4.471664e-02
2.000000e+01	2.400000e+01	8.542584e-01	7.186608e-02	7.186608e-02
2.400000e+01	2.800000e+01	1.076008e+00	1.090886e-01	1.090886e-01
2.800000e+01	3.200000e+01	1.069119e+00	1.236505e-01	1.236505e-01
3.200000e+01	3.600000e+01	1.044201e+00	3.034469e-01	3.034469e-01
3.600000e+01	4.000000e+01	4.869823e-01	1.901911e-01	1.901911e-01
4.000000e+01	5.000000e+01	1.182796e+00	3.292000e-01	3.292000e-01
# END HISTO1D


# BEGIN HISTO1D //afs/cern.ch/user/m/mdessena/OtherSqrtS/CMSSW_11_2_4/src/Result_ecmPow/result_TOT_5.yoda/CMS_2015_PAS_FSQ_15_007/d01-x01-y01
LineColor=red
LineStyle=dashed
Path=//afs/cern.ch/user/m/mdessena/OtherSqrtS/CMSSW_11_2_4/src/Result_ecmPow/result_TOT_5.yoda/CMS_2015_PAS_FSQ_15_007/d01-x01-y01
Title=result_TOT_5
# xlow	 xhigh	 val	 errminus	 errplus
5.000000e-01	1.000000e+00	1.487975e-02	5.136122e-05	5.136122e-05
1.000000e+00	1.500000e+00	8.059755e-02	1.975507e-04	1.975507e-04
1.500000e+00	2.000000e+00	2.122004e-01	4.925788e-04	4.925788e-04
2.000000e+00	2.500000e+00	3.893610e-01	8.846836e-04	8.846836e-04
2.500000e+00	3.000000e+00	5.686470e-01	1.364134e-03	1.364134e-03
3.000000e+00	3.500000e+00	7.117271e-01	1.975477e-03	1.975477e-03
3.500000e+00	4.000000e+00	8.014534e-01	2.718481e-03	2.718481e-03
4.000000e+00	4.500000e+00	8.591755e-01	3.677522e-03	3.677522e-03
4.500000e+00	5.000000e+00	8.766257e-01	4.777565e-03	4.777565e-03
5.000000e+00	6.000000e+00	9.124298e-01	4.771886e-03	4.771886e-03
6.000000e+00	7.000000e+00	9.120711e-01	7.051047e-03	7.051047e-03
7.000000e+00	8.000000e+00	9.175190e-01	1.047174e-02	1.047174e-02
8.000000e+00	1.000000e+01	9.225848e-01	1.105917e-02	1.105917e-02
1.000000e+01	1.200000e+01	9.100925e-01	1.746854e-02	1.746854e-02
1.200000e+01	1.600000e+01	9.271225e-01	2.318443e-02	2.318443e-02
1.600000e+01	2.000000e+01	9.539581e-01	5.252156e-02	5.252156e-02
2.000000e+01	2.400000e+01	8.933717e-01	5.874168e-02	5.874168e-02
2.400000e+01	2.800000e+01	1.078532e+00	1.548335e-01	1.548335e-01
2.800000e+01	3.200000e+01	1.010726e+00	1.731921e-01	1.731921e-01
3.200000e+01	3.600000e+01	9.400775e-01	1.693557e-01	1.693557e-01
3.600000e+01	4.000000e+01	1.737602e+00	8.431224e-01	8.431224e-01
4.000000e+01	5.000000e+01	1.136197e+00	1.855067e-01	1.855067e-01
# END HISTO1D


# BEGIN HISTO1D //afs/cern.ch/user/m/mdessena/OtherSqrtS/CMSSW_11_2_4/src/Result_ecmPow/result_TOT_6.yoda/CMS_2015_PAS_FSQ_15_007/d01-x01-y01
LineColor=blue
LineStyle=dashed
Path=//afs/cern.ch/user/m/mdessena/OtherSqrtS/CMSSW_11_2_4/src/Result_ecmPow/result_TOT_6.yoda/CMS_2015_PAS_FSQ_15_007/d01-x01-y01
Title=result_TOT_6
# xlow	 xhigh	 val	 errminus	 errplus
5.000000e-01	1.000000e+00	1.524312e-02	5.270682e-05	5.270682e-05
1.000000e+00	1.500000e+00	7.833078e-02	1.861469e-04	1.861469e-04
1.500000e+00	2.000000e+00	1.932416e-01	4.376152e-04	4.376152e-04
2.000000e+00	2.500000e+00	3.358863e-01	7.734798e-04	7.734798e-04
2.500000e+00	3.000000e+00	4.703463e-01	1.201398e-03	1.201398e-03
3.000000e+00	3.500000e+00	5.747465e-01	1.751877e-03	1.751877e-03
3.500000e+00	4.000000e+00	6.415808e-01	2.438839e-03	2.438839e-03
4.000000e+00	4.500000e+00	6.792621e-01	3.267093e-03	3.267093e-03
4.500000e+00	5.000000e+00	6.998965e-01	4.220380e-03	4.220380e-03
5.000000e+00	6.000000e+00	7.170202e-01	4.214844e-03	4.214844e-03
6.000000e+00	7.000000e+00	7.381005e-01	6.410021e-03	6.410021e-03
7.000000e+00	8.000000e+00	7.202947e-01	8.610293e-03	8.610293e-03
8.000000e+00	1.000000e+01	7.484324e-01	9.836270e-03	9.836270e-03
1.000000e+01	1.200000e+01	7.436058e-01	1.558883e-02	1.558883e-02
1.200000e+01	1.600000e+01	7.745453e-01	2.071006e-02	2.071006e-02
1.600000e+01	2.000000e+01	8.493328e-01	4.396649e-02	4.396649e-02
2.000000e+01	2.400000e+01	7.265650e-01	4.703232e-02	4.703232e-02
2.400000e+01	2.800000e+01	9.166694e-01	1.804485e-01	1.804485e-01
2.800000e+01	3.200000e+01	7.736812e-01	1.155395e-01	1.155395e-01
3.200000e+01	3.600000e+01	1.292822e+00	4.890249e-01	4.890249e-01
3.600000e+01	4.000000e+01	5.191386e-01	1.361900e-01	1.361900e-01
4.000000e+01	5.000000e+01	1.067426e+00	2.986256e-01	2.986256e-01
# END HISTO1D


# BEGIN HISTO1D //afs/cern.ch/user/m/mdessena/OtherSqrtS/CMSSW_11_2_4/src/Result_ecmPow/result_TOT_7.yoda/CMS_2015_PAS_FSQ_15_007/d01-x01-y01
LineColor=green
LineStyle=dashed
Path=//afs/cern.ch/user/m/mdessena/OtherSqrtS/CMSSW_11_2_4/src/Result_ecmPow/result_TOT_7.yoda/CMS_2015_PAS_FSQ_15_007/d01-x01-y01
Title=result_TOT_7
# xlow	 xhigh	 val	 errminus	 errplus
5.000000e-01	1.000000e+00	1.517086e-02	5.253177e-05	5.253177e-05
1.000000e+00	1.500000e+00	7.754942e-02	1.839815e-04	1.839815e-04
1.500000e+00	2.000000e+00	1.886084e-01	4.265235e-04	4.265235e-04
2.000000e+00	2.500000e+00	3.215344e-01	7.454428e-04	7.454428e-04
2.500000e+00	3.000000e+00	4.454545e-01	1.156057e-03	1.156057e-03
3.000000e+00	3.500000e+00	5.398089e-01	1.693453e-03	1.693453e-03
3.500000e+00	4.000000e+00	6.021312e-01	2.362025e-03	2.362025e-03
4.000000e+00	4.500000e+00	6.441481e-01	3.171122e-03	3.171122e-03
4.500000e+00	5.000000e+00	6.680725e-01	4.145664e-03	4.145664e-03
5.000000e+00	6.000000e+00	6.704296e-01	4.072152e-03	4.072152e-03
6.000000e+00	7.000000e+00	6.782492e-01	6.084061e-03	6.084061e-03
7.000000e+00	8.000000e+00	6.958593e-01	8.766219e-03	8.766219e-03
8.000000e+00	1.000000e+01	6.992513e-01	9.291674e-03	9.291674e-03
1.000000e+01	1.200000e+01	7.545867e-01	1.632271e-02	1.632271e-02
1.200000e+01	1.600000e+01	7.577243e-01	1.937168e-02	1.937168e-02
1.600000e+01	2.000000e+01	7.628435e-01	3.742321e-02	3.742321e-02
2.000000e+01	2.400000e+01	8.707138e-01	7.736282e-02	7.736282e-02
2.400000e+01	2.800000e+01	5.997093e-01	6.105494e-02	6.105494e-02
2.800000e+01	3.200000e+01	6.395377e-01	1.146350e-01	1.146350e-01
3.200000e+01	3.600000e+01	9.654192e-01	2.427563e-01	2.427563e-01
3.600000e+01	4.000000e+01	4.714437e-01	1.480584e-01	1.480584e-01
4.000000e+01	5.000000e+01	5.134148e-01	2.294082e-01	2.294082e-01
# END HISTO1D

