# BEGIN PLOT
XTwosidedTicks=1
YTwosidedTicks=1
XMax=24
XLabelSep=4.4
RatioPlotReference=/CMS_2015_PAS_FSQ_15_007/d03-x01-y01
ConnectBins=0
RatioPlot=1
LogY=0
LegendXPos=0.40
XLabel=\large{$p_\text{T}^{\text{max}}$[GeV]}
YLabelSep=5.4
YLabel=\large{$(1/N_\text{events})\; dp_\text{T}^{\text{sum}}\,/d\eta\, d\phi$}
Title=\large{CMS, 13 TeV, MB, TransDIF charged $p_\text{T}^{\text{sum}}$ density}
DrawOnly=/CMS_2015_PAS_FSQ_15_007/d03-x01-y01 //afs/cern.ch/user/m/mdessena/OtherSqrtS/CMSSW_11_2_4/src/Result_ecmPow/result_TOT_0.yoda/CMS_2015_PAS_FSQ_15_007/d03-x01-y01 //afs/cern.ch/user/m/mdessena/OtherSqrtS/CMSSW_11_2_4/src/Result_ecmPow/result_TOT_1.yoda/CMS_2015_PAS_FSQ_15_007/d03-x01-y01 //afs/cern.ch/user/m/mdessena/OtherSqrtS/CMSSW_11_2_4/src/Result_ecmPow/result_TOT_2.yoda/CMS_2015_PAS_FSQ_15_007/d03-x01-y01 //afs/cern.ch/user/m/mdessena/OtherSqrtS/CMSSW_11_2_4/src/Result_ecmPow/result_TOT_3.yoda/CMS_2015_PAS_FSQ_15_007/d03-x01-y01 //afs/cern.ch/user/m/mdessena/OtherSqrtS/CMSSW_11_2_4/src/Result_ecmPow/result_TOT_4.yoda/CMS_2015_PAS_FSQ_15_007/d03-x01-y01 //afs/cern.ch/user/m/mdessena/OtherSqrtS/CMSSW_11_2_4/src/Result_ecmPow/result_TOT_5.yoda/CMS_2015_PAS_FSQ_15_007/d03-x01-y01 //afs/cern.ch/user/m/mdessena/OtherSqrtS/CMSSW_11_2_4/src/Result_ecmPow/result_TOT_6.yoda/CMS_2015_PAS_FSQ_15_007/d03-x01-y01 //afs/cern.ch/user/m/mdessena/OtherSqrtS/CMSSW_11_2_4/src/Result_ecmPow/result_TOT_7.yoda/CMS_2015_PAS_FSQ_15_007/d03-x01-y01
RatioPlotErrorBandColor=grey!40!yellow!60
LegendYPos=0.50
Legend=1
LegendOnly=/CMS_2015_PAS_FSQ_15_007/d03-x01-y01 //afs/cern.ch/user/m/mdessena/OtherSqrtS/CMSSW_11_2_4/src/Result_ecmPow/result_TOT_0.yoda/CMS_2015_PAS_FSQ_15_007/d03-x01-y01 //afs/cern.ch/user/m/mdessena/OtherSqrtS/CMSSW_11_2_4/src/Result_ecmPow/result_TOT_1.yoda/CMS_2015_PAS_FSQ_15_007/d03-x01-y01 //afs/cern.ch/user/m/mdessena/OtherSqrtS/CMSSW_11_2_4/src/Result_ecmPow/result_TOT_2.yoda/CMS_2015_PAS_FSQ_15_007/d03-x01-y01 //afs/cern.ch/user/m/mdessena/OtherSqrtS/CMSSW_11_2_4/src/Result_ecmPow/result_TOT_3.yoda/CMS_2015_PAS_FSQ_15_007/d03-x01-y01 //afs/cern.ch/user/m/mdessena/OtherSqrtS/CMSSW_11_2_4/src/Result_ecmPow/result_TOT_4.yoda/CMS_2015_PAS_FSQ_15_007/d03-x01-y01 //afs/cern.ch/user/m/mdessena/OtherSqrtS/CMSSW_11_2_4/src/Result_ecmPow/result_TOT_5.yoda/CMS_2015_PAS_FSQ_15_007/d03-x01-y01 //afs/cern.ch/user/m/mdessena/OtherSqrtS/CMSSW_11_2_4/src/Result_ecmPow/result_TOT_6.yoda/CMS_2015_PAS_FSQ_15_007/d03-x01-y01 //afs/cern.ch/user/m/mdessena/OtherSqrtS/CMSSW_11_2_4/src/Result_ecmPow/result_TOT_7.yoda/CMS_2015_PAS_FSQ_15_007/d03-x01-y01
# END PLOT

# BEGIN HISTO1D /CMS_2015_PAS_FSQ_15_007/d03-x01-y01
ConnectBins=0
ErrorBars=1
Path=/CMS_2015_PAS_FSQ_15_007/d03-x01-y01
PolyMarker=*
Title=Data
# xlow	 xhigh	 val	 errminus	 errplus
5.000000e-01	1.000000e+00	5.906501e-02	2.790340e-04	2.790340e-04
1.000000e+00	1.500000e+00	1.705802e-01	4.058386e-03	4.058386e-03
1.500000e+00	2.000000e+00	2.983050e-01	5.727535e-03	5.727535e-03
2.000000e+00	2.500000e+00	4.133652e-01	7.708834e-03	7.708834e-03
2.500000e+00	3.000000e+00	5.092931e-01	5.359362e-03	5.359362e-03
3.000000e+00	3.500000e+00	5.809705e-01	4.200646e-03	4.200646e-03
3.500000e+00	4.000000e+00	6.375897e-01	2.425665e-03	2.425665e-03
4.000000e+00	4.500000e+00	6.941051e-01	4.138942e-03	4.138942e-03
4.500000e+00	5.000000e+00	7.273000e-01	6.482692e-03	6.482692e-03
5.000000e+00	6.000000e+00	7.619986e-01	1.318231e-02	1.318231e-02
6.000000e+00	7.000000e+00	8.090667e-01	5.051820e-03	5.051820e-03
7.000000e+00	8.000000e+00	8.508746e-01	7.120133e-03	7.120133e-03
8.000000e+00	1.000000e+01	8.983699e-01	1.003109e-02	1.003109e-02
1.000000e+01	1.200000e+01	9.661892e-01	1.251068e-02	1.251068e-02
1.200000e+01	1.600000e+01	9.662331e-01	2.165847e-02	2.165847e-02
1.600000e+01	2.000000e+01	1.053670e+00	2.901027e-02	2.901027e-02
2.000000e+01	2.400000e+01	1.153402e+00	6.784806e-02	6.784806e-02
2.400000e+01	2.800000e+01	1.305058e+00	1.536979e-01	1.536979e-01
2.800000e+01	3.200000e+01	1.797134e+00	2.164775e-01	2.164775e-01
3.200000e+01	3.600000e+01	1.965634e+00	5.693099e-01	5.693099e-01
3.600000e+01	4.000000e+01	1.326769e+00	5.964774e-01	5.964774e-01
4.000000e+01	5.000000e+01	2.850896e-01	7.255272e-01	7.255272e-01
# END HISTO1D


# BEGIN HISTO1D //afs/cern.ch/user/m/mdessena/OtherSqrtS/CMSSW_11_2_4/src/Result_ecmPow/result_TOT_0.yoda/CMS_2015_PAS_FSQ_15_007/d03-x01-y01
LineColor=red
LineStyle=solid
Path=//afs/cern.ch/user/m/mdessena/OtherSqrtS/CMSSW_11_2_4/src/Result_ecmPow/result_TOT_0.yoda/CMS_2015_PAS_FSQ_15_007/d03-x01-y01
Title=result_TOT_0
# xlow	 xhigh	 val	 errminus	 errplus
5.000000e-01	1.000000e+00	6.511753e-02	1.032778e-04	1.032778e-04
1.000000e+00	1.500000e+00	1.699645e-01	2.566621e-04	2.566621e-04
1.500000e+00	2.000000e+00	2.899655e-01	5.096636e-04	5.096636e-04
2.000000e+00	2.500000e+00	4.069294e-01	8.181363e-04	8.181363e-04
2.500000e+00	3.000000e+00	5.075468e-01	1.209937e-03	1.209937e-03
3.000000e+00	3.500000e+00	5.807726e-01	1.700782e-03	1.700782e-03
3.500000e+00	4.000000e+00	6.335178e-01	2.346901e-03	2.346901e-03
4.000000e+00	4.500000e+00	6.657121e-01	3.146082e-03	3.146082e-03
4.500000e+00	5.000000e+00	6.910844e-01	4.165550e-03	4.165550e-03
5.000000e+00	6.000000e+00	7.177928e-01	4.151855e-03	4.151855e-03
6.000000e+00	7.000000e+00	7.357977e-01	6.374367e-03	6.374367e-03
7.000000e+00	8.000000e+00	7.562937e-01	9.308274e-03	9.308274e-03
8.000000e+00	1.000000e+01	7.886321e-01	1.051919e-02	1.051919e-02
1.000000e+01	1.200000e+01	8.387529e-01	1.896064e-02	1.896064e-02
1.200000e+01	1.600000e+01	8.840700e-01	2.712023e-02	2.712023e-02
1.600000e+01	2.000000e+01	9.600977e-01	5.192573e-02	5.192573e-02
2.000000e+01	2.400000e+01	9.222421e-01	1.052060e-01	1.052060e-01
2.400000e+01	2.800000e+01	7.079214e-01	8.936185e-02	8.936185e-02
2.800000e+01	3.200000e+01	1.138796e+00	1.794713e-01	1.794713e-01
3.200000e+01	3.600000e+01	1.424511e+00	4.263428e-01	4.263428e-01
3.600000e+01	4.000000e+01	1.040826e+00	2.465295e-01	2.465295e-01
4.000000e+01	5.000000e+01	1.433575e+00	3.362197e-01	3.362197e-01
# END HISTO1D


# BEGIN HISTO1D //afs/cern.ch/user/m/mdessena/OtherSqrtS/CMSSW_11_2_4/src/Result_ecmPow/result_TOT_1.yoda/CMS_2015_PAS_FSQ_15_007/d03-x01-y01
LineColor=blue
LineStyle=solid
Path=//afs/cern.ch/user/m/mdessena/OtherSqrtS/CMSSW_11_2_4/src/Result_ecmPow/result_TOT_1.yoda/CMS_2015_PAS_FSQ_15_007/d03-x01-y01
Title=result_TOT_1
# xlow	 xhigh	 val	 errminus	 errplus
5.000000e-01	1.000000e+00	6.425466e-02	1.016726e-04	1.016726e-04
1.000000e+00	1.500000e+00	1.699315e-01	2.604500e-04	2.604500e-04
1.500000e+00	2.000000e+00	2.942857e-01	5.277893e-04	5.277893e-04
2.000000e+00	2.500000e+00	4.179263e-01	8.488974e-04	8.488974e-04
2.500000e+00	3.000000e+00	5.266859e-01	1.247257e-03	1.247257e-03
3.000000e+00	3.500000e+00	6.110743e-01	1.758356e-03	1.758356e-03
3.500000e+00	4.000000e+00	6.622247e-01	2.375770e-03	2.375770e-03
4.000000e+00	4.500000e+00	6.987396e-01	3.212317e-03	3.212317e-03
4.500000e+00	5.000000e+00	7.269988e-01	4.218988e-03	4.218988e-03
5.000000e+00	6.000000e+00	7.373229e-01	4.243223e-03	4.243223e-03
6.000000e+00	7.000000e+00	7.693752e-01	6.540903e-03	6.540903e-03
7.000000e+00	8.000000e+00	7.829664e-01	9.577325e-03	9.577325e-03
8.000000e+00	1.000000e+01	8.259858e-01	1.072570e-02	1.072570e-02
1.000000e+01	1.200000e+01	8.518128e-01	1.861009e-02	1.861009e-02
1.200000e+01	1.600000e+01	9.427640e-01	2.719178e-02	2.719178e-02
1.600000e+01	2.000000e+01	9.929771e-01	4.895147e-02	4.895147e-02
2.000000e+01	2.400000e+01	1.145828e+00	1.189456e-01	1.189456e-01
2.400000e+01	2.800000e+01	1.290994e+00	1.814049e-01	1.814049e-01
2.800000e+01	3.200000e+01	1.617817e+00	3.279398e-01	3.279398e-01
3.200000e+01	3.600000e+01	5.171634e-01	1.180084e-01	1.180084e-01
3.600000e+01	4.000000e+01	1.110726e+00	2.380797e-01	2.380797e-01
4.000000e+01	5.000000e+01	8.619261e-01	2.810903e-01	2.810903e-01
# END HISTO1D


# BEGIN HISTO1D //afs/cern.ch/user/m/mdessena/OtherSqrtS/CMSSW_11_2_4/src/Result_ecmPow/result_TOT_2.yoda/CMS_2015_PAS_FSQ_15_007/d03-x01-y01
LineColor=green
LineStyle=solid
Path=//afs/cern.ch/user/m/mdessena/OtherSqrtS/CMSSW_11_2_4/src/Result_ecmPow/result_TOT_2.yoda/CMS_2015_PAS_FSQ_15_007/d03-x01-y01
Title=result_TOT_2
# xlow	 xhigh	 val	 errminus	 errplus
5.000000e-01	1.000000e+00	6.480425e-02	1.025472e-04	1.025472e-04
1.000000e+00	1.500000e+00	1.700672e-01	2.586138e-04	2.586138e-04
1.500000e+00	2.000000e+00	2.904144e-01	5.145118e-04	5.145118e-04
2.000000e+00	2.500000e+00	4.107860e-01	8.284578e-04	8.284578e-04
2.500000e+00	3.000000e+00	5.154031e-01	1.223067e-03	1.223067e-03
3.000000e+00	3.500000e+00	5.907975e-01	1.723878e-03	1.723878e-03
3.500000e+00	4.000000e+00	6.440631e-01	2.367915e-03	2.367915e-03
4.000000e+00	4.500000e+00	6.765654e-01	3.180847e-03	3.180847e-03
4.500000e+00	5.000000e+00	7.011491e-01	4.175588e-03	4.175588e-03
5.000000e+00	6.000000e+00	7.255078e-01	4.164394e-03	4.164394e-03
6.000000e+00	7.000000e+00	7.410762e-01	6.437175e-03	6.437175e-03
7.000000e+00	8.000000e+00	7.577929e-01	9.152674e-03	9.152674e-03
8.000000e+00	1.000000e+01	8.029121e-01	1.035018e-02	1.035018e-02
1.000000e+01	1.200000e+01	8.372308e-01	1.893577e-02	1.893577e-02
1.200000e+01	1.600000e+01	8.705632e-01	2.533626e-02	2.533626e-02
1.600000e+01	2.000000e+01	9.898837e-01	5.092872e-02	5.092872e-02
2.000000e+01	2.400000e+01	9.708378e-01	8.718593e-02	8.718593e-02
2.400000e+01	2.800000e+01	1.052519e+00	1.666360e-01	1.666360e-01
2.800000e+01	3.200000e+01	1.036440e+00	1.694764e-01	1.694764e-01
3.200000e+01	3.600000e+01	8.318929e-01	1.903677e-01	1.903677e-01
3.600000e+01	4.000000e+01	5.331905e-01	1.315984e-01	1.315984e-01
4.000000e+01	5.000000e+01	1.820139e+00	6.627128e-01	6.627128e-01
# END HISTO1D


# BEGIN HISTO1D //afs/cern.ch/user/m/mdessena/OtherSqrtS/CMSSW_11_2_4/src/Result_ecmPow/result_TOT_3.yoda/CMS_2015_PAS_FSQ_15_007/d03-x01-y01
LineColor=orange
LineStyle=solid
Path=//afs/cern.ch/user/m/mdessena/OtherSqrtS/CMSSW_11_2_4/src/Result_ecmPow/result_TOT_3.yoda/CMS_2015_PAS_FSQ_15_007/d03-x01-y01
Title=result_TOT_3
# xlow	 xhigh	 val	 errminus	 errplus
5.000000e-01	1.000000e+00	6.539917e-02	1.043152e-04	1.043152e-04
1.000000e+00	1.500000e+00	1.702546e-01	2.540379e-04	2.540379e-04
1.500000e+00	2.000000e+00	2.861009e-01	4.942323e-04	4.942323e-04
2.000000e+00	2.500000e+00	3.932822e-01	7.866897e-04	7.866897e-04
2.500000e+00	3.000000e+00	4.859146e-01	1.167057e-03	1.167057e-03
3.000000e+00	3.500000e+00	5.534936e-01	1.671495e-03	1.671495e-03
3.500000e+00	4.000000e+00	5.998434e-01	2.286605e-03	2.286605e-03
4.000000e+00	4.500000e+00	6.324081e-01	3.087107e-03	3.087107e-03
4.500000e+00	5.000000e+00	6.514811e-01	4.044392e-03	4.044392e-03
5.000000e+00	6.000000e+00	6.741546e-01	4.091555e-03	4.091555e-03
6.000000e+00	7.000000e+00	7.017188e-01	6.174044e-03	6.174044e-03
7.000000e+00	8.000000e+00	7.284407e-01	9.105845e-03	9.105845e-03
8.000000e+00	1.000000e+01	7.494214e-01	1.032696e-02	1.032696e-02
1.000000e+01	1.200000e+01	8.123321e-01	1.985508e-02	1.985508e-02
1.200000e+01	1.600000e+01	8.332286e-01	2.344031e-02	2.344031e-02
1.600000e+01	2.000000e+01	9.332559e-01	5.303629e-02	5.303629e-02
2.000000e+01	2.400000e+01	1.131438e+00	1.292091e-01	1.292091e-01
2.400000e+01	2.800000e+01	1.186917e+00	2.608822e-01	2.608822e-01
2.800000e+01	3.200000e+01	1.253945e+00	2.891212e-01	2.891212e-01
3.200000e+01	3.600000e+01	8.940714e-01	1.834694e-01	1.834694e-01
3.600000e+01	4.000000e+01	8.497067e-01	3.119533e-01	3.119533e-01
4.000000e+01	5.000000e+01	8.611657e-01	2.414276e-01	2.414276e-01
# END HISTO1D


# BEGIN HISTO1D //afs/cern.ch/user/m/mdessena/OtherSqrtS/CMSSW_11_2_4/src/Result_ecmPow/result_TOT_4.yoda/CMS_2015_PAS_FSQ_15_007/d03-x01-y01
LineColor=lilac
LineStyle=solid
Path=//afs/cern.ch/user/m/mdessena/OtherSqrtS/CMSSW_11_2_4/src/Result_ecmPow/result_TOT_4.yoda/CMS_2015_PAS_FSQ_15_007/d03-x01-y01
Title=result_TOT_4
# xlow	 xhigh	 val	 errminus	 errplus
5.000000e-01	1.000000e+00	6.359860e-02	1.005016e-04	1.005016e-04
1.000000e+00	1.500000e+00	1.698133e-01	2.661345e-04	2.661345e-04
1.500000e+00	2.000000e+00	2.981653e-01	5.451344e-04	5.451344e-04
2.000000e+00	2.500000e+00	4.298499e-01	8.798659e-04	8.798659e-04
2.500000e+00	3.000000e+00	5.448896e-01	1.278062e-03	1.278062e-03
3.000000e+00	3.500000e+00	6.341954e-01	1.795720e-03	1.795720e-03
3.500000e+00	4.000000e+00	6.947291e-01	2.458906e-03	2.458906e-03
4.000000e+00	4.500000e+00	7.312532e-01	3.258610e-03	3.258610e-03
4.500000e+00	5.000000e+00	7.562614e-01	4.274475e-03	4.274475e-03
5.000000e+00	6.000000e+00	7.780457e-01	4.334965e-03	4.334965e-03
6.000000e+00	7.000000e+00	7.946472e-01	6.701358e-03	6.701358e-03
7.000000e+00	8.000000e+00	8.036173e-01	9.364167e-03	9.364167e-03
8.000000e+00	1.000000e+01	8.353704e-01	1.094697e-02	1.094697e-02
1.000000e+01	1.200000e+01	8.838672e-01	1.952386e-02	1.952386e-02
1.200000e+01	1.600000e+01	9.685885e-01	2.699186e-02	2.699186e-02
1.600000e+01	2.000000e+01	1.005803e+00	5.419119e-02	5.419119e-02
2.000000e+01	2.400000e+01	1.112794e+00	1.058295e-01	1.058295e-01
2.400000e+01	2.800000e+01	1.221277e+00	1.986970e-01	1.986970e-01
2.800000e+01	3.200000e+01	1.114449e+00	1.627545e-01	1.627545e-01
3.200000e+01	3.600000e+01	7.333547e-01	1.800887e-01	1.800887e-01
3.600000e+01	4.000000e+01	8.474449e-01	3.021195e-01	3.021195e-01
4.000000e+01	5.000000e+01	1.066431e+00	4.064081e-01	4.064081e-01
# END HISTO1D


# BEGIN HISTO1D //afs/cern.ch/user/m/mdessena/OtherSqrtS/CMSSW_11_2_4/src/Result_ecmPow/result_TOT_5.yoda/CMS_2015_PAS_FSQ_15_007/d03-x01-y01
LineColor=red
LineStyle=dashed
Path=//afs/cern.ch/user/m/mdessena/OtherSqrtS/CMSSW_11_2_4/src/Result_ecmPow/result_TOT_5.yoda/CMS_2015_PAS_FSQ_15_007/d03-x01-y01
Title=result_TOT_5
# xlow	 xhigh	 val	 errminus	 errplus
5.000000e-01	1.000000e+00	6.353740e-02	1.006817e-04	1.006817e-04
1.000000e+00	1.500000e+00	1.702261e-01	2.644811e-04	2.644811e-04
1.500000e+00	2.000000e+00	2.954715e-01	5.343547e-04	5.343547e-04
2.000000e+00	2.500000e+00	4.233315e-01	8.619045e-04	8.619045e-04
2.500000e+00	3.000000e+00	5.391203e-01	1.263200e-03	1.263200e-03
3.000000e+00	3.500000e+00	6.222279e-01	1.777664e-03	1.777664e-03
3.500000e+00	4.000000e+00	6.802900e-01	2.427689e-03	2.427689e-03
4.000000e+00	4.500000e+00	7.185637e-01	3.264463e-03	3.264463e-03
4.500000e+00	5.000000e+00	7.384319e-01	4.215028e-03	4.215028e-03
5.000000e+00	6.000000e+00	7.691617e-01	4.302944e-03	4.302944e-03
6.000000e+00	7.000000e+00	7.917010e-01	6.631794e-03	6.631794e-03
7.000000e+00	8.000000e+00	8.097267e-01	9.674299e-03	9.674299e-03
8.000000e+00	1.000000e+01	8.195252e-01	1.040402e-02	1.040402e-02
1.000000e+01	1.200000e+01	8.907035e-01	1.857592e-02	1.857592e-02
1.200000e+01	1.600000e+01	9.172584e-01	2.460505e-02	2.460505e-02
1.600000e+01	2.000000e+01	1.085235e+00	7.024284e-02	7.024284e-02
2.000000e+01	2.400000e+01	9.499628e-01	8.350949e-02	8.350949e-02
2.400000e+01	2.800000e+01	1.265482e+00	1.622005e-01	1.622005e-01
2.800000e+01	3.200000e+01	1.278025e+00	3.019296e-01	3.019296e-01
3.200000e+01	3.600000e+01	2.136837e+00	7.688411e-01	7.688411e-01
3.600000e+01	4.000000e+01	1.413947e+00	2.762563e-01	2.762563e-01
4.000000e+01	5.000000e+01	1.718462e+00	7.044995e-01	7.044995e-01
# END HISTO1D


# BEGIN HISTO1D //afs/cern.ch/user/m/mdessena/OtherSqrtS/CMSSW_11_2_4/src/Result_ecmPow/result_TOT_6.yoda/CMS_2015_PAS_FSQ_15_007/d03-x01-y01
LineColor=blue
LineStyle=dashed
Path=//afs/cern.ch/user/m/mdessena/OtherSqrtS/CMSSW_11_2_4/src/Result_ecmPow/result_TOT_6.yoda/CMS_2015_PAS_FSQ_15_007/d03-x01-y01
Title=result_TOT_6
# xlow	 xhigh	 val	 errminus	 errplus
5.000000e-01	1.000000e+00	6.528629e-02	1.037633e-04	1.037633e-04
1.000000e+00	1.500000e+00	1.703239e-01	2.552367e-04	2.552367e-04
1.500000e+00	2.000000e+00	2.868992e-01	5.015205e-04	5.015205e-04
2.000000e+00	2.500000e+00	4.021153e-01	8.062026e-04	8.062026e-04
2.500000e+00	3.000000e+00	4.982092e-01	1.189270e-03	1.189270e-03
3.000000e+00	3.500000e+00	5.671655e-01	1.673959e-03	1.673959e-03
3.500000e+00	4.000000e+00	6.165847e-01	2.326190e-03	2.326190e-03
4.000000e+00	4.500000e+00	6.545372e-01	3.144713e-03	3.144713e-03
4.500000e+00	5.000000e+00	6.792049e-01	4.117998e-03	4.117998e-03
5.000000e+00	6.000000e+00	6.940942e-01	4.162199e-03	4.162199e-03
6.000000e+00	7.000000e+00	7.047490e-01	6.213071e-03	6.213071e-03
7.000000e+00	8.000000e+00	7.248898e-01	9.113825e-03	9.113825e-03
8.000000e+00	1.000000e+01	7.582580e-01	1.054260e-02	1.054260e-02
1.000000e+01	1.200000e+01	8.241909e-01	1.836153e-02	1.836153e-02
1.200000e+01	1.600000e+01	8.549304e-01	2.374001e-02	2.374001e-02
1.600000e+01	2.000000e+01	9.664204e-01	4.961907e-02	4.961907e-02
2.000000e+01	2.400000e+01	1.087212e+00	7.987747e-02	7.987747e-02
2.400000e+01	2.800000e+01	1.242092e+00	1.848523e-01	1.848523e-01
2.800000e+01	3.200000e+01	1.197366e+00	2.334429e-01	2.334429e-01
3.200000e+01	3.600000e+01	5.554533e-01	1.914874e-01	1.914874e-01
3.600000e+01	4.000000e+01	1.062789e+00	3.324345e-01	3.324345e-01
4.000000e+01	5.000000e+01	1.260058e+00	3.124486e-01	3.124486e-01
# END HISTO1D


# BEGIN HISTO1D //afs/cern.ch/user/m/mdessena/OtherSqrtS/CMSSW_11_2_4/src/Result_ecmPow/result_TOT_7.yoda/CMS_2015_PAS_FSQ_15_007/d03-x01-y01
LineColor=green
LineStyle=dashed
Path=//afs/cern.ch/user/m/mdessena/OtherSqrtS/CMSSW_11_2_4/src/Result_ecmPow/result_TOT_7.yoda/CMS_2015_PAS_FSQ_15_007/d03-x01-y01
Title=result_TOT_7
# xlow	 xhigh	 val	 errminus	 errplus
5.000000e-01	1.000000e+00	6.536239e-02	1.041088e-04	1.041088e-04
1.000000e+00	1.500000e+00	1.700871e-01	2.539973e-04	2.539973e-04
1.500000e+00	2.000000e+00	2.858264e-01	4.938373e-04	4.938373e-04
2.000000e+00	2.500000e+00	3.946640e-01	7.930966e-04	7.930966e-04
2.500000e+00	3.000000e+00	4.869315e-01	1.169394e-03	1.169394e-03
3.000000e+00	3.500000e+00	5.550191e-01	1.666441e-03	1.666441e-03
3.500000e+00	4.000000e+00	6.010421e-01	2.289070e-03	2.289070e-03
4.000000e+00	4.500000e+00	6.375175e-01	3.134581e-03	3.134581e-03
4.500000e+00	5.000000e+00	6.519081e-01	4.053024e-03	4.053024e-03
5.000000e+00	6.000000e+00	6.739742e-01	4.057549e-03	4.057549e-03
6.000000e+00	7.000000e+00	6.986283e-01	6.238118e-03	6.238118e-03
7.000000e+00	8.000000e+00	7.219155e-01	9.342138e-03	9.342138e-03
8.000000e+00	1.000000e+01	7.559376e-01	1.047148e-02	1.047148e-02
1.000000e+01	1.200000e+01	8.014451e-01	1.805050e-02	1.805050e-02
1.200000e+01	1.600000e+01	9.028345e-01	2.604814e-02	2.604814e-02
1.600000e+01	2.000000e+01	8.820845e-01	5.115976e-02	5.115976e-02
2.000000e+01	2.400000e+01	1.061382e+00	1.109764e-01	1.109764e-01
2.400000e+01	2.800000e+01	1.255372e+00	1.563962e-01	1.563962e-01
2.800000e+01	3.200000e+01	1.423487e+00	2.758005e-01	2.758005e-01
3.200000e+01	3.600000e+01	1.295420e+00	5.291660e-01	5.291660e-01
3.600000e+01	4.000000e+01	1.343335e+00	5.792402e-01	5.792402e-01
4.000000e+01	5.000000e+01	1.041558e+00	3.699697e-01	3.699697e-01
# END HISTO1D

