# BEGIN PLOT
XTwosidedTicks=1
YTwosidedTicks=1
XMax=24
XLabelSep=4.4
RatioPlotReference=/CMS_2015_PAS_FSQ_15_007/d04-x01-y01
ConnectBins=0
RatioPlot=1
LogY=0
LegendXPos=0.40
XLabel=\large{$p_\text{T}^{\text{max}}$[GeV]}
YLabelSep=5.4
YLabel=\large{$(1/N_\text{events})\; dp_\text{T}^{\text{sum}}\,/d\eta\, d\phi$}
Title=\large{CMS, 13 TeV, MB, TransAVG charged $p_\text{T}^{\text{sum}}$ density}
DrawOnly=/CMS_2015_PAS_FSQ_15_007/d04-x01-y01 //afs/cern.ch/user/m/mdessena/OtherSqrtS/CMSSW_11_2_4/src/Result_ecmPow/result_TOT_0.yoda/CMS_2015_PAS_FSQ_15_007/d04-x01-y01 //afs/cern.ch/user/m/mdessena/OtherSqrtS/CMSSW_11_2_4/src/Result_ecmPow/result_TOT_1.yoda/CMS_2015_PAS_FSQ_15_007/d04-x01-y01 //afs/cern.ch/user/m/mdessena/OtherSqrtS/CMSSW_11_2_4/src/Result_ecmPow/result_TOT_2.yoda/CMS_2015_PAS_FSQ_15_007/d04-x01-y01 //afs/cern.ch/user/m/mdessena/OtherSqrtS/CMSSW_11_2_4/src/Result_ecmPow/result_TOT_3.yoda/CMS_2015_PAS_FSQ_15_007/d04-x01-y01 //afs/cern.ch/user/m/mdessena/OtherSqrtS/CMSSW_11_2_4/src/Result_ecmPow/result_TOT_4.yoda/CMS_2015_PAS_FSQ_15_007/d04-x01-y01 //afs/cern.ch/user/m/mdessena/OtherSqrtS/CMSSW_11_2_4/src/Result_ecmPow/result_TOT_5.yoda/CMS_2015_PAS_FSQ_15_007/d04-x01-y01 //afs/cern.ch/user/m/mdessena/OtherSqrtS/CMSSW_11_2_4/src/Result_ecmPow/result_TOT_6.yoda/CMS_2015_PAS_FSQ_15_007/d04-x01-y01 //afs/cern.ch/user/m/mdessena/OtherSqrtS/CMSSW_11_2_4/src/Result_ecmPow/result_TOT_7.yoda/CMS_2015_PAS_FSQ_15_007/d04-x01-y01
RatioPlotErrorBandColor=grey!40!yellow!60
LegendYPos=0.50
Legend=1
LegendOnly=/CMS_2015_PAS_FSQ_15_007/d04-x01-y01 //afs/cern.ch/user/m/mdessena/OtherSqrtS/CMSSW_11_2_4/src/Result_ecmPow/result_TOT_0.yoda/CMS_2015_PAS_FSQ_15_007/d04-x01-y01 //afs/cern.ch/user/m/mdessena/OtherSqrtS/CMSSW_11_2_4/src/Result_ecmPow/result_TOT_1.yoda/CMS_2015_PAS_FSQ_15_007/d04-x01-y01 //afs/cern.ch/user/m/mdessena/OtherSqrtS/CMSSW_11_2_4/src/Result_ecmPow/result_TOT_2.yoda/CMS_2015_PAS_FSQ_15_007/d04-x01-y01 //afs/cern.ch/user/m/mdessena/OtherSqrtS/CMSSW_11_2_4/src/Result_ecmPow/result_TOT_3.yoda/CMS_2015_PAS_FSQ_15_007/d04-x01-y01 //afs/cern.ch/user/m/mdessena/OtherSqrtS/CMSSW_11_2_4/src/Result_ecmPow/result_TOT_4.yoda/CMS_2015_PAS_FSQ_15_007/d04-x01-y01 //afs/cern.ch/user/m/mdessena/OtherSqrtS/CMSSW_11_2_4/src/Result_ecmPow/result_TOT_5.yoda/CMS_2015_PAS_FSQ_15_007/d04-x01-y01 //afs/cern.ch/user/m/mdessena/OtherSqrtS/CMSSW_11_2_4/src/Result_ecmPow/result_TOT_6.yoda/CMS_2015_PAS_FSQ_15_007/d04-x01-y01 //afs/cern.ch/user/m/mdessena/OtherSqrtS/CMSSW_11_2_4/src/Result_ecmPow/result_TOT_7.yoda/CMS_2015_PAS_FSQ_15_007/d04-x01-y01
# END PLOT

# BEGIN HISTO1D /CMS_2015_PAS_FSQ_15_007/d04-x01-y01
ConnectBins=0
ErrorBars=1
Path=/CMS_2015_PAS_FSQ_15_007/d04-x01-y01
PolyMarker=*
Title=Data
# xlow	 xhigh	 val	 errminus	 errplus
5.000000e-01	1.000000e+00	4.621247e-02	1.395170e-04	1.395170e-04
1.000000e+00	1.500000e+00	1.661421e-01	3.022367e-03	3.022367e-03
1.500000e+00	2.000000e+00	3.619876e-01	6.856570e-03	6.856570e-03
2.000000e+00	2.500000e+00	5.735683e-01	1.262014e-02	1.262014e-02
2.500000e+00	3.000000e+00	7.679438e-01	6.953553e-03	6.953553e-03
3.000000e+00	3.500000e+00	9.246076e-01	4.547747e-03	4.547747e-03
3.500000e+00	4.000000e+00	1.038086e+00	1.396255e-02	1.396255e-02
4.000000e+00	4.500000e+00	1.141484e+00	2.603447e-02	2.603447e-02
4.500000e+00	5.000000e+00	1.208800e+00	3.641579e-02	3.641579e-02
5.000000e+00	6.000000e+00	1.277542e+00	4.388362e-02	4.388362e-02
6.000000e+00	7.000000e+00	1.346280e+00	1.920738e-02	1.920738e-02
7.000000e+00	8.000000e+00	1.385178e+00	2.121872e-02	2.121872e-02
8.000000e+00	1.000000e+01	1.410001e+00	2.362691e-02	2.362691e-02
1.000000e+01	1.200000e+01	1.446983e+00	2.493577e-02	2.493577e-02
1.200000e+01	1.600000e+01	1.469117e+00	3.331409e-02	3.331409e-02
1.600000e+01	2.000000e+01	1.554969e+00	3.853897e-02	3.853897e-02
2.000000e+01	2.400000e+01	1.487938e+00	7.545611e-02	7.545611e-02
2.400000e+01	2.800000e+01	1.854191e+00	1.577504e-01	1.577504e-01
2.800000e+01	3.200000e+01	1.653630e+00	2.563423e-01	2.563423e-01
3.200000e+01	3.600000e+01	1.487790e+00	2.490471e-01	2.490471e-01
3.600000e+01	4.000000e+01	1.149671e+00	2.466902e-01	2.466902e-01
4.000000e+01	5.000000e+01	1.549023e+00	5.017801e-01	5.017801e-01
# END HISTO1D


# BEGIN HISTO1D //afs/cern.ch/user/m/mdessena/OtherSqrtS/CMSSW_11_2_4/src/Result_ecmPow/result_TOT_0.yoda/CMS_2015_PAS_FSQ_15_007/d04-x01-y01
LineColor=red
LineStyle=solid
Path=//afs/cern.ch/user/m/mdessena/OtherSqrtS/CMSSW_11_2_4/src/Result_ecmPow/result_TOT_0.yoda/CMS_2015_PAS_FSQ_15_007/d04-x01-y01
Title=result_TOT_0
# xlow	 xhigh	 val	 errminus	 errplus
5.000000e-01	1.000000e+00	4.780299e-02	7.737196e-05	7.737196e-05
1.000000e+00	1.500000e+00	1.631896e-01	2.394336e-04	2.394336e-04
1.500000e+00	2.000000e+00	3.424021e-01	5.480598e-04	5.480598e-04
2.000000e+00	2.500000e+00	5.510002e-01	9.525819e-04	9.525819e-04
2.500000e+00	3.000000e+00	7.457466e-01	1.461959e-03	1.461959e-03
3.000000e+00	3.500000e+00	8.952975e-01	2.110770e-03	2.110770e-03
3.500000e+00	4.000000e+00	9.950635e-01	2.916265e-03	2.916265e-03
4.000000e+00	4.500000e+00	1.054003e+00	3.933443e-03	3.933443e-03
4.500000e+00	5.000000e+00	1.091615e+00	5.171201e-03	5.171201e-03
5.000000e+00	6.000000e+00	1.112503e+00	5.101814e-03	5.101814e-03
6.000000e+00	7.000000e+00	1.149345e+00	7.830358e-03	7.830358e-03
7.000000e+00	8.000000e+00	1.153732e+00	1.104953e-02	1.104953e-02
8.000000e+00	1.000000e+01	1.190420e+00	1.264623e-02	1.264623e-02
1.000000e+01	1.200000e+01	1.228776e+00	2.150689e-02	2.150689e-02
1.200000e+01	1.600000e+01	1.261968e+00	2.581249e-02	2.581249e-02
1.600000e+01	2.000000e+01	1.306861e+00	5.054292e-02	5.054292e-02
2.000000e+01	2.400000e+01	1.302196e+00	9.204723e-02	9.204723e-02
2.400000e+01	2.800000e+01	1.288876e+00	1.151317e-01	1.151317e-01
2.800000e+01	3.200000e+01	1.379795e+00	1.785177e-01	1.785177e-01
3.200000e+01	3.600000e+01	1.716362e+00	3.606493e-01	3.606493e-01
3.600000e+01	4.000000e+01	1.090738e+00	2.276425e-01	2.276425e-01
4.000000e+01	5.000000e+01	2.314296e+00	5.666384e-01	5.666384e-01
# END HISTO1D


# BEGIN HISTO1D //afs/cern.ch/user/m/mdessena/OtherSqrtS/CMSSW_11_2_4/src/Result_ecmPow/result_TOT_1.yoda/CMS_2015_PAS_FSQ_15_007/d04-x01-y01
LineColor=blue
LineStyle=solid
Path=//afs/cern.ch/user/m/mdessena/OtherSqrtS/CMSSW_11_2_4/src/Result_ecmPow/result_TOT_1.yoda/CMS_2015_PAS_FSQ_15_007/d04-x01-y01
Title=result_TOT_1
# xlow	 xhigh	 val	 errminus	 errplus
5.000000e-01	1.000000e+00	4.705095e-02	7.603629e-05	7.603629e-05
1.000000e+00	1.500000e+00	1.646593e-01	2.466468e-04	2.466468e-04
1.500000e+00	2.000000e+00	3.541669e-01	5.777709e-04	5.777709e-04
2.000000e+00	2.500000e+00	5.824803e-01	1.012990e-03	1.012990e-03
2.500000e+00	3.000000e+00	8.024348e-01	1.545941e-03	1.545941e-03
3.000000e+00	3.500000e+00	9.748768e-01	2.215647e-03	2.215647e-03
3.500000e+00	4.000000e+00	1.084614e+00	3.054731e-03	3.054731e-03
4.000000e+00	4.500000e+00	1.157285e+00	4.145792e-03	4.145792e-03
4.500000e+00	5.000000e+00	1.197703e+00	5.378888e-03	5.378888e-03
5.000000e+00	6.000000e+00	1.214091e+00	5.377138e-03	5.377138e-03
6.000000e+00	7.000000e+00	1.244505e+00	8.261225e-03	8.261225e-03
7.000000e+00	8.000000e+00	1.242546e+00	1.159579e-02	1.159579e-02
8.000000e+00	1.000000e+01	1.288956e+00	1.270763e-02	1.270763e-02
1.000000e+01	1.200000e+01	1.312981e+00	2.173392e-02	2.173392e-02
1.200000e+01	1.600000e+01	1.411376e+00	2.983185e-02	2.983185e-02
1.600000e+01	2.000000e+01	1.402821e+00	5.021400e-02	5.021400e-02
2.000000e+01	2.400000e+01	1.524186e+00	1.024604e-01	1.024604e-01
2.400000e+01	2.800000e+01	1.588219e+00	1.952203e-01	1.952203e-01
2.800000e+01	3.200000e+01	1.826662e+00	2.621722e-01	2.621722e-01
3.200000e+01	3.600000e+01	1.058602e+00	2.602276e-01	2.602276e-01
3.600000e+01	4.000000e+01	1.480373e+00	3.165051e-01	3.165051e-01
4.000000e+01	5.000000e+01	2.028090e+00	5.115508e-01	5.115508e-01
# END HISTO1D


# BEGIN HISTO1D //afs/cern.ch/user/m/mdessena/OtherSqrtS/CMSSW_11_2_4/src/Result_ecmPow/result_TOT_2.yoda/CMS_2015_PAS_FSQ_15_007/d04-x01-y01
LineColor=green
LineStyle=solid
Path=//afs/cern.ch/user/m/mdessena/OtherSqrtS/CMSSW_11_2_4/src/Result_ecmPow/result_TOT_2.yoda/CMS_2015_PAS_FSQ_15_007/d04-x01-y01
Title=result_TOT_2
# xlow	 xhigh	 val	 errminus	 errplus
5.000000e-01	1.000000e+00	4.754928e-02	7.702129e-05	7.702129e-05
1.000000e+00	1.500000e+00	1.641047e-01	2.432384e-04	2.432384e-04
1.500000e+00	2.000000e+00	3.464933e-01	5.585999e-04	5.585999e-04
2.000000e+00	2.500000e+00	5.649714e-01	9.766135e-04	9.766135e-04
2.500000e+00	3.000000e+00	7.702174e-01	1.493331e-03	1.493331e-03
3.000000e+00	3.500000e+00	9.290228e-01	2.163233e-03	2.163233e-03
3.500000e+00	4.000000e+00	1.033860e+00	3.004772e-03	3.004772e-03
4.000000e+00	4.500000e+00	1.095214e+00	4.029148e-03	4.029148e-03
4.500000e+00	5.000000e+00	1.133616e+00	5.280887e-03	5.280887e-03
5.000000e+00	6.000000e+00	1.153887e+00	5.158566e-03	5.158566e-03
6.000000e+00	7.000000e+00	1.174181e+00	7.942042e-03	7.942042e-03
7.000000e+00	8.000000e+00	1.182026e+00	1.116925e-02	1.116925e-02
8.000000e+00	1.000000e+01	1.222895e+00	1.216007e-02	1.216007e-02
1.000000e+01	1.200000e+01	1.224976e+00	2.101252e-02	2.101252e-02
1.200000e+01	1.600000e+01	1.272584e+00	2.671024e-02	2.671024e-02
1.600000e+01	2.000000e+01	1.350359e+00	5.160297e-02	5.160297e-02
2.000000e+01	2.400000e+01	1.368619e+00	7.895980e-02	7.895980e-02
2.400000e+01	2.800000e+01	1.583848e+00	1.579021e-01	1.579021e-01
2.800000e+01	3.200000e+01	1.242150e+00	1.173407e-01	1.173407e-01
3.200000e+01	3.600000e+01	1.490388e+00	1.850222e-01	1.850222e-01
3.600000e+01	4.000000e+01	1.170500e+00	2.088834e-01	2.088834e-01
4.000000e+01	5.000000e+01	1.756833e+00	3.766504e-01	3.766504e-01
# END HISTO1D


# BEGIN HISTO1D //afs/cern.ch/user/m/mdessena/OtherSqrtS/CMSSW_11_2_4/src/Result_ecmPow/result_TOT_3.yoda/CMS_2015_PAS_FSQ_15_007/d04-x01-y01
LineColor=orange
LineStyle=solid
Path=//afs/cern.ch/user/m/mdessena/OtherSqrtS/CMSSW_11_2_4/src/Result_ecmPow/result_TOT_3.yoda/CMS_2015_PAS_FSQ_15_007/d04-x01-y01
Title=result_TOT_3
# xlow	 xhigh	 val	 errminus	 errplus
5.000000e-01	1.000000e+00	4.790941e-02	7.788278e-05	7.788278e-05
1.000000e+00	1.500000e+00	1.623907e-01	2.345220e-04	2.345220e-04
1.500000e+00	2.000000e+00	3.311856e-01	5.167368e-04	5.167368e-04
2.000000e+00	2.500000e+00	5.176613e-01	8.920600e-04	8.920600e-04
2.500000e+00	3.000000e+00	6.861614e-01	1.369932e-03	1.369932e-03
3.000000e+00	3.500000e+00	8.103977e-01	1.983555e-03	1.983555e-03
3.500000e+00	4.000000e+00	8.950113e-01	2.761351e-03	2.761351e-03
4.000000e+00	4.500000e+00	9.474984e-01	3.724799e-03	3.724799e-03
4.500000e+00	5.000000e+00	9.779753e-01	4.875121e-03	4.875121e-03
5.000000e+00	6.000000e+00	1.009387e+00	4.824833e-03	4.824833e-03
6.000000e+00	7.000000e+00	1.042651e+00	7.278237e-03	7.278237e-03
7.000000e+00	8.000000e+00	1.056637e+00	1.049240e-02	1.049240e-02
8.000000e+00	1.000000e+01	1.082051e+00	1.173095e-02	1.173095e-02
1.000000e+01	1.200000e+01	1.123505e+00	2.031995e-02	2.031995e-02
1.200000e+01	1.600000e+01	1.135849e+00	2.650435e-02	2.650435e-02
1.600000e+01	2.000000e+01	1.228636e+00	4.883083e-02	4.883083e-02
2.000000e+01	2.400000e+01	1.363270e+00	9.300670e-02	9.300670e-02
2.400000e+01	2.800000e+01	1.274292e+00	1.537488e-01	1.537488e-01
2.800000e+01	3.200000e+01	1.397122e+00	1.917823e-01	1.917823e-01
3.200000e+01	3.600000e+01	1.271652e+00	2.785393e-01	2.785393e-01
3.600000e+01	4.000000e+01	1.010530e+00	2.563284e-01	2.563284e-01
4.000000e+01	5.000000e+01	1.181519e+00	2.723697e-01	2.723697e-01
# END HISTO1D


# BEGIN HISTO1D //afs/cern.ch/user/m/mdessena/OtherSqrtS/CMSSW_11_2_4/src/Result_ecmPow/result_TOT_4.yoda/CMS_2015_PAS_FSQ_15_007/d04-x01-y01
LineColor=lilac
LineStyle=solid
Path=//afs/cern.ch/user/m/mdessena/OtherSqrtS/CMSSW_11_2_4/src/Result_ecmPow/result_TOT_4.yoda/CMS_2015_PAS_FSQ_15_007/d04-x01-y01
Title=result_TOT_4
# xlow	 xhigh	 val	 errminus	 errplus
5.000000e-01	1.000000e+00	4.666687e-02	7.568701e-05	7.568701e-05
1.000000e+00	1.500000e+00	1.662223e-01	2.545136e-04	2.545136e-04
1.500000e+00	2.000000e+00	3.659066e-01	6.101109e-04	6.101109e-04
2.000000e+00	2.500000e+00	6.171130e-01	1.074968e-03	1.074968e-03
2.500000e+00	3.000000e+00	8.651559e-01	1.637903e-03	1.637903e-03
3.000000e+00	3.500000e+00	1.056675e+00	2.337152e-03	2.337152e-03
3.500000e+00	4.000000e+00	1.190030e+00	3.234964e-03	3.234964e-03
4.000000e+00	4.500000e+00	1.267661e+00	4.316033e-03	4.316033e-03
4.500000e+00	5.000000e+00	1.316416e+00	5.674017e-03	5.674017e-03
5.000000e+00	6.000000e+00	1.334230e+00	5.665310e-03	5.665310e-03
6.000000e+00	7.000000e+00	1.353728e+00	8.635982e-03	8.635982e-03
7.000000e+00	8.000000e+00	1.348922e+00	1.217010e-02	1.217010e-02
8.000000e+00	1.000000e+01	1.385195e+00	1.394721e-02	1.394721e-02
1.000000e+01	1.200000e+01	1.411247e+00	2.251912e-02	2.251912e-02
1.200000e+01	1.600000e+01	1.449386e+00	2.910053e-02	2.910053e-02
1.600000e+01	2.000000e+01	1.501082e+00	5.871854e-02	5.871854e-02
2.000000e+01	2.400000e+01	1.410655e+00	9.287003e-02	9.287003e-02
2.400000e+01	2.800000e+01	1.686646e+00	1.495355e-01	1.495355e-01
2.800000e+01	3.200000e+01	1.626343e+00	1.588497e-01	1.588497e-01
3.200000e+01	3.600000e+01	1.410878e+00	3.200956e-01	3.200956e-01
3.600000e+01	4.000000e+01	9.107046e-01	3.070882e-01	3.070882e-01
4.000000e+01	5.000000e+01	1.716011e+00	3.899719e-01	3.899719e-01
# END HISTO1D


# BEGIN HISTO1D //afs/cern.ch/user/m/mdessena/OtherSqrtS/CMSSW_11_2_4/src/Result_ecmPow/result_TOT_5.yoda/CMS_2015_PAS_FSQ_15_007/d04-x01-y01
LineColor=red
LineStyle=dashed
Path=//afs/cern.ch/user/m/mdessena/OtherSqrtS/CMSSW_11_2_4/src/Result_ecmPow/result_TOT_5.yoda/CMS_2015_PAS_FSQ_15_007/d04-x01-y01
Title=result_TOT_5
# xlow	 xhigh	 val	 errminus	 errplus
5.000000e-01	1.000000e+00	4.664845e-02	7.564283e-05	7.564283e-05
1.000000e+00	1.500000e+00	1.657106e-01	2.515405e-04	2.515405e-04
1.500000e+00	2.000000e+00	3.599361e-01	5.952077e-04	5.952077e-04
2.000000e+00	2.500000e+00	6.010265e-01	1.046297e-03	1.046297e-03
2.500000e+00	3.000000e+00	8.382073e-01	1.595037e-03	1.595037e-03
3.000000e+00	3.500000e+00	1.022841e+00	2.291238e-03	2.291238e-03
3.500000e+00	4.000000e+00	1.141598e+00	3.148428e-03	3.148428e-03
4.000000e+00	4.500000e+00	1.218457e+00	4.259078e-03	4.259078e-03
4.500000e+00	5.000000e+00	1.245842e+00	5.555138e-03	5.555138e-03
5.000000e+00	6.000000e+00	1.297011e+00	5.552650e-03	5.552650e-03
6.000000e+00	7.000000e+00	1.307922e+00	8.320349e-03	8.320349e-03
7.000000e+00	8.000000e+00	1.322382e+00	1.222413e-02	1.222413e-02
8.000000e+00	1.000000e+01	1.332347e+00	1.294480e-02	1.294480e-02
1.000000e+01	1.200000e+01	1.355444e+00	2.137111e-02	2.137111e-02
1.200000e+01	1.600000e+01	1.385752e+00	2.823509e-02	2.823509e-02
1.600000e+01	2.000000e+01	1.496575e+00	6.666921e-02	6.666921e-02
2.000000e+01	2.400000e+01	1.368353e+00	7.449704e-02	7.449704e-02
2.400000e+01	2.800000e+01	1.711273e+00	1.850067e-01	1.850067e-01
2.800000e+01	3.200000e+01	1.649739e+00	2.262781e-01	2.262781e-01
3.200000e+01	3.600000e+01	2.008495e+00	5.071238e-01	5.071238e-01
3.600000e+01	4.000000e+01	2.444576e+00	9.353109e-01	9.353109e-01
4.000000e+01	5.000000e+01	1.995428e+00	4.802757e-01	4.802757e-01
# END HISTO1D


# BEGIN HISTO1D //afs/cern.ch/user/m/mdessena/OtherSqrtS/CMSSW_11_2_4/src/Result_ecmPow/result_TOT_6.yoda/CMS_2015_PAS_FSQ_15_007/d04-x01-y01
LineColor=blue
LineStyle=dashed
Path=//afs/cern.ch/user/m/mdessena/OtherSqrtS/CMSSW_11_2_4/src/Result_ecmPow/result_TOT_6.yoda/CMS_2015_PAS_FSQ_15_007/d04-x01-y01
Title=result_TOT_6
# xlow	 xhigh	 val	 errminus	 errplus
5.000000e-01	1.000000e+00	4.788627e-02	7.760342e-05	7.760342e-05
1.000000e+00	1.500000e+00	1.634928e-01	2.373656e-04	2.373656e-04
1.500000e+00	2.000000e+00	3.366913e-01	5.343002e-04	5.343002e-04
2.000000e+00	2.500000e+00	5.369438e-01	9.242827e-04	9.242827e-04
2.500000e+00	3.000000e+00	7.194507e-01	1.417521e-03	1.417521e-03
3.000000e+00	3.500000e+00	8.583292e-01	2.056342e-03	2.056342e-03
3.500000e+00	4.000000e+00	9.498730e-01	2.859101e-03	2.859101e-03
4.000000e+00	4.500000e+00	1.006531e+00	3.841438e-03	3.841438e-03
4.500000e+00	5.000000e+00	1.039499e+00	4.988491e-03	4.988491e-03
5.000000e+00	6.000000e+00	1.064067e+00	5.013180e-03	5.013180e-03
6.000000e+00	7.000000e+00	1.090475e+00	7.631632e-03	7.631632e-03
7.000000e+00	8.000000e+00	1.082739e+00	1.039787e-02	1.039787e-02
8.000000e+00	1.000000e+01	1.127561e+00	1.183122e-02	1.183122e-02
1.000000e+01	1.200000e+01	1.155701e+00	1.924357e-02	1.924357e-02
1.200000e+01	1.600000e+01	1.202010e+00	2.527713e-02	2.527713e-02
1.600000e+01	2.000000e+01	1.332543e+00	5.429707e-02	5.429707e-02
2.000000e+01	2.400000e+01	1.270172e+00	7.031892e-02	7.031892e-02
2.400000e+01	2.800000e+01	1.537715e+00	2.427041e-01	2.427041e-01
2.800000e+01	3.200000e+01	1.372364e+00	1.561093e-01	1.561093e-01
3.200000e+01	3.600000e+01	1.570549e+00	5.787870e-01	5.787870e-01
3.600000e+01	4.000000e+01	1.050534e+00	2.365691e-01	2.365691e-01
4.000000e+01	5.000000e+01	1.697456e+00	3.912285e-01	3.912285e-01
# END HISTO1D


# BEGIN HISTO1D //afs/cern.ch/user/m/mdessena/OtherSqrtS/CMSSW_11_2_4/src/Result_ecmPow/result_TOT_7.yoda/CMS_2015_PAS_FSQ_15_007/d04-x01-y01
LineColor=green
LineStyle=dashed
Path=//afs/cern.ch/user/m/mdessena/OtherSqrtS/CMSSW_11_2_4/src/Result_ecmPow/result_TOT_7.yoda/CMS_2015_PAS_FSQ_15_007/d04-x01-y01
Title=result_TOT_7
# xlow	 xhigh	 val	 errminus	 errplus
5.000000e-01	1.000000e+00	4.785206e-02	7.752342e-05	7.752342e-05
1.000000e+00	1.500000e+00	1.625930e-01	2.350014e-04	2.350014e-04
1.500000e+00	2.000000e+00	3.315215e-01	5.201764e-04	5.201764e-04
2.000000e+00	2.500000e+00	5.188665e-01	8.932243e-04	8.932243e-04
2.500000e+00	3.000000e+00	6.889199e-01	1.369388e-03	1.369388e-03
3.000000e+00	3.500000e+00	8.173184e-01	1.995465e-03	1.995465e-03
3.500000e+00	4.000000e+00	9.026520e-01	2.787156e-03	2.787156e-03
4.000000e+00	4.500000e+00	9.629068e-01	3.771204e-03	3.771204e-03
4.500000e+00	5.000000e+00	9.940269e-01	4.909722e-03	4.909722e-03
5.000000e+00	6.000000e+00	1.007416e+00	4.846397e-03	4.846397e-03
6.000000e+00	7.000000e+00	1.027564e+00	7.271426e-03	7.271426e-03
7.000000e+00	8.000000e+00	1.056817e+00	1.069826e-02	1.069826e-02
8.000000e+00	1.000000e+01	1.077220e+00	1.144164e-02	1.144164e-02
1.000000e+01	1.200000e+01	1.155309e+00	2.035223e-02	2.035223e-02
1.200000e+01	1.600000e+01	1.209141e+00	2.568912e-02	2.568912e-02
1.600000e+01	2.000000e+01	1.203886e+00	4.723122e-02	4.723122e-02
2.000000e+01	2.400000e+01	1.401405e+00	9.948329e-02	9.948329e-02
2.400000e+01	2.800000e+01	1.227395e+00	1.013160e-01	1.013160e-01
2.800000e+01	3.200000e+01	1.351281e+00	2.062080e-01	2.062080e-01
3.200000e+01	3.600000e+01	1.613129e+00	3.736357e-01	3.736357e-01
3.600000e+01	4.000000e+01	1.143111e+00	3.995122e-01	3.995122e-01
4.000000e+01	5.000000e+01	1.034194e+00	3.052756e-01	3.052756e-01
# END HISTO1D

