# BEGIN PLOT
XTwosidedTicks=1
YTwosidedTicks=1
XMax=52
XLabelSep=4.4
RatioPlotReference=/CMS_2015_PAS_FSQ_15_007/d09-x01-y01
ConnectBins=0
RatioPlot=1
LogY=0
LegendXPos=0.40
XLabel=\large{$p_\text{T}^{\text{jet}}$[GeV]}
YLabelSep=5.4
YLabel=\large{$(1/N_\text{events})\; dp_\text{T}^{\text{sum}}\,/d\eta\, d\phi$}
Title=\large{CMS, 13 TeV, MB, TransMIN charged $p_\text{T}^{\text{sum}}$ density}
DrawOnly=/CMS_2015_PAS_FSQ_15_007/d09-x01-y01 //afs/cern.ch/user/m/mdessena/OtherSqrtS/CMSSW_11_2_4/src/Result_ecmPow/result_TOT_0.yoda/CMS_2015_PAS_FSQ_15_007/d09-x01-y01 //afs/cern.ch/user/m/mdessena/OtherSqrtS/CMSSW_11_2_4/src/Result_ecmPow/result_TOT_1.yoda/CMS_2015_PAS_FSQ_15_007/d09-x01-y01 //afs/cern.ch/user/m/mdessena/OtherSqrtS/CMSSW_11_2_4/src/Result_ecmPow/result_TOT_2.yoda/CMS_2015_PAS_FSQ_15_007/d09-x01-y01 //afs/cern.ch/user/m/mdessena/OtherSqrtS/CMSSW_11_2_4/src/Result_ecmPow/result_TOT_3.yoda/CMS_2015_PAS_FSQ_15_007/d09-x01-y01 //afs/cern.ch/user/m/mdessena/OtherSqrtS/CMSSW_11_2_4/src/Result_ecmPow/result_TOT_4.yoda/CMS_2015_PAS_FSQ_15_007/d09-x01-y01 //afs/cern.ch/user/m/mdessena/OtherSqrtS/CMSSW_11_2_4/src/Result_ecmPow/result_TOT_5.yoda/CMS_2015_PAS_FSQ_15_007/d09-x01-y01 //afs/cern.ch/user/m/mdessena/OtherSqrtS/CMSSW_11_2_4/src/Result_ecmPow/result_TOT_6.yoda/CMS_2015_PAS_FSQ_15_007/d09-x01-y01 //afs/cern.ch/user/m/mdessena/OtherSqrtS/CMSSW_11_2_4/src/Result_ecmPow/result_TOT_7.yoda/CMS_2015_PAS_FSQ_15_007/d09-x01-y01
RatioPlotErrorBandColor=grey!40!yellow!60
LegendYPos=0.50
Legend=1
LegendOnly=/CMS_2015_PAS_FSQ_15_007/d09-x01-y01 //afs/cern.ch/user/m/mdessena/OtherSqrtS/CMSSW_11_2_4/src/Result_ecmPow/result_TOT_0.yoda/CMS_2015_PAS_FSQ_15_007/d09-x01-y01 //afs/cern.ch/user/m/mdessena/OtherSqrtS/CMSSW_11_2_4/src/Result_ecmPow/result_TOT_1.yoda/CMS_2015_PAS_FSQ_15_007/d09-x01-y01 //afs/cern.ch/user/m/mdessena/OtherSqrtS/CMSSW_11_2_4/src/Result_ecmPow/result_TOT_2.yoda/CMS_2015_PAS_FSQ_15_007/d09-x01-y01 //afs/cern.ch/user/m/mdessena/OtherSqrtS/CMSSW_11_2_4/src/Result_ecmPow/result_TOT_3.yoda/CMS_2015_PAS_FSQ_15_007/d09-x01-y01 //afs/cern.ch/user/m/mdessena/OtherSqrtS/CMSSW_11_2_4/src/Result_ecmPow/result_TOT_4.yoda/CMS_2015_PAS_FSQ_15_007/d09-x01-y01 //afs/cern.ch/user/m/mdessena/OtherSqrtS/CMSSW_11_2_4/src/Result_ecmPow/result_TOT_5.yoda/CMS_2015_PAS_FSQ_15_007/d09-x01-y01 //afs/cern.ch/user/m/mdessena/OtherSqrtS/CMSSW_11_2_4/src/Result_ecmPow/result_TOT_6.yoda/CMS_2015_PAS_FSQ_15_007/d09-x01-y01 //afs/cern.ch/user/m/mdessena/OtherSqrtS/CMSSW_11_2_4/src/Result_ecmPow/result_TOT_7.yoda/CMS_2015_PAS_FSQ_15_007/d09-x01-y01
# END PLOT

# BEGIN HISTO1D /CMS_2015_PAS_FSQ_15_007/d09-x01-y01
ConnectBins=0
ErrorBars=1
Path=/CMS_2015_PAS_FSQ_15_007/d09-x01-y01
PolyMarker=*
Title=Data
# xlow	 xhigh	 val	 errminus	 errplus
5.000000e-01	1.000000e+00	0.000000e+00	0.000000e+00	0.000000e+00
1.000000e+00	1.500000e+00	3.213844e-02	7.435367e-04	7.435367e-04
1.500000e+00	2.000000e+00	7.626259e-02	2.647409e-03	2.647409e-03
2.000000e+00	2.500000e+00	1.398612e-01	4.279173e-03	4.279173e-03
2.500000e+00	3.000000e+00	2.175880e-01	4.254699e-03	4.254699e-03
3.000000e+00	3.500000e+00	2.986169e-01	3.294380e-03	3.294380e-03
3.500000e+00	4.000000e+00	3.765424e-01	6.878926e-03	6.878926e-03
4.000000e+00	4.500000e+00	4.551002e-01	1.138465e-02	1.138465e-02
4.500000e+00	5.000000e+00	5.289475e-01	1.757939e-02	1.757939e-02
5.000000e+00	6.000000e+00	6.141819e-01	3.176189e-02	3.176189e-02
6.000000e+00	7.000000e+00	7.242491e-01	3.626247e-02	3.626247e-02
7.000000e+00	8.000000e+00	8.156991e-01	4.074610e-02	4.074610e-02
8.000000e+00	9.000000e+00	8.927450e-01	4.409109e-02	4.409109e-02
9.000000e+00	1.000000e+01	9.423196e-01	4.652950e-02	4.652950e-02
1.000000e+01	1.200000e+01	9.939624e-01	5.082739e-02	5.082739e-02
1.200000e+01	1.400000e+01	1.045096e+00	5.368638e-02	5.368638e-02
1.400000e+01	1.600000e+01	1.091634e+00	5.644263e-02	5.644263e-02
1.600000e+01	1.800000e+01	1.152919e+00	6.036140e-02	6.036140e-02
1.800000e+01	2.000000e+01	1.066101e+00	5.699157e-02	5.699157e-02
2.000000e+01	2.400000e+01	1.112437e+00	6.072076e-02	6.072076e-02
2.400000e+01	2.800000e+01	1.079897e+00	6.358735e-02	6.358735e-02
2.800000e+01	3.200000e+01	1.070928e+00	7.018664e-02	7.018664e-02
3.200000e+01	3.600000e+01	1.020461e+00	8.512088e-02	8.512088e-02
3.600000e+01	4.000000e+01	1.137136e+00	1.052140e-01	1.052140e-01
4.000000e+01	4.400000e+01	1.045076e+00	1.379332e-01	1.379332e-01
4.400000e+01	4.800000e+01	9.236458e-01	1.383364e-01	1.383364e-01
4.800000e+01	5.200000e+01	1.000963e+00	1.815486e-01	1.815486e-01
5.200000e+01	5.600000e+01	8.939610e-01	2.022367e-01	2.022367e-01
5.600000e+01	6.000000e+01	1.017198e+00	1.573492e-01	1.573492e-01
6.000000e+01	6.400000e+01	1.452337e+00	3.161622e-01	3.161622e-01
6.400000e+01	6.800000e+01	9.349529e-01	2.961583e-01	2.961583e-01
6.800000e+01	7.200000e+01	6.547269e-01	2.381644e-01	2.381644e-01
7.200000e+01	8.000000e+01	2.297357e+00	4.480640e-01	4.480640e-01
# END HISTO1D


# BEGIN HISTO1D //afs/cern.ch/user/m/mdessena/OtherSqrtS/CMSSW_11_2_4/src/Result_ecmPow/result_TOT_0.yoda/CMS_2015_PAS_FSQ_15_007/d09-x01-y01
LineColor=red
LineStyle=solid
Path=//afs/cern.ch/user/m/mdessena/OtherSqrtS/CMSSW_11_2_4/src/Result_ecmPow/result_TOT_0.yoda/CMS_2015_PAS_FSQ_15_007/d09-x01-y01
Title=result_TOT_0
# xlow	 xhigh	 val	 errminus	 errplus
5.000000e-01	1.000000e+00	nan	nan	nan
1.000000e+00	1.500000e+00	3.193224e-02	1.128203e-04	1.128203e-04
1.500000e+00	2.000000e+00	7.452483e-02	2.306255e-04	2.306255e-04
2.000000e+00	2.500000e+00	1.289002e-01	3.992352e-04	3.992352e-04
2.500000e+00	3.000000e+00	1.911654e-01	6.049920e-04	6.049920e-04
3.000000e+00	3.500000e+00	2.553406e-01	8.357603e-04	8.357603e-04
3.500000e+00	4.000000e+00	3.225276e-01	1.082802e-03	1.082802e-03
4.000000e+00	4.500000e+00	3.879927e-01	1.358359e-03	1.358359e-03
4.500000e+00	5.000000e+00	4.489010e-01	1.655637e-03	1.655637e-03
5.000000e+00	6.000000e+00	5.296812e-01	1.509624e-03	1.509624e-03
6.000000e+00	7.000000e+00	6.193357e-01	2.033257e-03	2.033257e-03
7.000000e+00	8.000000e+00	6.892634e-01	2.674446e-03	2.674446e-03
8.000000e+00	9.000000e+00	7.431505e-01	3.362101e-03	3.362101e-03
9.000000e+00	1.000000e+01	7.837618e-01	4.277592e-03	4.277592e-03
1.000000e+01	1.200000e+01	8.239219e-01	4.090850e-03	4.090850e-03
1.200000e+01	1.400000e+01	8.512454e-01	6.006619e-03	6.006619e-03
1.400000e+01	1.600000e+01	8.694159e-01	8.380417e-03	8.380417e-03
1.600000e+01	1.800000e+01	8.725189e-01	1.113609e-02	1.113609e-02
1.800000e+01	2.000000e+01	9.110724e-01	1.512039e-02	1.512039e-02
2.000000e+01	2.400000e+01	9.147489e-01	1.523018e-02	1.523018e-02
2.400000e+01	2.800000e+01	8.916914e-01	2.277613e-02	2.277613e-02
2.800000e+01	3.200000e+01	8.802950e-01	3.128797e-02	3.128797e-02
3.200000e+01	3.600000e+01	9.449300e-01	4.680520e-02	4.680520e-02
3.600000e+01	4.000000e+01	9.100564e-01	5.895792e-02	5.895792e-02
4.000000e+01	4.400000e+01	9.277638e-01	8.226706e-02	8.226706e-02
4.400000e+01	4.800000e+01	9.496712e-01	8.643787e-02	8.643787e-02
4.800000e+01	5.200000e+01	1.064667e+00	1.594154e-01	1.594154e-01
5.200000e+01	5.600000e+01	9.632092e-01	1.706223e-01	1.706223e-01
5.600000e+01	6.000000e+01	7.537981e-01	1.339834e-01	1.339834e-01
6.000000e+01	6.400000e+01	8.696137e-01	3.135327e-01	3.135327e-01
6.400000e+01	6.800000e+01	1.110177e+00	1.559289e-01	1.559289e-01
6.800000e+01	7.200000e+01	1.222312e+00	3.408545e-01	3.408545e-01
7.200000e+01	8.000000e+01	9.481645e-01	2.758925e-01	2.758925e-01
# END HISTO1D


# BEGIN HISTO1D //afs/cern.ch/user/m/mdessena/OtherSqrtS/CMSSW_11_2_4/src/Result_ecmPow/result_TOT_1.yoda/CMS_2015_PAS_FSQ_15_007/d09-x01-y01
LineColor=blue
LineStyle=solid
Path=//afs/cern.ch/user/m/mdessena/OtherSqrtS/CMSSW_11_2_4/src/Result_ecmPow/result_TOT_1.yoda/CMS_2015_PAS_FSQ_15_007/d09-x01-y01
Title=result_TOT_1
# xlow	 xhigh	 val	 errminus	 errplus
5.000000e-01	1.000000e+00	nan	nan	nan
1.000000e+00	1.500000e+00	3.181751e-02	1.128974e-04	1.128974e-04
1.500000e+00	2.000000e+00	7.564719e-02	2.368481e-04	2.368481e-04
2.000000e+00	2.500000e+00	1.336333e-01	4.168095e-04	4.168095e-04
2.500000e+00	3.000000e+00	1.981807e-01	6.330027e-04	6.330027e-04
3.000000e+00	3.500000e+00	2.700368e-01	8.827588e-04	8.827588e-04
3.500000e+00	4.000000e+00	3.442224e-01	1.157295e-03	1.157295e-03
4.000000e+00	4.500000e+00	4.159603e-01	1.450797e-03	1.450797e-03
4.500000e+00	5.000000e+00	4.854555e-01	1.753587e-03	1.753587e-03
5.000000e+00	6.000000e+00	5.793235e-01	1.591062e-03	1.591062e-03
6.000000e+00	7.000000e+00	6.867038e-01	2.141067e-03	2.141067e-03
7.000000e+00	8.000000e+00	7.616818e-01	2.774995e-03	2.774995e-03
8.000000e+00	9.000000e+00	8.224613e-01	3.522228e-03	3.522228e-03
9.000000e+00	1.000000e+01	8.692473e-01	4.442281e-03	4.442281e-03
1.000000e+01	1.200000e+01	9.156764e-01	4.266848e-03	4.266848e-03
1.200000e+01	1.400000e+01	9.543563e-01	6.153895e-03	6.153895e-03
1.400000e+01	1.600000e+01	9.772108e-01	8.655952e-03	8.655952e-03
1.600000e+01	1.800000e+01	9.646352e-01	1.175682e-02	1.175682e-02
1.800000e+01	2.000000e+01	9.947214e-01	1.556878e-02	1.556878e-02
2.000000e+01	2.400000e+01	9.765237e-01	1.527110e-02	1.527110e-02
2.400000e+01	2.800000e+01	1.000513e+00	2.380727e-02	2.380727e-02
2.800000e+01	3.200000e+01	1.024413e+00	3.344921e-02	3.344921e-02
3.200000e+01	3.600000e+01	1.019662e+00	4.707087e-02	4.707087e-02
3.600000e+01	4.000000e+01	9.561269e-01	5.944310e-02	5.944310e-02
4.000000e+01	4.400000e+01	9.689114e-01	8.242333e-02	8.242333e-02
4.400000e+01	4.800000e+01	9.977149e-01	1.080198e-01	1.080198e-01
4.800000e+01	5.200000e+01	1.127195e+00	1.328493e-01	1.328493e-01
5.200000e+01	5.600000e+01	1.045412e+00	1.497776e-01	1.497776e-01
5.600000e+01	6.000000e+01	9.615535e-01	1.977767e-01	1.977767e-01
6.000000e+01	6.400000e+01	9.288821e-01	1.709862e-01	1.709862e-01
6.400000e+01	6.800000e+01	9.615976e-01	1.787814e-01	1.787814e-01
6.800000e+01	7.200000e+01	1.102382e+00	3.569176e-01	3.569176e-01
7.200000e+01	8.000000e+01	1.433159e+00	3.614486e-01	3.614486e-01
# END HISTO1D


# BEGIN HISTO1D //afs/cern.ch/user/m/mdessena/OtherSqrtS/CMSSW_11_2_4/src/Result_ecmPow/result_TOT_2.yoda/CMS_2015_PAS_FSQ_15_007/d09-x01-y01
LineColor=green
LineStyle=solid
Path=//afs/cern.ch/user/m/mdessena/OtherSqrtS/CMSSW_11_2_4/src/Result_ecmPow/result_TOT_2.yoda/CMS_2015_PAS_FSQ_15_007/d09-x01-y01
Title=result_TOT_2
# xlow	 xhigh	 val	 errminus	 errplus
5.000000e-01	1.000000e+00	nan	nan	nan
1.000000e+00	1.500000e+00	3.202572e-02	1.132810e-04	1.132810e-04
1.500000e+00	2.000000e+00	7.427647e-02	2.323453e-04	2.323453e-04
2.000000e+00	2.500000e+00	1.308088e-01	4.047890e-04	4.047890e-04
2.500000e+00	3.000000e+00	1.940565e-01	6.158015e-04	6.158015e-04
3.000000e+00	3.500000e+00	2.624216e-01	8.601534e-04	8.601534e-04
3.500000e+00	4.000000e+00	3.313071e-01	1.109520e-03	1.109520e-03
4.000000e+00	4.500000e+00	3.986861e-01	1.386349e-03	1.386349e-03
4.500000e+00	5.000000e+00	4.657239e-01	1.705229e-03	1.705229e-03
5.000000e+00	6.000000e+00	5.513717e-01	1.548101e-03	1.548101e-03
6.000000e+00	7.000000e+00	6.485292e-01	2.078310e-03	2.078310e-03
7.000000e+00	8.000000e+00	7.232618e-01	2.717718e-03	2.717718e-03
8.000000e+00	9.000000e+00	7.777551e-01	3.473293e-03	3.473293e-03
9.000000e+00	1.000000e+01	8.279354e-01	4.391715e-03	4.391715e-03
1.000000e+01	1.200000e+01	8.610648e-01	4.136691e-03	4.136691e-03
1.200000e+01	1.400000e+01	8.974961e-01	6.111656e-03	6.111656e-03
1.400000e+01	1.600000e+01	9.236169e-01	8.522306e-03	8.522306e-03
1.600000e+01	1.800000e+01	9.100693e-01	1.133788e-02	1.133788e-02
1.800000e+01	2.000000e+01	9.083953e-01	1.452817e-02	1.452817e-02
2.000000e+01	2.400000e+01	9.217697e-01	1.492793e-02	1.492793e-02
2.400000e+01	2.800000e+01	9.071125e-01	2.253304e-02	2.253304e-02
2.800000e+01	3.200000e+01	9.505178e-01	3.313557e-02	3.313557e-02
3.200000e+01	3.600000e+01	9.091775e-01	4.383134e-02	4.383134e-02
3.600000e+01	4.000000e+01	8.996005e-01	5.727667e-02	5.727667e-02
4.000000e+01	4.400000e+01	9.473034e-01	7.973637e-02	7.973637e-02
4.400000e+01	4.800000e+01	6.911720e-01	6.070135e-02	6.070135e-02
4.800000e+01	5.200000e+01	9.869915e-01	1.120164e-01	1.120164e-01
5.200000e+01	5.600000e+01	9.405414e-01	1.393294e-01	1.393294e-01
5.600000e+01	6.000000e+01	1.444553e+00	5.362924e-01	5.362924e-01
6.000000e+01	6.400000e+01	9.590827e-01	1.630615e-01	1.630615e-01
6.400000e+01	6.800000e+01	1.015736e+00	2.931158e-01	2.931158e-01
6.800000e+01	7.200000e+01	9.792758e-01	1.621005e-01	1.621005e-01
7.200000e+01	8.000000e+01	1.075985e+00	1.225355e-01	1.225355e-01
# END HISTO1D


# BEGIN HISTO1D //afs/cern.ch/user/m/mdessena/OtherSqrtS/CMSSW_11_2_4/src/Result_ecmPow/result_TOT_3.yoda/CMS_2015_PAS_FSQ_15_007/d09-x01-y01
LineColor=orange
LineStyle=solid
Path=//afs/cern.ch/user/m/mdessena/OtherSqrtS/CMSSW_11_2_4/src/Result_ecmPow/result_TOT_3.yoda/CMS_2015_PAS_FSQ_15_007/d09-x01-y01
Title=result_TOT_3
# xlow	 xhigh	 val	 errminus	 errplus
5.000000e-01	1.000000e+00	nan	nan	nan
1.000000e+00	1.500000e+00	3.191756e-02	1.127935e-04	1.127935e-04
1.500000e+00	2.000000e+00	7.343992e-02	2.254915e-04	2.254915e-04
2.000000e+00	2.500000e+00	1.265939e-01	3.854817e-04	3.854817e-04
2.500000e+00	3.000000e+00	1.834553e-01	5.770283e-04	5.770283e-04
3.000000e+00	3.500000e+00	2.419019e-01	7.889156e-04	7.889156e-04
3.500000e+00	4.000000e+00	3.028035e-01	1.023644e-03	1.023644e-03
4.000000e+00	4.500000e+00	3.562963e-01	1.273535e-03	1.273535e-03
4.500000e+00	5.000000e+00	4.093424e-01	1.559495e-03	1.559495e-03
5.000000e+00	6.000000e+00	4.760408e-01	1.409069e-03	1.409069e-03
6.000000e+00	7.000000e+00	5.530570e-01	1.916890e-03	1.916890e-03
7.000000e+00	8.000000e+00	6.087113e-01	2.500902e-03	2.500902e-03
8.000000e+00	9.000000e+00	6.546508e-01	3.241375e-03	3.241375e-03
9.000000e+00	1.000000e+01	6.938792e-01	4.105485e-03	4.105485e-03
1.000000e+01	1.200000e+01	7.295357e-01	3.919835e-03	3.919835e-03
1.200000e+01	1.400000e+01	7.473500e-01	5.654906e-03	5.654906e-03
1.400000e+01	1.600000e+01	7.564109e-01	7.756832e-03	7.756832e-03
1.600000e+01	1.800000e+01	7.733879e-01	1.060025e-02	1.060025e-02
1.800000e+01	2.000000e+01	8.135967e-01	1.436694e-02	1.436694e-02
2.000000e+01	2.400000e+01	7.849443e-01	1.371864e-02	1.371864e-02
2.400000e+01	2.800000e+01	7.648802e-01	2.020327e-02	2.020327e-02
2.800000e+01	3.200000e+01	7.614727e-01	3.070777e-02	3.070777e-02
3.200000e+01	3.600000e+01	7.674822e-01	4.186350e-02	4.186350e-02
3.600000e+01	4.000000e+01	7.859863e-01	5.062626e-02	5.062626e-02
4.000000e+01	4.400000e+01	8.177575e-01	7.206524e-02	7.206524e-02
4.400000e+01	4.800000e+01	6.060970e-01	7.611694e-02	7.611694e-02
4.800000e+01	5.200000e+01	7.884245e-01	8.671164e-02	8.671164e-02
5.200000e+01	5.600000e+01	1.090066e+00	2.189004e-01	2.189004e-01
5.600000e+01	6.000000e+01	8.877609e-01	1.585599e-01	1.585599e-01
6.000000e+01	6.400000e+01	6.944913e-01	1.280161e-01	1.280161e-01
6.400000e+01	6.800000e+01	5.851971e-01	1.141035e-01	1.141035e-01
6.800000e+01	7.200000e+01	7.925667e-01	2.766508e-01	2.766508e-01
7.200000e+01	8.000000e+01	1.237454e+00	2.495712e-01	2.495712e-01
# END HISTO1D


# BEGIN HISTO1D //afs/cern.ch/user/m/mdessena/OtherSqrtS/CMSSW_11_2_4/src/Result_ecmPow/result_TOT_4.yoda/CMS_2015_PAS_FSQ_15_007/d09-x01-y01
LineColor=lilac
LineStyle=solid
Path=//afs/cern.ch/user/m/mdessena/OtherSqrtS/CMSSW_11_2_4/src/Result_ecmPow/result_TOT_4.yoda/CMS_2015_PAS_FSQ_15_007/d09-x01-y01
Title=result_TOT_4
# xlow	 xhigh	 val	 errminus	 errplus
5.000000e-01	1.000000e+00	nan	nan	nan
1.000000e+00	1.500000e+00	3.181746e-02	1.133868e-04	1.133868e-04
1.500000e+00	2.000000e+00	7.652112e-02	2.432874e-04	2.432874e-04
2.000000e+00	2.500000e+00	1.370257e-01	4.310955e-04	4.310955e-04
2.500000e+00	3.000000e+00	2.062241e-01	6.641734e-04	6.641734e-04
3.000000e+00	3.500000e+00	2.833968e-01	9.340763e-04	9.340763e-04
3.500000e+00	4.000000e+00	3.637483e-01	1.219495e-03	1.219495e-03
4.000000e+00	4.500000e+00	4.475715e-01	1.546793e-03	1.546793e-03
4.500000e+00	5.000000e+00	5.265706e-01	1.857766e-03	1.857766e-03
5.000000e+00	6.000000e+00	6.311489e-01	1.680826e-03	1.680826e-03
6.000000e+00	7.000000e+00	7.552579e-01	2.259807e-03	2.259807e-03
7.000000e+00	8.000000e+00	8.484884e-01	2.920864e-03	2.920864e-03
8.000000e+00	9.000000e+00	9.253824e-01	3.710919e-03	3.710919e-03
9.000000e+00	1.000000e+01	9.763649e-01	4.656787e-03	4.656787e-03
1.000000e+01	1.200000e+01	1.028475e+00	4.462661e-03	4.462661e-03
1.200000e+01	1.400000e+01	1.054169e+00	6.487933e-03	6.487933e-03
1.400000e+01	1.600000e+01	1.094095e+00	9.186228e-03	9.186228e-03
1.600000e+01	1.800000e+01	1.113483e+00	1.266578e-02	1.266578e-02
1.800000e+01	2.000000e+01	1.102868e+00	1.645081e-02	1.645081e-02
2.000000e+01	2.400000e+01	1.093869e+00	1.636736e-02	1.636736e-02
2.400000e+01	2.800000e+01	1.095315e+00	2.578898e-02	2.578898e-02
2.800000e+01	3.200000e+01	1.053308e+00	3.415890e-02	3.415890e-02
3.200000e+01	3.600000e+01	1.105613e+00	4.695878e-02	4.695878e-02
3.600000e+01	4.000000e+01	1.162235e+00	7.701179e-02	7.701179e-02
4.000000e+01	4.400000e+01	1.096029e+00	7.622144e-02	7.622144e-02
4.400000e+01	4.800000e+01	8.946481e-01	9.215237e-02	9.215237e-02
4.800000e+01	5.200000e+01	1.286142e+00	1.551914e-01	1.551914e-01
5.200000e+01	5.600000e+01	1.305108e+00	1.669526e-01	1.669526e-01
5.600000e+01	6.000000e+01	6.771181e-01	1.557046e-01	1.557046e-01
6.000000e+01	6.400000e+01	8.060705e-01	1.864974e-01	1.864974e-01
6.400000e+01	6.800000e+01	1.635494e+00	3.008104e-01	3.008104e-01
6.800000e+01	7.200000e+01	9.831518e-01	3.086969e-01	3.086969e-01
7.200000e+01	8.000000e+01	1.103581e+00	2.621998e-01	2.621998e-01
# END HISTO1D


# BEGIN HISTO1D //afs/cern.ch/user/m/mdessena/OtherSqrtS/CMSSW_11_2_4/src/Result_ecmPow/result_TOT_5.yoda/CMS_2015_PAS_FSQ_15_007/d09-x01-y01
LineColor=red
LineStyle=dashed
Path=//afs/cern.ch/user/m/mdessena/OtherSqrtS/CMSSW_11_2_4/src/Result_ecmPow/result_TOT_5.yoda/CMS_2015_PAS_FSQ_15_007/d09-x01-y01
Title=result_TOT_5
# xlow	 xhigh	 val	 errminus	 errplus
5.000000e-01	1.000000e+00	nan	nan	nan
1.000000e+00	1.500000e+00	3.152416e-02	1.127818e-04	1.127818e-04
1.500000e+00	2.000000e+00	7.560606e-02	2.398178e-04	2.398178e-04
2.000000e+00	2.500000e+00	1.352822e-01	4.244818e-04	4.244818e-04
2.500000e+00	3.000000e+00	2.034923e-01	6.532102e-04	6.532102e-04
3.000000e+00	3.500000e+00	2.791043e-01	9.182841e-04	9.182841e-04
3.500000e+00	4.000000e+00	3.575999e-01	1.187695e-03	1.187695e-03
4.000000e+00	4.500000e+00	4.343923e-01	1.491141e-03	1.491141e-03
4.500000e+00	5.000000e+00	5.079892e-01	1.812773e-03	1.812773e-03
5.000000e+00	6.000000e+00	6.076812e-01	1.643568e-03	1.643568e-03
6.000000e+00	7.000000e+00	7.231348e-01	2.213725e-03	2.213725e-03
7.000000e+00	8.000000e+00	8.102708e-01	2.859524e-03	2.859524e-03
8.000000e+00	9.000000e+00	8.819527e-01	3.658072e-03	3.658072e-03
9.000000e+00	1.000000e+01	9.368315e-01	4.599640e-03	4.599640e-03
1.000000e+01	1.200000e+01	9.762147e-01	4.340214e-03	4.340214e-03
1.200000e+01	1.400000e+01	1.024052e+00	6.456094e-03	6.456094e-03
1.400000e+01	1.600000e+01	1.038198e+00	9.039560e-03	9.039560e-03
1.600000e+01	1.800000e+01	1.049908e+00	1.216594e-02	1.216594e-02
1.800000e+01	2.000000e+01	1.076267e+00	1.619064e-02	1.619064e-02
2.000000e+01	2.400000e+01	1.060242e+00	1.605795e-02	1.605795e-02
2.400000e+01	2.800000e+01	1.025032e+00	2.431093e-02	2.431093e-02
2.800000e+01	3.200000e+01	1.022393e+00	3.568402e-02	3.568402e-02
3.200000e+01	3.600000e+01	9.732179e-01	4.453585e-02	4.453585e-02
3.600000e+01	4.000000e+01	1.007880e+00	6.262259e-02	6.262259e-02
4.000000e+01	4.400000e+01	1.019278e+00	1.055255e-01	1.055255e-01
4.400000e+01	4.800000e+01	9.936135e-01	9.812279e-02	9.812279e-02
4.800000e+01	5.200000e+01	1.097948e+00	1.860919e-01	1.860919e-01
5.200000e+01	5.600000e+01	1.122270e+00	1.728576e-01	1.728576e-01
5.600000e+01	6.000000e+01	1.009443e+00	2.365209e-01	2.365209e-01
6.000000e+01	6.400000e+01	9.562015e-01	1.672920e-01	1.672920e-01
6.400000e+01	6.800000e+01	1.370436e+00	3.582433e-01	3.582433e-01
6.800000e+01	7.200000e+01	1.294786e+00	2.660814e-01	2.660814e-01
7.200000e+01	8.000000e+01	6.085119e-01	1.709448e-01	1.709448e-01
# END HISTO1D


# BEGIN HISTO1D //afs/cern.ch/user/m/mdessena/OtherSqrtS/CMSSW_11_2_4/src/Result_ecmPow/result_TOT_6.yoda/CMS_2015_PAS_FSQ_15_007/d09-x01-y01
LineColor=blue
LineStyle=dashed
Path=//afs/cern.ch/user/m/mdessena/OtherSqrtS/CMSSW_11_2_4/src/Result_ecmPow/result_TOT_6.yoda/CMS_2015_PAS_FSQ_15_007/d09-x01-y01
Title=result_TOT_6
# xlow	 xhigh	 val	 errminus	 errplus
5.000000e-01	1.000000e+00	nan	nan	nan
1.000000e+00	1.500000e+00	3.207796e-02	1.129986e-04	1.129986e-04
1.500000e+00	2.000000e+00	7.401434e-02	2.290238e-04	2.290238e-04
2.000000e+00	2.500000e+00	1.283201e-01	3.935502e-04	3.935502e-04
2.500000e+00	3.000000e+00	1.876819e-01	5.948162e-04	5.948162e-04
3.000000e+00	3.500000e+00	2.504201e-01	8.128995e-04	8.128995e-04
3.500000e+00	4.000000e+00	3.151582e-01	1.060465e-03	1.060465e-03
4.000000e+00	4.500000e+00	3.754842e-01	1.323697e-03	1.323697e-03
4.500000e+00	5.000000e+00	4.317297e-01	1.607919e-03	1.607919e-03
5.000000e+00	6.000000e+00	5.057824e-01	1.461337e-03	1.461337e-03
6.000000e+00	7.000000e+00	5.895289e-01	1.985773e-03	1.985773e-03
7.000000e+00	8.000000e+00	6.521710e-01	2.589777e-03	2.589777e-03
8.000000e+00	9.000000e+00	7.067922e-01	3.332646e-03	3.332646e-03
9.000000e+00	1.000000e+01	7.434458e-01	4.135553e-03	4.135553e-03
1.000000e+01	1.200000e+01	7.735439e-01	4.011366e-03	4.011366e-03
1.200000e+01	1.400000e+01	8.129664e-01	5.793851e-03	5.793851e-03
1.400000e+01	1.600000e+01	8.269183e-01	8.176661e-03	8.176661e-03
1.600000e+01	1.800000e+01	8.385080e-01	1.108983e-02	1.108983e-02
1.800000e+01	2.000000e+01	8.505575e-01	1.490017e-02	1.490017e-02
2.000000e+01	2.400000e+01	8.193212e-01	1.402108e-02	1.402108e-02
2.400000e+01	2.800000e+01	8.266422e-01	2.156457e-02	2.156457e-02
2.800000e+01	3.200000e+01	8.513135e-01	3.074316e-02	3.074316e-02
3.200000e+01	3.600000e+01	8.003814e-01	3.812417e-02	3.812417e-02
3.600000e+01	4.000000e+01	8.996553e-01	6.022475e-02	6.022475e-02
4.000000e+01	4.400000e+01	8.332262e-01	7.006257e-02	7.006257e-02
4.400000e+01	4.800000e+01	7.035074e-01	6.927543e-02	6.927543e-02
4.800000e+01	5.200000e+01	7.905322e-01	9.173516e-02	9.173516e-02
5.200000e+01	5.600000e+01	8.931506e-01	1.470045e-01	1.470045e-01
5.600000e+01	6.000000e+01	9.804506e-01	2.478738e-01	2.478738e-01
6.000000e+01	6.400000e+01	9.789133e-01	1.602933e-01	1.602933e-01
6.400000e+01	6.800000e+01	6.272419e-01	1.133457e-01	1.133457e-01
6.800000e+01	7.200000e+01	1.062839e+00	3.569039e-01	3.569039e-01
7.200000e+01	8.000000e+01	1.316559e+00	2.155756e-01	2.155756e-01
# END HISTO1D


# BEGIN HISTO1D //afs/cern.ch/user/m/mdessena/OtherSqrtS/CMSSW_11_2_4/src/Result_ecmPow/result_TOT_7.yoda/CMS_2015_PAS_FSQ_15_007/d09-x01-y01
LineColor=green
LineStyle=dashed
Path=//afs/cern.ch/user/m/mdessena/OtherSqrtS/CMSSW_11_2_4/src/Result_ecmPow/result_TOT_7.yoda/CMS_2015_PAS_FSQ_15_007/d09-x01-y01
Title=result_TOT_7
# xlow	 xhigh	 val	 errminus	 errplus
5.000000e-01	1.000000e+00	nan	nan	nan
1.000000e+00	1.500000e+00	3.178948e-02	1.125702e-04	1.125702e-04
1.500000e+00	2.000000e+00	7.334822e-02	2.261601e-04	2.261601e-04
2.000000e+00	2.500000e+00	1.255062e-01	3.830562e-04	3.830562e-04
2.500000e+00	3.000000e+00	1.842857e-01	5.805014e-04	5.805014e-04
3.000000e+00	3.500000e+00	2.439292e-01	7.947689e-04	7.947689e-04
3.500000e+00	4.000000e+00	3.030795e-01	1.029100e-03	1.029100e-03
4.000000e+00	4.500000e+00	3.594767e-01	1.285091e-03	1.285091e-03
4.500000e+00	5.000000e+00	4.111147e-01	1.549439e-03	1.549439e-03
5.000000e+00	6.000000e+00	4.833989e-01	1.426647e-03	1.426647e-03
6.000000e+00	7.000000e+00	5.577725e-01	1.933112e-03	1.933112e-03
7.000000e+00	8.000000e+00	6.195554e-01	2.546251e-03	2.546251e-03
8.000000e+00	9.000000e+00	6.583252e-01	3.203672e-03	3.203672e-03
9.000000e+00	1.000000e+01	6.985044e-01	4.056903e-03	4.056903e-03
1.000000e+01	1.200000e+01	7.317931e-01	3.906954e-03	3.906954e-03
1.200000e+01	1.400000e+01	7.538367e-01	5.592563e-03	5.592563e-03
1.400000e+01	1.600000e+01	7.781133e-01	7.980645e-03	7.980645e-03
1.600000e+01	1.800000e+01	7.999284e-01	1.101564e-02	1.101564e-02
1.800000e+01	2.000000e+01	7.706518e-01	1.333239e-02	1.333239e-02
2.000000e+01	2.400000e+01	7.886887e-01	1.400472e-02	1.400472e-02
2.400000e+01	2.800000e+01	7.717782e-01	2.079928e-02	2.079928e-02
2.800000e+01	3.200000e+01	8.305380e-01	3.078204e-02	3.078204e-02
3.200000e+01	3.600000e+01	7.921337e-01	4.244071e-02	4.244071e-02
3.600000e+01	4.000000e+01	9.396390e-01	5.954033e-02	5.954033e-02
4.000000e+01	4.400000e+01	7.241050e-01	6.091233e-02	6.091233e-02
4.400000e+01	4.800000e+01	8.342022e-01	9.967043e-02	9.967043e-02
4.800000e+01	5.200000e+01	7.445180e-01	9.797832e-02	9.797832e-02
5.200000e+01	5.600000e+01	1.248642e+00	2.312370e-01	2.312370e-01
5.600000e+01	6.000000e+01	1.122169e+00	1.746098e-01	1.746098e-01
6.000000e+01	6.400000e+01	9.115290e-01	2.549346e-01	2.549346e-01
6.400000e+01	6.800000e+01	5.307419e-01	1.631514e-01	1.631514e-01
6.800000e+01	7.200000e+01	7.085980e-01	1.648701e-01	1.648701e-01
7.200000e+01	8.000000e+01	7.773886e-01	1.320083e-01	1.320083e-01
# END HISTO1D

