# BEGIN PLOT
XTwosidedTicks=1
YTwosidedTicks=1
XMax=52
XLabelSep=4.4
RatioPlotReference=/CMS_2015_PAS_FSQ_15_007/d12-x01-y01
ConnectBins=0
RatioPlot=1
LogY=0
LegendXPos=0.40
XLabel=\large{$p_\text{T}^{\text{jet}}$[GeV]}
YLabelSep=5.4
YLabel=\large{$(1/N_\text{events})\; dp_\text{T}^{\text{sum}}\,/d\eta\, d\phi$}
Title=\large{CMS, 13 TeV, MB, TransAVG charged $p_\text{T}^{\text{sum}}$ density}
DrawOnly=/CMS_2015_PAS_FSQ_15_007/d12-x01-y01 //afs/cern.ch/user/m/mdessena/OtherSqrtS/CMSSW_11_2_4/src/Result_ecmPow/result_TOT_0.yoda/CMS_2015_PAS_FSQ_15_007/d12-x01-y01 //afs/cern.ch/user/m/mdessena/OtherSqrtS/CMSSW_11_2_4/src/Result_ecmPow/result_TOT_1.yoda/CMS_2015_PAS_FSQ_15_007/d12-x01-y01 //afs/cern.ch/user/m/mdessena/OtherSqrtS/CMSSW_11_2_4/src/Result_ecmPow/result_TOT_2.yoda/CMS_2015_PAS_FSQ_15_007/d12-x01-y01 //afs/cern.ch/user/m/mdessena/OtherSqrtS/CMSSW_11_2_4/src/Result_ecmPow/result_TOT_3.yoda/CMS_2015_PAS_FSQ_15_007/d12-x01-y01 //afs/cern.ch/user/m/mdessena/OtherSqrtS/CMSSW_11_2_4/src/Result_ecmPow/result_TOT_4.yoda/CMS_2015_PAS_FSQ_15_007/d12-x01-y01 //afs/cern.ch/user/m/mdessena/OtherSqrtS/CMSSW_11_2_4/src/Result_ecmPow/result_TOT_5.yoda/CMS_2015_PAS_FSQ_15_007/d12-x01-y01 //afs/cern.ch/user/m/mdessena/OtherSqrtS/CMSSW_11_2_4/src/Result_ecmPow/result_TOT_6.yoda/CMS_2015_PAS_FSQ_15_007/d12-x01-y01 //afs/cern.ch/user/m/mdessena/OtherSqrtS/CMSSW_11_2_4/src/Result_ecmPow/result_TOT_7.yoda/CMS_2015_PAS_FSQ_15_007/d12-x01-y01
RatioPlotErrorBandColor=grey!40!yellow!60
LegendYPos=0.50
Legend=1
LegendOnly=/CMS_2015_PAS_FSQ_15_007/d12-x01-y01 //afs/cern.ch/user/m/mdessena/OtherSqrtS/CMSSW_11_2_4/src/Result_ecmPow/result_TOT_0.yoda/CMS_2015_PAS_FSQ_15_007/d12-x01-y01 //afs/cern.ch/user/m/mdessena/OtherSqrtS/CMSSW_11_2_4/src/Result_ecmPow/result_TOT_1.yoda/CMS_2015_PAS_FSQ_15_007/d12-x01-y01 //afs/cern.ch/user/m/mdessena/OtherSqrtS/CMSSW_11_2_4/src/Result_ecmPow/result_TOT_2.yoda/CMS_2015_PAS_FSQ_15_007/d12-x01-y01 //afs/cern.ch/user/m/mdessena/OtherSqrtS/CMSSW_11_2_4/src/Result_ecmPow/result_TOT_3.yoda/CMS_2015_PAS_FSQ_15_007/d12-x01-y01 //afs/cern.ch/user/m/mdessena/OtherSqrtS/CMSSW_11_2_4/src/Result_ecmPow/result_TOT_4.yoda/CMS_2015_PAS_FSQ_15_007/d12-x01-y01 //afs/cern.ch/user/m/mdessena/OtherSqrtS/CMSSW_11_2_4/src/Result_ecmPow/result_TOT_5.yoda/CMS_2015_PAS_FSQ_15_007/d12-x01-y01 //afs/cern.ch/user/m/mdessena/OtherSqrtS/CMSSW_11_2_4/src/Result_ecmPow/result_TOT_6.yoda/CMS_2015_PAS_FSQ_15_007/d12-x01-y01 //afs/cern.ch/user/m/mdessena/OtherSqrtS/CMSSW_11_2_4/src/Result_ecmPow/result_TOT_7.yoda/CMS_2015_PAS_FSQ_15_007/d12-x01-y01
# END PLOT

# BEGIN HISTO1D /CMS_2015_PAS_FSQ_15_007/d12-x01-y01
ConnectBins=0
ErrorBars=1
Path=/CMS_2015_PAS_FSQ_15_007/d12-x01-y01
PolyMarker=*
Title=Data
# xlow	 xhigh	 val	 errminus	 errplus
5.000000e-01	1.000000e+00	0.000000e+00	0.000000e+00	0.000000e+00
1.000000e+00	1.500000e+00	8.383945e-02	2.658111e-03	2.658111e-03
1.500000e+00	2.000000e+00	1.612183e-01	7.706684e-03	7.706684e-03
2.000000e+00	2.500000e+00	2.582552e-01	1.557551e-02	1.557551e-02
2.500000e+00	3.000000e+00	3.674205e-01	2.546686e-02	2.546686e-02
3.000000e+00	3.500000e+00	4.760800e-01	3.050361e-02	3.050361e-02
3.500000e+00	4.000000e+00	5.823765e-01	3.746593e-02	3.746593e-02
4.000000e+00	4.500000e+00	6.840829e-01	3.268538e-02	3.268538e-02
4.500000e+00	5.000000e+00	7.821118e-01	2.804914e-02	2.804914e-02
5.000000e+00	6.000000e+00	8.937552e-01	2.097210e-02	2.097210e-02
6.000000e+00	7.000000e+00	1.036097e+00	1.370833e-02	1.370833e-02
7.000000e+00	8.000000e+00	1.154867e+00	9.728894e-03	9.728894e-03
8.000000e+00	9.000000e+00	1.252363e+00	5.292042e-03	5.292042e-03
9.000000e+00	1.000000e+01	1.325565e+00	9.689377e-03	9.689377e-03
1.000000e+01	1.200000e+01	1.394176e+00	9.448422e-03	9.448422e-03
1.200000e+01	1.400000e+01	1.472408e+00	1.041713e-02	1.041713e-02
1.400000e+01	1.600000e+01	1.546505e+00	1.183033e-02	1.183033e-02
1.600000e+01	1.800000e+01	1.604712e+00	1.420892e-02	1.420892e-02
1.800000e+01	2.000000e+01	1.545633e+00	1.613155e-02	1.613155e-02
2.000000e+01	2.400000e+01	1.594344e+00	1.825933e-02	1.825933e-02
2.400000e+01	2.800000e+01	1.632603e+00	2.961800e-02	2.961800e-02
2.800000e+01	3.200000e+01	1.630570e+00	4.593295e-02	4.593295e-02
3.200000e+01	3.600000e+01	1.671518e+00	7.965797e-02	7.965797e-02
3.600000e+01	4.000000e+01	1.758366e+00	1.119226e-01	1.119226e-01
4.000000e+01	4.400000e+01	1.778571e+00	1.597617e-01	1.597617e-01
4.400000e+01	4.800000e+01	1.487292e+00	1.725068e-01	1.725068e-01
4.800000e+01	5.200000e+01	1.795906e+00	2.278761e-01	2.278761e-01
5.200000e+01	5.600000e+01	1.496265e+00	2.483709e-01	2.483709e-01
5.600000e+01	6.000000e+01	1.818258e+00	2.390002e-01	2.390002e-01
6.000000e+01	6.400000e+01	2.223891e+00	3.918841e-01	3.918841e-01
6.400000e+01	6.800000e+01	1.271994e+00	3.011544e-01	3.011544e-01
6.800000e+01	7.200000e+01	1.241548e+00	3.728030e-01	3.728030e-01
7.200000e+01	8.000000e+01	2.660247e+00	6.024017e-01	6.024017e-01
# END HISTO1D


# BEGIN HISTO1D //afs/cern.ch/user/m/mdessena/OtherSqrtS/CMSSW_11_2_4/src/Result_ecmPow/result_TOT_0.yoda/CMS_2015_PAS_FSQ_15_007/d12-x01-y01
LineColor=red
LineStyle=solid
Path=//afs/cern.ch/user/m/mdessena/OtherSqrtS/CMSSW_11_2_4/src/Result_ecmPow/result_TOT_0.yoda/CMS_2015_PAS_FSQ_15_007/d12-x01-y01
Title=result_TOT_0
# xlow	 xhigh	 val	 errminus	 errplus
5.000000e-01	1.000000e+00	nan	nan	nan
1.000000e+00	1.500000e+00	8.510066e-02	1.492097e-04	1.492097e-04
1.500000e+00	2.000000e+00	1.588137e-01	2.875938e-04	2.875938e-04
2.000000e+00	2.500000e+00	2.428829e-01	4.823455e-04	4.823455e-04
2.500000e+00	3.000000e+00	3.337966e-01	7.215587e-04	7.215587e-04
3.000000e+00	3.500000e+00	4.232526e-01	9.871186e-04	9.871186e-04
3.500000e+00	4.000000e+00	5.154523e-01	1.270118e-03	1.270118e-03
4.000000e+00	4.500000e+00	6.046074e-01	1.585522e-03	1.585522e-03
4.500000e+00	5.000000e+00	6.858987e-01	1.925507e-03	1.925507e-03
5.000000e+00	6.000000e+00	7.940187e-01	1.741222e-03	1.741222e-03
6.000000e+00	7.000000e+00	9.117851e-01	2.334541e-03	2.334541e-03
7.000000e+00	8.000000e+00	1.003402e+00	3.065990e-03	3.065990e-03
8.000000e+00	9.000000e+00	1.081507e+00	3.862823e-03	3.862823e-03
9.000000e+00	1.000000e+01	1.134262e+00	4.911630e-03	4.911630e-03
1.000000e+01	1.200000e+01	1.191584e+00	4.689871e-03	4.689871e-03
1.200000e+01	1.400000e+01	1.233402e+00	6.915958e-03	6.915958e-03
1.400000e+01	1.600000e+01	1.268423e+00	9.731741e-03	9.731741e-03
1.600000e+01	1.800000e+01	1.273650e+00	1.299268e-02	1.299268e-02
1.800000e+01	2.000000e+01	1.321658e+00	1.770834e-02	1.770834e-02
2.000000e+01	2.400000e+01	1.351078e+00	1.791217e-02	1.791217e-02
2.400000e+01	2.800000e+01	1.360651e+00	2.744662e-02	2.744662e-02
2.800000e+01	3.200000e+01	1.357211e+00	3.865842e-02	3.865842e-02
3.200000e+01	3.600000e+01	1.450103e+00	5.735731e-02	5.735731e-02
3.600000e+01	4.000000e+01	1.398004e+00	7.298331e-02	7.298331e-02
4.000000e+01	4.400000e+01	1.432510e+00	1.151724e-01	1.151724e-01
4.400000e+01	4.800000e+01	1.597537e+00	1.167400e-01	1.167400e-01
4.800000e+01	5.200000e+01	1.756392e+00	2.115668e-01	2.115668e-01
5.200000e+01	5.600000e+01	1.300127e+00	1.857628e-01	1.857628e-01
5.600000e+01	6.000000e+01	1.313043e+00	1.935860e-01	1.935860e-01
6.000000e+01	6.400000e+01	1.390925e+00	3.414401e-01	3.414401e-01
6.400000e+01	6.800000e+01	1.841766e+00	2.581791e-01	2.581791e-01
6.800000e+01	7.200000e+01	1.803847e+00	4.404478e-01	4.404478e-01
7.200000e+01	8.000000e+01	1.520122e+00	3.731931e-01	3.731931e-01
# END HISTO1D


# BEGIN HISTO1D //afs/cern.ch/user/m/mdessena/OtherSqrtS/CMSSW_11_2_4/src/Result_ecmPow/result_TOT_1.yoda/CMS_2015_PAS_FSQ_15_007/d12-x01-y01
LineColor=blue
LineStyle=solid
Path=//afs/cern.ch/user/m/mdessena/OtherSqrtS/CMSSW_11_2_4/src/Result_ecmPow/result_TOT_1.yoda/CMS_2015_PAS_FSQ_15_007/d12-x01-y01
Title=result_TOT_1
# xlow	 xhigh	 val	 errminus	 errplus
5.000000e-01	1.000000e+00	nan	nan	nan
1.000000e+00	1.500000e+00	8.487160e-02	1.493871e-04	1.493871e-04
1.500000e+00	2.000000e+00	1.597371e-01	2.948106e-04	2.948106e-04
2.000000e+00	2.500000e+00	2.485278e-01	5.025921e-04	5.025921e-04
2.500000e+00	3.000000e+00	3.411953e-01	7.531760e-04	7.531760e-04
3.000000e+00	3.500000e+00	4.407820e-01	1.036896e-03	1.036896e-03
3.500000e+00	4.000000e+00	5.410816e-01	1.344978e-03	1.344978e-03
4.000000e+00	4.500000e+00	6.368814e-01	1.682530e-03	1.682530e-03
4.500000e+00	5.000000e+00	7.295878e-01	2.020200e-03	2.020200e-03
5.000000e+00	6.000000e+00	8.518090e-01	1.821779e-03	1.821779e-03
6.000000e+00	7.000000e+00	9.899610e-01	2.438706e-03	2.438706e-03
7.000000e+00	8.000000e+00	1.091370e+00	3.158116e-03	3.158116e-03
8.000000e+00	9.000000e+00	1.175314e+00	4.018418e-03	4.018418e-03
9.000000e+00	1.000000e+01	1.234914e+00	5.077959e-03	5.077959e-03
1.000000e+01	1.200000e+01	1.300918e+00	4.872091e-03	4.872091e-03
1.200000e+01	1.400000e+01	1.355572e+00	7.043319e-03	7.043319e-03
1.400000e+01	1.600000e+01	1.390778e+00	9.982664e-03	9.982664e-03
1.600000e+01	1.800000e+01	1.388575e+00	1.366968e-02	1.366968e-02
1.800000e+01	2.000000e+01	1.431497e+00	1.815888e-02	1.815888e-02
2.000000e+01	2.400000e+01	1.424583e+00	1.795244e-02	1.795244e-02
2.400000e+01	2.800000e+01	1.456762e+00	2.786972e-02	2.786972e-02
2.800000e+01	3.200000e+01	1.538269e+00	3.994620e-02	3.994620e-02
3.200000e+01	3.600000e+01	1.525953e+00	5.961652e-02	5.961652e-02
3.600000e+01	4.000000e+01	1.508601e+00	7.576905e-02	7.576905e-02
4.000000e+01	4.400000e+01	1.584024e+00	1.144235e-01	1.144235e-01
4.400000e+01	4.800000e+01	1.538156e+00	1.479925e-01	1.479925e-01
4.800000e+01	5.200000e+01	1.767153e+00	1.659311e-01	1.659311e-01
5.200000e+01	5.600000e+01	1.776605e+00	2.230960e-01	2.230960e-01
5.600000e+01	6.000000e+01	1.582630e+00	2.502011e-01	2.502011e-01
6.000000e+01	6.400000e+01	1.592816e+00	3.067606e-01	3.067606e-01
6.400000e+01	6.800000e+01	2.301990e+00	4.767970e-01	4.767970e-01
6.800000e+01	7.200000e+01	2.009803e+00	4.447386e-01	4.447386e-01
7.200000e+01	8.000000e+01	2.165461e+00	4.676808e-01	4.676808e-01
# END HISTO1D


# BEGIN HISTO1D //afs/cern.ch/user/m/mdessena/OtherSqrtS/CMSSW_11_2_4/src/Result_ecmPow/result_TOT_2.yoda/CMS_2015_PAS_FSQ_15_007/d12-x01-y01
LineColor=green
LineStyle=solid
Path=//afs/cern.ch/user/m/mdessena/OtherSqrtS/CMSSW_11_2_4/src/Result_ecmPow/result_TOT_2.yoda/CMS_2015_PAS_FSQ_15_007/d12-x01-y01
Title=result_TOT_2
# xlow	 xhigh	 val	 errminus	 errplus
5.000000e-01	1.000000e+00	nan	nan	nan
1.000000e+00	1.500000e+00	8.496558e-02	1.493071e-04	1.493071e-04
1.500000e+00	2.000000e+00	1.583965e-01	2.898879e-04	2.898879e-04
2.000000e+00	2.500000e+00	2.450557e-01	4.896105e-04	4.896105e-04
2.500000e+00	3.000000e+00	3.369285e-01	7.349470e-04	7.349470e-04
3.000000e+00	3.500000e+00	4.321761e-01	1.016448e-03	1.016448e-03
3.500000e+00	4.000000e+00	5.253706e-01	1.296925e-03	1.296925e-03
4.000000e+00	4.500000e+00	6.158327e-01	1.609055e-03	1.609055e-03
4.500000e+00	5.000000e+00	7.057975e-01	1.967358e-03	1.967358e-03
5.000000e+00	6.000000e+00	8.180476e-01	1.777116e-03	1.777116e-03
6.000000e+00	7.000000e+00	9.447156e-01	2.373202e-03	2.373202e-03
7.000000e+00	8.000000e+00	1.045817e+00	3.106825e-03	3.106825e-03
8.000000e+00	9.000000e+00	1.120336e+00	3.982702e-03	3.982702e-03
9.000000e+00	1.000000e+01	1.182864e+00	4.998114e-03	4.998114e-03
1.000000e+01	1.200000e+01	1.233170e+00	4.724538e-03	4.724538e-03
1.200000e+01	1.400000e+01	1.283968e+00	6.981813e-03	6.981813e-03
1.400000e+01	1.600000e+01	1.328856e+00	9.827076e-03	9.827076e-03
1.600000e+01	1.800000e+01	1.326221e+00	1.323873e-02	1.323873e-02
1.800000e+01	2.000000e+01	1.325342e+00	1.709337e-02	1.709337e-02
2.000000e+01	2.400000e+01	1.359397e+00	1.773848e-02	1.773848e-02
2.400000e+01	2.800000e+01	1.353217e+00	2.693227e-02	2.693227e-02
2.800000e+01	3.200000e+01	1.446549e+00	4.096399e-02	4.096399e-02
3.200000e+01	3.600000e+01	1.408371e+00	5.438126e-02	5.438126e-02
3.600000e+01	4.000000e+01	1.389041e+00	7.058658e-02	7.058658e-02
4.000000e+01	4.400000e+01	1.456299e+00	9.606479e-02	9.606479e-02
4.400000e+01	4.800000e+01	1.201466e+00	9.136915e-02	9.136915e-02
4.800000e+01	5.200000e+01	1.638996e+00	1.310619e-01	1.310619e-01
5.200000e+01	5.600000e+01	1.476301e+00	1.828561e-01	1.828561e-01
5.600000e+01	6.000000e+01	1.836991e+00	5.562101e-01	5.562101e-01
6.000000e+01	6.400000e+01	1.380623e+00	2.428765e-01	2.428765e-01
6.400000e+01	6.800000e+01	1.482664e+00	3.379696e-01	3.379696e-01
6.800000e+01	7.200000e+01	1.912734e+00	2.842716e-01	2.842716e-01
7.200000e+01	8.000000e+01	1.786188e+00	1.499065e-01	1.499065e-01
# END HISTO1D


# BEGIN HISTO1D //afs/cern.ch/user/m/mdessena/OtherSqrtS/CMSSW_11_2_4/src/Result_ecmPow/result_TOT_3.yoda/CMS_2015_PAS_FSQ_15_007/d12-x01-y01
LineColor=orange
LineStyle=solid
Path=//afs/cern.ch/user/m/mdessena/OtherSqrtS/CMSSW_11_2_4/src/Result_ecmPow/result_TOT_3.yoda/CMS_2015_PAS_FSQ_15_007/d12-x01-y01
Title=result_TOT_3
# xlow	 xhigh	 val	 errminus	 errplus
5.000000e-01	1.000000e+00	nan	nan	nan
1.000000e+00	1.500000e+00	8.543238e-02	1.491961e-04	1.491961e-04
1.500000e+00	2.000000e+00	1.575807e-01	2.811291e-04	2.811291e-04
2.000000e+00	2.500000e+00	2.402963e-01	4.668211e-04	4.668211e-04
2.500000e+00	3.000000e+00	3.240220e-01	6.895708e-04	6.895708e-04
3.000000e+00	3.500000e+00	4.066145e-01	9.342446e-04	9.342446e-04
3.500000e+00	4.000000e+00	4.915074e-01	1.202965e-03	1.202965e-03
4.000000e+00	4.500000e+00	5.662016e-01	1.491337e-03	1.491337e-03
4.500000e+00	5.000000e+00	6.378177e-01	1.815879e-03	1.815879e-03
5.000000e+00	6.000000e+00	7.273323e-01	1.638510e-03	1.638510e-03
6.000000e+00	7.000000e+00	8.310560e-01	2.217472e-03	2.217472e-03
7.000000e+00	8.000000e+00	9.085620e-01	2.890995e-03	2.890995e-03
8.000000e+00	9.000000e+00	9.720489e-01	3.753847e-03	3.753847e-03
9.000000e+00	1.000000e+01	1.023231e+00	4.750914e-03	4.750914e-03
1.000000e+01	1.200000e+01	1.080341e+00	4.545910e-03	4.545910e-03
1.200000e+01	1.400000e+01	1.112585e+00	6.660164e-03	6.660164e-03
1.400000e+01	1.600000e+01	1.133030e+00	9.215153e-03	9.215153e-03
1.600000e+01	1.800000e+01	1.166032e+00	1.261225e-02	1.261225e-02
1.800000e+01	2.000000e+01	1.238095e+00	1.748759e-02	1.748759e-02
2.000000e+01	2.400000e+01	1.196022e+00	1.654285e-02	1.654285e-02
2.400000e+01	2.800000e+01	1.206107e+00	2.519964e-02	2.519964e-02
2.800000e+01	3.200000e+01	1.247950e+00	3.925071e-02	3.925071e-02
3.200000e+01	3.600000e+01	1.207238e+00	5.073286e-02	5.073286e-02
3.600000e+01	4.000000e+01	1.266791e+00	7.060219e-02	7.060219e-02
4.000000e+01	4.400000e+01	1.339185e+00	9.102095e-02	9.102095e-02
4.400000e+01	4.800000e+01	1.106268e+00	1.083226e-01	1.083226e-01
4.800000e+01	5.200000e+01	1.457535e+00	1.491399e-01	1.491399e-01
5.200000e+01	5.600000e+01	1.755126e+00	2.568330e-01	2.568330e-01
5.600000e+01	6.000000e+01	1.520475e+00	2.315341e-01	2.315341e-01
6.000000e+01	6.400000e+01	1.452519e+00	3.165527e-01	3.165527e-01
6.400000e+01	6.800000e+01	1.184082e+00	2.245422e-01	2.245422e-01
6.800000e+01	7.200000e+01	1.654691e+00	4.488918e-01	4.488918e-01
7.200000e+01	8.000000e+01	1.862722e+00	3.106229e-01	3.106229e-01
# END HISTO1D


# BEGIN HISTO1D //afs/cern.ch/user/m/mdessena/OtherSqrtS/CMSSW_11_2_4/src/Result_ecmPow/result_TOT_4.yoda/CMS_2015_PAS_FSQ_15_007/d12-x01-y01
LineColor=lilac
LineStyle=solid
Path=//afs/cern.ch/user/m/mdessena/OtherSqrtS/CMSSW_11_2_4/src/Result_ecmPow/result_TOT_4.yoda/CMS_2015_PAS_FSQ_15_007/d12-x01-y01
Title=result_TOT_4
# xlow	 xhigh	 val	 errminus	 errplus
5.000000e-01	1.000000e+00	nan	nan	nan
1.000000e+00	1.500000e+00	8.412545e-02	1.498882e-04	1.498882e-04
1.500000e+00	2.000000e+00	1.604060e-01	3.023358e-04	3.023358e-04
2.000000e+00	2.500000e+00	2.527629e-01	5.202505e-04	5.202505e-04
2.500000e+00	3.000000e+00	3.516905e-01	7.885041e-04	7.885041e-04
3.000000e+00	3.500000e+00	4.570156e-01	1.094484e-03	1.094484e-03
3.500000e+00	4.000000e+00	5.632271e-01	1.416885e-03	1.416885e-03
4.000000e+00	4.500000e+00	6.739623e-01	1.775426e-03	1.775426e-03
4.500000e+00	5.000000e+00	7.776319e-01	2.132706e-03	2.132706e-03
5.000000e+00	6.000000e+00	9.133901e-01	1.913378e-03	1.913378e-03
6.000000e+00	7.000000e+00	1.071355e+00	2.561454e-03	2.561454e-03
7.000000e+00	8.000000e+00	1.191171e+00	3.302843e-03	3.302843e-03
8.000000e+00	9.000000e+00	1.288207e+00	4.189946e-03	4.189946e-03
9.000000e+00	1.000000e+01	1.359824e+00	5.266399e-03	5.266399e-03
1.000000e+01	1.200000e+01	1.427013e+00	5.068237e-03	5.068237e-03
1.200000e+01	1.400000e+01	1.473089e+00	7.374265e-03	7.374265e-03
1.400000e+01	1.600000e+01	1.521562e+00	1.048874e-02	1.048874e-02
1.600000e+01	1.800000e+01	1.553266e+00	1.440993e-02	1.440993e-02
1.800000e+01	2.000000e+01	1.557608e+00	1.907802e-02	1.907802e-02
2.000000e+01	2.400000e+01	1.557285e+00	1.926321e-02	1.926321e-02
2.400000e+01	2.800000e+01	1.603229e+00	3.081034e-02	3.081034e-02
2.800000e+01	3.200000e+01	1.540257e+00	4.018831e-02	4.018831e-02
3.200000e+01	3.600000e+01	1.669781e+00	6.145855e-02	6.145855e-02
3.600000e+01	4.000000e+01	1.721153e+00	8.861821e-02	8.861821e-02
4.000000e+01	4.400000e+01	1.683165e+00	9.919298e-02	9.919298e-02
4.400000e+01	4.800000e+01	1.554937e+00	1.228336e-01	1.228336e-01
4.800000e+01	5.200000e+01	1.981324e+00	1.845239e-01	1.845239e-01
5.200000e+01	5.600000e+01	1.827985e+00	2.123012e-01	2.123012e-01
5.600000e+01	6.000000e+01	1.386123e+00	2.098789e-01	2.098789e-01
6.000000e+01	6.400000e+01	1.474219e+00	2.776736e-01	2.776736e-01
6.400000e+01	6.800000e+01	2.110553e+00	3.394666e-01	3.394666e-01
6.800000e+01	7.200000e+01	1.844035e+00	3.235978e-01	3.235978e-01
7.200000e+01	8.000000e+01	1.960340e+00	3.460832e-01	3.460832e-01
# END HISTO1D


# BEGIN HISTO1D //afs/cern.ch/user/m/mdessena/OtherSqrtS/CMSSW_11_2_4/src/Result_ecmPow/result_TOT_5.yoda/CMS_2015_PAS_FSQ_15_007/d12-x01-y01
LineColor=red
LineStyle=dashed
Path=//afs/cern.ch/user/m/mdessena/OtherSqrtS/CMSSW_11_2_4/src/Result_ecmPow/result_TOT_5.yoda/CMS_2015_PAS_FSQ_15_007/d12-x01-y01
Title=result_TOT_5
# xlow	 xhigh	 val	 errminus	 errplus
5.000000e-01	1.000000e+00	nan	nan	nan
1.000000e+00	1.500000e+00	8.415363e-02	1.496258e-04	1.496258e-04
1.500000e+00	2.000000e+00	1.599217e-01	2.985011e-04	2.985011e-04
2.000000e+00	2.500000e+00	2.504455e-01	5.103639e-04	5.103639e-04
2.500000e+00	3.000000e+00	3.472596e-01	7.740983e-04	7.740983e-04
3.000000e+00	3.500000e+00	4.511851e-01	1.074486e-03	1.074486e-03
3.500000e+00	4.000000e+00	5.572969e-01	1.384558e-03	1.384558e-03
4.000000e+00	4.500000e+00	6.601193e-01	1.723308e-03	1.723308e-03
4.500000e+00	5.000000e+00	7.576922e-01	2.083027e-03	2.083027e-03
5.000000e+00	6.000000e+00	8.840532e-01	1.878734e-03	1.878734e-03
6.000000e+00	7.000000e+00	1.034486e+00	2.516216e-03	2.516216e-03
7.000000e+00	8.000000e+00	1.147280e+00	3.253453e-03	3.253453e-03
8.000000e+00	9.000000e+00	1.239537e+00	4.149744e-03	4.149744e-03
9.000000e+00	1.000000e+01	1.312777e+00	5.218191e-03	5.218191e-03
1.000000e+01	1.200000e+01	1.369411e+00	4.943945e-03	4.943945e-03
1.200000e+01	1.400000e+01	1.434800e+00	7.331047e-03	7.331047e-03
1.400000e+01	1.600000e+01	1.464343e+00	1.031731e-02	1.031731e-02
1.600000e+01	1.800000e+01	1.482208e+00	1.374609e-02	1.374609e-02
1.800000e+01	2.000000e+01	1.521417e+00	1.870783e-02	1.870783e-02
2.000000e+01	2.400000e+01	1.506785e+00	1.862283e-02	1.862283e-02
2.400000e+01	2.800000e+01	1.496850e+00	2.900928e-02	2.900928e-02
2.800000e+01	3.200000e+01	1.517104e+00	4.304365e-02	4.304365e-02
3.200000e+01	3.600000e+01	1.528668e+00	5.549759e-02	5.549759e-02
3.600000e+01	4.000000e+01	1.570938e+00	8.136851e-02	8.136851e-02
4.000000e+01	4.400000e+01	1.571853e+00	1.215719e-01	1.215719e-01
4.400000e+01	4.800000e+01	1.409036e+00	1.142171e-01	1.142171e-01
4.800000e+01	5.200000e+01	1.767340e+00	2.480760e-01	2.480760e-01
5.200000e+01	5.600000e+01	1.657813e+00	2.079819e-01	2.079819e-01
5.600000e+01	6.000000e+01	1.554508e+00	3.011081e-01	3.011081e-01
6.000000e+01	6.400000e+01	1.935828e+00	3.398605e-01	3.398605e-01
6.400000e+01	6.800000e+01	2.456987e+00	4.046724e-01	4.046724e-01
6.800000e+01	7.200000e+01	2.067621e+00	3.788000e-01	3.788000e-01
7.200000e+01	8.000000e+01	1.437814e+00	5.020626e-01	5.020626e-01
# END HISTO1D


# BEGIN HISTO1D //afs/cern.ch/user/m/mdessena/OtherSqrtS/CMSSW_11_2_4/src/Result_ecmPow/result_TOT_6.yoda/CMS_2015_PAS_FSQ_15_007/d12-x01-y01
LineColor=blue
LineStyle=dashed
Path=//afs/cern.ch/user/m/mdessena/OtherSqrtS/CMSSW_11_2_4/src/Result_ecmPow/result_TOT_6.yoda/CMS_2015_PAS_FSQ_15_007/d12-x01-y01
Title=result_TOT_6
# xlow	 xhigh	 val	 errminus	 errplus
5.000000e-01	1.000000e+00	nan	nan	nan
1.000000e+00	1.500000e+00	8.553874e-02	1.494482e-04	1.494482e-04
1.500000e+00	2.000000e+00	1.580806e-01	2.847324e-04	2.847324e-04
2.000000e+00	2.500000e+00	2.421785e-01	4.759351e-04	4.759351e-04
2.500000e+00	3.000000e+00	3.288826e-01	7.092640e-04	7.092640e-04
3.000000e+00	3.500000e+00	4.170491e-01	9.620311e-04	9.620311e-04
3.500000e+00	4.000000e+00	5.048497e-01	1.242143e-03	1.242143e-03
4.000000e+00	4.500000e+00	5.890653e-01	1.545336e-03	1.545336e-03
4.500000e+00	5.000000e+00	6.646295e-01	1.868489e-03	1.868489e-03
5.000000e+00	6.000000e+00	7.639021e-01	1.692706e-03	1.692706e-03
6.000000e+00	7.000000e+00	8.766283e-01	2.288284e-03	2.288284e-03
7.000000e+00	8.000000e+00	9.612742e-01	2.987360e-03	2.987360e-03
8.000000e+00	9.000000e+00	1.032870e+00	3.836145e-03	3.836145e-03
9.000000e+00	1.000000e+01	1.082223e+00	4.754447e-03	4.754447e-03
1.000000e+01	1.200000e+01	1.131664e+00	4.628053e-03	4.628053e-03
1.200000e+01	1.400000e+01	1.191934e+00	6.752582e-03	6.752582e-03
1.400000e+01	1.600000e+01	1.208309e+00	9.489672e-03	9.489672e-03
1.600000e+01	1.800000e+01	1.235460e+00	1.295599e-02	1.295599e-02
1.800000e+01	2.000000e+01	1.265784e+00	1.754464e-02	1.754464e-02
2.000000e+01	2.400000e+01	1.244868e+00	1.687399e-02	1.687399e-02
2.400000e+01	2.800000e+01	1.270055e+00	2.646076e-02	2.646076e-02
2.800000e+01	3.200000e+01	1.348963e+00	3.821194e-02	3.821194e-02
3.200000e+01	3.600000e+01	1.296310e+00	4.995430e-02	4.995430e-02
3.600000e+01	4.000000e+01	1.472059e+00	7.876304e-02	7.876304e-02
4.000000e+01	4.400000e+01	1.355446e+00	8.968600e-02	8.968600e-02
4.400000e+01	4.800000e+01	1.143997e+00	8.720920e-02	8.720920e-02
4.800000e+01	5.200000e+01	1.372752e+00	1.346603e-01	1.346603e-01
5.200000e+01	5.600000e+01	1.428813e+00	1.751965e-01	1.751965e-01
5.600000e+01	6.000000e+01	1.524711e+00	3.263798e-01	3.263798e-01
6.000000e+01	6.400000e+01	1.627753e+00	2.610188e-01	2.610188e-01
6.400000e+01	6.800000e+01	1.108122e+00	1.891492e-01	1.891492e-01
6.800000e+01	7.200000e+01	1.975668e+00	3.606593e-01	3.606593e-01
7.200000e+01	8.000000e+01	2.379294e+00	4.292031e-01	4.292031e-01
# END HISTO1D


# BEGIN HISTO1D //afs/cern.ch/user/m/mdessena/OtherSqrtS/CMSSW_11_2_4/src/Result_ecmPow/result_TOT_7.yoda/CMS_2015_PAS_FSQ_15_007/d12-x01-y01
LineColor=green
LineStyle=dashed
Path=//afs/cern.ch/user/m/mdessena/OtherSqrtS/CMSSW_11_2_4/src/Result_ecmPow/result_TOT_7.yoda/CMS_2015_PAS_FSQ_15_007/d12-x01-y01
Title=result_TOT_7
# xlow	 xhigh	 val	 errminus	 errplus
5.000000e-01	1.000000e+00	nan	nan	nan
1.000000e+00	1.500000e+00	8.536025e-02	1.491916e-04	1.491916e-04
1.500000e+00	2.000000e+00	1.572971e-01	2.815005e-04	2.815005e-04
2.000000e+00	2.500000e+00	2.388663e-01	4.642561e-04	4.642561e-04
2.500000e+00	3.000000e+00	3.243953e-01	6.913757e-04	6.913757e-04
3.000000e+00	3.500000e+00	4.089305e-01	9.413980e-04	9.413980e-04
3.500000e+00	4.000000e+00	4.909791e-01	1.206645e-03	1.206645e-03
4.000000e+00	4.500000e+00	5.679387e-01	1.499805e-03	1.499805e-03
4.500000e+00	5.000000e+00	6.401518e-01	1.810261e-03	1.810261e-03
5.000000e+00	6.000000e+00	7.363730e-01	1.654851e-03	1.654851e-03
6.000000e+00	7.000000e+00	8.373046e-01	2.236856e-03	2.236856e-03
7.000000e+00	8.000000e+00	9.211005e-01	2.937061e-03	2.937061e-03
8.000000e+00	9.000000e+00	9.774382e-01	3.707435e-03	3.707435e-03
9.000000e+00	1.000000e+01	1.027993e+00	4.691803e-03	4.691803e-03
1.000000e+01	1.200000e+01	1.077769e+00	4.545650e-03	4.545650e-03
1.200000e+01	1.400000e+01	1.122605e+00	6.558458e-03	6.558458e-03
1.400000e+01	1.600000e+01	1.158256e+00	9.374703e-03	9.374703e-03
1.600000e+01	1.800000e+01	1.191448e+00	1.304244e-02	1.304244e-02
1.800000e+01	2.000000e+01	1.177994e+00	1.604904e-02	1.604904e-02
2.000000e+01	2.400000e+01	1.199596e+00	1.683067e-02	1.683067e-02
2.400000e+01	2.800000e+01	1.228767e+00	2.583124e-02	2.583124e-02
2.800000e+01	3.200000e+01	1.274606e+00	3.891168e-02	3.891168e-02
3.200000e+01	3.600000e+01	1.228032e+00	5.074896e-02	5.074896e-02
3.600000e+01	4.000000e+01	1.420570e+00	7.589091e-02	7.589091e-02
4.000000e+01	4.400000e+01	1.279779e+00	8.845493e-02	8.845493e-02
4.400000e+01	4.800000e+01	1.327679e+00	1.235728e-01	1.235728e-01
4.800000e+01	5.200000e+01	1.389866e+00	1.496919e-01	1.496919e-01
5.200000e+01	5.600000e+01	2.054295e+00	2.920143e-01	2.920143e-01
5.600000e+01	6.000000e+01	1.538618e+00	2.030361e-01	2.030361e-01
6.000000e+01	6.400000e+01	2.050718e+00	4.325429e-01	4.325429e-01
6.400000e+01	6.800000e+01	1.420259e+00	4.203189e-01	4.203189e-01
6.800000e+01	7.200000e+01	1.429017e+00	3.076203e-01	3.076203e-01
7.200000e+01	8.000000e+01	1.365842e+00	2.409714e-01	2.409714e-01
# END HISTO1D

