# BEGIN PLOT
XTwosidedTicks=1
YTwosidedTicks=1
XMax=52
XLabelSep=4.4
RatioPlotReference=/CMS_2015_PAS_FSQ_15_007/d14-x01-y01
ConnectBins=0
RatioPlot=1
LogY=0
LegendXPos=0.40
XLabel=\large{$p_\text{T}^{\text{jet}}$[GeV]}
YLabelSep=5.4
YLabel=\large{$(1/N_\text{events})\; dN_\text{ch}\,/d\eta\, d\phi$}
Title=\large{CMS, 13 TeV, MB, TransMAX charged-particle density}
DrawOnly=/CMS_2015_PAS_FSQ_15_007/d14-x01-y01 //afs/cern.ch/user/m/mdessena/OtherSqrtS/CMSSW_11_2_4/src/Result_ecmPow/result_TOT_0.yoda/CMS_2015_PAS_FSQ_15_007/d14-x01-y01 //afs/cern.ch/user/m/mdessena/OtherSqrtS/CMSSW_11_2_4/src/Result_ecmPow/result_TOT_1.yoda/CMS_2015_PAS_FSQ_15_007/d14-x01-y01 //afs/cern.ch/user/m/mdessena/OtherSqrtS/CMSSW_11_2_4/src/Result_ecmPow/result_TOT_2.yoda/CMS_2015_PAS_FSQ_15_007/d14-x01-y01 //afs/cern.ch/user/m/mdessena/OtherSqrtS/CMSSW_11_2_4/src/Result_ecmPow/result_TOT_3.yoda/CMS_2015_PAS_FSQ_15_007/d14-x01-y01 //afs/cern.ch/user/m/mdessena/OtherSqrtS/CMSSW_11_2_4/src/Result_ecmPow/result_TOT_4.yoda/CMS_2015_PAS_FSQ_15_007/d14-x01-y01 //afs/cern.ch/user/m/mdessena/OtherSqrtS/CMSSW_11_2_4/src/Result_ecmPow/result_TOT_5.yoda/CMS_2015_PAS_FSQ_15_007/d14-x01-y01 //afs/cern.ch/user/m/mdessena/OtherSqrtS/CMSSW_11_2_4/src/Result_ecmPow/result_TOT_6.yoda/CMS_2015_PAS_FSQ_15_007/d14-x01-y01 //afs/cern.ch/user/m/mdessena/OtherSqrtS/CMSSW_11_2_4/src/Result_ecmPow/result_TOT_7.yoda/CMS_2015_PAS_FSQ_15_007/d14-x01-y01
RatioPlotErrorBandColor=grey!40!yellow!60
LegendYPos=0.50
Legend=1
LegendOnly=/CMS_2015_PAS_FSQ_15_007/d14-x01-y01 //afs/cern.ch/user/m/mdessena/OtherSqrtS/CMSSW_11_2_4/src/Result_ecmPow/result_TOT_0.yoda/CMS_2015_PAS_FSQ_15_007/d14-x01-y01 //afs/cern.ch/user/m/mdessena/OtherSqrtS/CMSSW_11_2_4/src/Result_ecmPow/result_TOT_1.yoda/CMS_2015_PAS_FSQ_15_007/d14-x01-y01 //afs/cern.ch/user/m/mdessena/OtherSqrtS/CMSSW_11_2_4/src/Result_ecmPow/result_TOT_2.yoda/CMS_2015_PAS_FSQ_15_007/d14-x01-y01 //afs/cern.ch/user/m/mdessena/OtherSqrtS/CMSSW_11_2_4/src/Result_ecmPow/result_TOT_3.yoda/CMS_2015_PAS_FSQ_15_007/d14-x01-y01 //afs/cern.ch/user/m/mdessena/OtherSqrtS/CMSSW_11_2_4/src/Result_ecmPow/result_TOT_4.yoda/CMS_2015_PAS_FSQ_15_007/d14-x01-y01 //afs/cern.ch/user/m/mdessena/OtherSqrtS/CMSSW_11_2_4/src/Result_ecmPow/result_TOT_5.yoda/CMS_2015_PAS_FSQ_15_007/d14-x01-y01 //afs/cern.ch/user/m/mdessena/OtherSqrtS/CMSSW_11_2_4/src/Result_ecmPow/result_TOT_6.yoda/CMS_2015_PAS_FSQ_15_007/d14-x01-y01 //afs/cern.ch/user/m/mdessena/OtherSqrtS/CMSSW_11_2_4/src/Result_ecmPow/result_TOT_7.yoda/CMS_2015_PAS_FSQ_15_007/d14-x01-y01
# END PLOT

# BEGIN HISTO1D /CMS_2015_PAS_FSQ_15_007/d14-x01-y01
ConnectBins=0
ErrorBars=1
Path=/CMS_2015_PAS_FSQ_15_007/d14-x01-y01
PolyMarker=*
Title=Data
# xlow	 xhigh	 val	 errminus	 errplus
5.000000e-01	1.000000e+00	0.000000e+00	0.000000e+00	0.000000e+00
1.000000e+00	1.500000e+00	1.778027e-01	5.129934e-03	5.129934e-03
1.500000e+00	2.000000e+00	3.022119e-01	6.712646e-03	6.712646e-03
2.000000e+00	2.500000e+00	4.362091e-01	8.058280e-03	8.058280e-03
2.500000e+00	3.000000e+00	5.736316e-01	9.745253e-03	9.745253e-03
3.000000e+00	3.500000e+00	6.999518e-01	8.707248e-03	8.707248e-03
3.500000e+00	4.000000e+00	8.213019e-01	1.055280e-02	1.055280e-02
4.000000e+00	4.500000e+00	9.306478e-01	9.606992e-03	9.606992e-03
4.500000e+00	5.000000e+00	1.030028e+00	1.423866e-02	1.423866e-02
5.000000e+00	6.000000e+00	1.142252e+00	2.409866e-02	2.409866e-02
6.000000e+00	7.000000e+00	1.275381e+00	2.754304e-02	2.754304e-02
7.000000e+00	8.000000e+00	1.382809e+00	3.012364e-02	3.012364e-02
8.000000e+00	9.000000e+00	1.465215e+00	2.297056e-02	2.297056e-02
9.000000e+00	1.000000e+01	1.521875e+00	2.905091e-02	2.905091e-02
1.000000e+01	1.200000e+01	1.570492e+00	2.329502e-02	2.329502e-02
1.200000e+01	1.400000e+01	1.624074e+00	2.476095e-02	2.476095e-02
1.400000e+01	1.600000e+01	1.677672e+00	2.642320e-02	2.642320e-02
1.600000e+01	1.800000e+01	1.712843e+00	2.862373e-02	2.862373e-02
1.800000e+01	2.000000e+01	1.645250e+00	2.972903e-02	2.972903e-02
2.000000e+01	2.400000e+01	1.671373e+00	3.204253e-02	3.204253e-02
2.400000e+01	2.800000e+01	1.709688e+00	3.898180e-02	3.898180e-02
2.800000e+01	3.200000e+01	1.818962e+00	4.993604e-02	4.993604e-02
3.200000e+01	3.600000e+01	1.743262e+00	6.219391e-02	6.219391e-02
3.600000e+01	4.000000e+01	1.695767e+00	6.793551e-02	6.793551e-02
4.000000e+01	4.400000e+01	1.697561e+00	1.088528e-01	1.088528e-01
4.400000e+01	4.800000e+01	1.656266e+00	1.394125e-01	1.394125e-01
4.800000e+01	5.200000e+01	1.688305e+00	1.827950e-01	1.827950e-01
5.200000e+01	5.600000e+01	1.766284e+00	1.685264e-01	1.685264e-01
5.600000e+01	6.000000e+01	1.990730e+00	2.198470e-01	2.198470e-01
6.000000e+01	6.400000e+01	1.565690e+00	2.150387e-01	2.150387e-01
6.400000e+01	6.800000e+01	1.417086e+00	6.999483e-01	6.999483e-01
6.800000e+01	7.200000e+01	1.379769e+00	4.352526e-01	4.352526e-01
7.200000e+01	8.000000e+01	1.384032e+00	3.306222e-01	3.306222e-01
# END HISTO1D


# BEGIN HISTO1D //afs/cern.ch/user/m/mdessena/OtherSqrtS/CMSSW_11_2_4/src/Result_ecmPow/result_TOT_0.yoda/CMS_2015_PAS_FSQ_15_007/d14-x01-y01
LineColor=red
LineStyle=solid
Path=//afs/cern.ch/user/m/mdessena/OtherSqrtS/CMSSW_11_2_4/src/Result_ecmPow/result_TOT_0.yoda/CMS_2015_PAS_FSQ_15_007/d14-x01-y01
Title=result_TOT_0
# xlow	 xhigh	 val	 errminus	 errplus
5.000000e-01	1.000000e+00	nan	nan	nan
1.000000e+00	1.500000e+00	1.957286e-01	3.068794e-04	3.068794e-04
1.500000e+00	2.000000e+00	3.214728e-01	5.133729e-04	5.133729e-04
2.000000e+00	2.500000e+00	4.449700e-01	7.699311e-04	7.699311e-04
2.500000e+00	3.000000e+00	5.643833e-01	1.053253e-03	1.053253e-03
3.000000e+00	3.500000e+00	6.724571e-01	1.345697e-03	1.345697e-03
3.500000e+00	4.000000e+00	7.772747e-01	1.635593e-03	1.635593e-03
4.000000e+00	4.500000e+00	8.750166e-01	1.952805e-03	1.952805e-03
4.500000e+00	5.000000e+00	9.571579e-01	2.275275e-03	2.275275e-03
5.000000e+00	6.000000e+00	1.067136e+00	1.974740e-03	1.974740e-03
6.000000e+00	7.000000e+00	1.177335e+00	2.530855e-03	2.530855e-03
7.000000e+00	8.000000e+00	1.259698e+00	3.216307e-03	3.216307e-03
8.000000e+00	9.000000e+00	1.330364e+00	3.946359e-03	3.946359e-03
9.000000e+00	1.000000e+01	1.370620e+00	4.928721e-03	4.928721e-03
1.000000e+01	1.200000e+01	1.418189e+00	4.580112e-03	4.580112e-03
1.200000e+01	1.400000e+01	1.452772e+00	6.651929e-03	6.651929e-03
1.400000e+01	1.600000e+01	1.473913e+00	9.178683e-03	9.178683e-03
1.600000e+01	1.800000e+01	1.466346e+00	1.199885e-02	1.199885e-02
1.800000e+01	2.000000e+01	1.487654e+00	1.587803e-02	1.587803e-02
2.000000e+01	2.400000e+01	1.524334e+00	1.618953e-02	1.618953e-02
2.400000e+01	2.800000e+01	1.520102e+00	2.381585e-02	2.381585e-02
2.800000e+01	3.200000e+01	1.522848e+00	3.364130e-02	3.364130e-02
3.200000e+01	3.600000e+01	1.501609e+00	4.384565e-02	4.384565e-02
3.600000e+01	4.000000e+01	1.501736e+00	6.026365e-02	6.026365e-02
4.000000e+01	4.400000e+01	1.506998e+00	8.681707e-02	8.681707e-02
4.400000e+01	4.800000e+01	1.629808e+00	9.217499e-02	9.217499e-02
4.800000e+01	5.200000e+01	1.730810e+00	1.366357e-01	1.366357e-01
5.200000e+01	5.600000e+01	1.395666e+00	1.572602e-01	1.572602e-01
5.600000e+01	6.000000e+01	1.506998e+00	1.723251e-01	1.723251e-01
6.000000e+01	6.400000e+01	1.520348e+00	2.395760e-01	2.395760e-01
6.400000e+01	6.800000e+01	1.843545e+00	1.454657e-01	1.454657e-01
6.800000e+01	7.200000e+01	2.080383e+00	5.305433e-01	5.305433e-01
7.200000e+01	8.000000e+01	1.671127e+00	2.298871e-01	2.298871e-01
# END HISTO1D


# BEGIN HISTO1D //afs/cern.ch/user/m/mdessena/OtherSqrtS/CMSSW_11_2_4/src/Result_ecmPow/result_TOT_1.yoda/CMS_2015_PAS_FSQ_15_007/d14-x01-y01
LineColor=blue
LineStyle=solid
Path=//afs/cern.ch/user/m/mdessena/OtherSqrtS/CMSSW_11_2_4/src/Result_ecmPow/result_TOT_1.yoda/CMS_2015_PAS_FSQ_15_007/d14-x01-y01
Title=result_TOT_1
# xlow	 xhigh	 val	 errminus	 errplus
5.000000e-01	1.000000e+00	nan	nan	nan
1.000000e+00	1.500000e+00	1.956236e-01	3.073472e-04	3.073472e-04
1.500000e+00	2.000000e+00	3.235866e-01	5.274965e-04	5.274965e-04
2.000000e+00	2.500000e+00	4.539723e-01	7.995553e-04	7.995553e-04
2.500000e+00	3.000000e+00	5.753445e-01	1.095874e-03	1.095874e-03
3.000000e+00	3.500000e+00	6.959612e-01	1.402682e-03	1.402682e-03
3.500000e+00	4.000000e+00	8.107232e-01	1.719201e-03	1.719201e-03
4.000000e+00	4.500000e+00	9.144500e-01	2.060967e-03	2.060967e-03
4.500000e+00	5.000000e+00	1.012434e+00	2.378128e-03	2.378128e-03
5.000000e+00	6.000000e+00	1.134546e+00	2.049445e-03	2.049445e-03
6.000000e+00	7.000000e+00	1.262316e+00	2.622770e-03	2.622770e-03
7.000000e+00	8.000000e+00	1.354513e+00	3.286578e-03	3.286578e-03
8.000000e+00	9.000000e+00	1.427087e+00	4.083407e-03	4.083407e-03
9.000000e+00	1.000000e+01	1.479815e+00	5.073329e-03	5.073329e-03
1.000000e+01	1.200000e+01	1.528245e+00	4.745551e-03	4.745551e-03
1.200000e+01	1.400000e+01	1.570765e+00	6.688784e-03	6.688784e-03
1.400000e+01	1.600000e+01	1.596264e+00	9.390344e-03	9.390344e-03
1.600000e+01	1.800000e+01	1.589801e+00	1.263495e-02	1.263495e-02
1.800000e+01	2.000000e+01	1.632811e+00	1.689919e-02	1.689919e-02
2.000000e+01	2.400000e+01	1.601624e+00	1.623455e-02	1.623455e-02
2.400000e+01	2.800000e+01	1.603733e+00	2.378455e-02	2.378455e-02
2.800000e+01	3.200000e+01	1.685098e+00	3.431541e-02	3.431541e-02
3.200000e+01	3.600000e+01	1.666949e+00	4.986425e-02	4.986425e-02
3.600000e+01	4.000000e+01	1.622952e+00	6.265485e-02	6.265485e-02
4.000000e+01	4.400000e+01	1.681978e+00	9.253070e-02	9.253070e-02
4.400000e+01	4.800000e+01	1.599754e+00	1.076188e-01	1.076188e-01
4.800000e+01	5.200000e+01	1.807546e+00	1.399199e-01	1.399199e-01
5.200000e+01	5.600000e+01	1.811252e+00	1.718925e-01	1.718925e-01
5.600000e+01	6.000000e+01	1.661945e+00	1.907474e-01	1.907474e-01
6.000000e+01	6.400000e+01	1.583173e+00	2.557259e-01	2.557259e-01
6.400000e+01	6.800000e+01	1.643041e+00	2.489432e-01	2.489432e-01
6.800000e+01	7.200000e+01	1.803756e+00	4.079291e-01	4.079291e-01
7.200000e+01	8.000000e+01	1.824598e+00	3.009438e-01	3.009438e-01
# END HISTO1D


# BEGIN HISTO1D //afs/cern.ch/user/m/mdessena/OtherSqrtS/CMSSW_11_2_4/src/Result_ecmPow/result_TOT_2.yoda/CMS_2015_PAS_FSQ_15_007/d14-x01-y01
LineColor=green
LineStyle=solid
Path=//afs/cern.ch/user/m/mdessena/OtherSqrtS/CMSSW_11_2_4/src/Result_ecmPow/result_TOT_2.yoda/CMS_2015_PAS_FSQ_15_007/d14-x01-y01
Title=result_TOT_2
# xlow	 xhigh	 val	 errminus	 errplus
5.000000e-01	1.000000e+00	nan	nan	nan
1.000000e+00	1.500000e+00	1.952946e-01	3.069743e-04	3.069743e-04
1.500000e+00	2.000000e+00	3.211394e-01	5.189524e-04	5.189524e-04
2.000000e+00	2.500000e+00	4.480888e-01	7.793856e-04	7.793856e-04
2.500000e+00	3.000000e+00	5.692855e-01	1.074961e-03	1.074961e-03
3.000000e+00	3.500000e+00	6.842388e-01	1.378666e-03	1.378666e-03
3.500000e+00	4.000000e+00	7.903147e-01	1.669108e-03	1.669108e-03
4.000000e+00	4.500000e+00	8.900900e-01	1.985642e-03	1.985642e-03
4.500000e+00	5.000000e+00	9.824037e-01	2.321398e-03	2.321398e-03
5.000000e+00	6.000000e+00	1.093457e+00	2.007608e-03	2.007608e-03
6.000000e+00	7.000000e+00	1.211621e+00	2.557188e-03	2.557188e-03
7.000000e+00	8.000000e+00	1.306514e+00	3.255815e-03	3.255815e-03
8.000000e+00	9.000000e+00	1.372256e+00	4.061247e-03	4.061247e-03
9.000000e+00	1.000000e+01	1.423560e+00	4.965966e-03	4.965966e-03
1.000000e+01	1.200000e+01	1.458229e+00	4.603094e-03	4.603094e-03
1.200000e+01	1.400000e+01	1.500405e+00	6.696652e-03	6.696652e-03
1.400000e+01	1.600000e+01	1.532699e+00	9.234526e-03	9.234526e-03
1.600000e+01	1.800000e+01	1.522470e+00	1.234140e-02	1.234140e-02
1.800000e+01	2.000000e+01	1.509274e+00	1.574946e-02	1.574946e-02
2.000000e+01	2.400000e+01	1.544510e+00	1.607708e-02	1.607708e-02
2.400000e+01	2.800000e+01	1.524823e+00	2.423702e-02	2.423702e-02
2.800000e+01	3.200000e+01	1.578903e+00	3.383159e-02	3.383159e-02
3.200000e+01	3.600000e+01	1.552352e+00	4.773372e-02	4.773372e-02
3.600000e+01	4.000000e+01	1.522193e+00	6.165433e-02	6.165433e-02
4.000000e+01	4.400000e+01	1.550949e+00	7.887492e-02	7.887492e-02
4.400000e+01	4.800000e+01	1.426112e+00	8.921055e-02	8.921055e-02
4.800000e+01	5.200000e+01	1.713256e+00	1.126195e-01	1.126195e-01
5.200000e+01	5.600000e+01	1.618075e+00	1.566083e-01	1.566083e-01
5.600000e+01	6.000000e+01	1.639296e+00	2.954947e-01	2.954947e-01
6.000000e+01	6.400000e+01	1.443246e+00	2.110166e-01	2.110166e-01
6.400000e+01	6.800000e+01	1.586868e+00	3.190749e-01	3.190749e-01
6.800000e+01	7.200000e+01	2.168486e+00	3.032002e-01	3.032002e-01
7.200000e+01	8.000000e+01	1.720863e+00	1.112902e-01	1.112902e-01
# END HISTO1D


# BEGIN HISTO1D //afs/cern.ch/user/m/mdessena/OtherSqrtS/CMSSW_11_2_4/src/Result_ecmPow/result_TOT_3.yoda/CMS_2015_PAS_FSQ_15_007/d14-x01-y01
LineColor=orange
LineStyle=solid
Path=//afs/cern.ch/user/m/mdessena/OtherSqrtS/CMSSW_11_2_4/src/Result_ecmPow/result_TOT_3.yoda/CMS_2015_PAS_FSQ_15_007/d14-x01-y01
Title=result_TOT_3
# xlow	 xhigh	 val	 errminus	 errplus
5.000000e-01	1.000000e+00	nan	nan	nan
1.000000e+00	1.500000e+00	1.960880e-01	3.053749e-04	3.053749e-04
1.500000e+00	2.000000e+00	3.189589e-01	5.023063e-04	5.023063e-04
2.000000e+00	2.500000e+00	4.397087e-01	7.437730e-04	7.437730e-04
2.500000e+00	3.000000e+00	5.493087e-01	1.008666e-03	1.008666e-03
3.000000e+00	3.500000e+00	6.491677e-01	1.277658e-03	1.277658e-03
3.500000e+00	4.000000e+00	7.460624e-01	1.556747e-03	1.556747e-03
4.000000e+00	4.500000e+00	8.284621e-01	1.852978e-03	1.852978e-03
4.500000e+00	5.000000e+00	9.004071e-01	2.164295e-03	2.164295e-03
5.000000e+00	6.000000e+00	9.883939e-01	1.874222e-03	1.874222e-03
6.000000e+00	7.000000e+00	1.086824e+00	2.420057e-03	2.420057e-03
7.000000e+00	8.000000e+00	1.157921e+00	3.050539e-03	3.050539e-03
8.000000e+00	9.000000e+00	1.213070e+00	3.857653e-03	3.857653e-03
9.000000e+00	1.000000e+01	1.256239e+00	4.761015e-03	4.761015e-03
1.000000e+01	1.200000e+01	1.304876e+00	4.477567e-03	4.477567e-03
1.200000e+01	1.400000e+01	1.323915e+00	6.444369e-03	6.444369e-03
1.400000e+01	1.600000e+01	1.343108e+00	8.853134e-03	8.853134e-03
1.600000e+01	1.800000e+01	1.356535e+00	1.163348e-02	1.163348e-02
1.800000e+01	2.000000e+01	1.421904e+00	1.633175e-02	1.633175e-02
2.000000e+01	2.400000e+01	1.378108e+00	1.496957e-02	1.496957e-02
2.400000e+01	2.800000e+01	1.387266e+00	2.256013e-02	2.256013e-02
2.800000e+01	3.200000e+01	1.389519e+00	3.240525e-02	3.240525e-02
3.200000e+01	3.600000e+01	1.347589e+00	4.227516e-02	4.227516e-02
3.600000e+01	4.000000e+01	1.400952e+00	6.246888e-02	6.246888e-02
4.000000e+01	4.400000e+01	1.571992e+00	8.427990e-02	8.427990e-02
4.400000e+01	4.800000e+01	1.214293e+00	9.036291e-02	9.036291e-02
4.800000e+01	5.200000e+01	1.435756e+00	1.149862e-01	1.149862e-01
5.200000e+01	5.600000e+01	1.707298e+00	1.646402e-01	1.646402e-01
5.600000e+01	6.000000e+01	1.480141e+00	1.480407e-01	1.480407e-01
6.000000e+01	6.400000e+01	1.392606e+00	1.942166e-01	1.942166e-01
6.400000e+01	6.800000e+01	1.376222e+00	2.161904e-01	2.161904e-01
6.800000e+01	7.200000e+01	1.684390e+00	2.628482e-01	2.628482e-01
7.200000e+01	8.000000e+01	1.853018e+00	2.329236e-01	2.329236e-01
# END HISTO1D


# BEGIN HISTO1D //afs/cern.ch/user/m/mdessena/OtherSqrtS/CMSSW_11_2_4/src/Result_ecmPow/result_TOT_4.yoda/CMS_2015_PAS_FSQ_15_007/d14-x01-y01
LineColor=lilac
LineStyle=solid
Path=//afs/cern.ch/user/m/mdessena/OtherSqrtS/CMSSW_11_2_4/src/Result_ecmPow/result_TOT_4.yoda/CMS_2015_PAS_FSQ_15_007/d14-x01-y01
Title=result_TOT_4
# xlow	 xhigh	 val	 errminus	 errplus
5.000000e-01	1.000000e+00	nan	nan	nan
1.000000e+00	1.500000e+00	1.938498e-01	3.090300e-04	3.090300e-04
1.500000e+00	2.000000e+00	3.249734e-01	5.405800e-04	5.405800e-04
2.000000e+00	2.500000e+00	4.614905e-01	8.288575e-04	8.288575e-04
2.500000e+00	3.000000e+00	5.915594e-01	1.145459e-03	1.145459e-03
3.000000e+00	3.500000e+00	7.183479e-01	1.475526e-03	1.475526e-03
3.500000e+00	4.000000e+00	8.402047e-01	1.808117e-03	1.808117e-03
4.000000e+00	4.500000e+00	9.595963e-01	2.155306e-03	2.155306e-03
4.500000e+00	5.000000e+00	1.068446e+00	2.497608e-03	2.497608e-03
5.000000e+00	6.000000e+00	1.204188e+00	2.141515e-03	2.141515e-03
6.000000e+00	7.000000e+00	1.352875e+00	2.731003e-03	2.731003e-03
7.000000e+00	8.000000e+00	1.460452e+00	3.404928e-03	3.404928e-03
8.000000e+00	9.000000e+00	1.543025e+00	4.217607e-03	4.217607e-03
9.000000e+00	1.000000e+01	1.602929e+00	5.190664e-03	5.190664e-03
1.000000e+01	1.200000e+01	1.659404e+00	4.908924e-03	4.908924e-03
1.200000e+01	1.400000e+01	1.691220e+00	6.964540e-03	6.964540e-03
1.400000e+01	1.600000e+01	1.719345e+00	9.673368e-03	9.673368e-03
1.600000e+01	1.800000e+01	1.736112e+00	1.313554e-02	1.313554e-02
1.800000e+01	2.000000e+01	1.743591e+00	1.726036e-02	1.726036e-02
2.000000e+01	2.400000e+01	1.732819e+00	1.707053e-02	1.707053e-02
2.400000e+01	2.800000e+01	1.770073e+00	2.757790e-02	2.757790e-02
2.800000e+01	3.200000e+01	1.675838e+00	3.437944e-02	3.437944e-02
3.200000e+01	3.600000e+01	1.798976e+00	5.215424e-02	5.215424e-02
3.600000e+01	4.000000e+01	1.770772e+00	6.939151e-02	6.939151e-02
4.000000e+01	4.400000e+01	1.781450e+00	9.304719e-02	9.304719e-02
4.400000e+01	4.800000e+01	1.740039e+00	1.077776e-01	1.077776e-01
4.800000e+01	5.200000e+01	2.019278e+00	1.512815e-01	1.512815e-01
5.200000e+01	5.600000e+01	1.833899e+00	1.538284e-01	1.538284e-01
5.600000e+01	6.000000e+01	1.496668e+00	1.672741e-01	1.672741e-01
6.000000e+01	6.400000e+01	1.608303e+00	2.135616e-01	2.135616e-01
6.400000e+01	6.800000e+01	2.108803e+00	2.458432e-01	2.458432e-01
6.800000e+01	7.200000e+01	1.996671e+00	2.540266e-01	2.540266e-01
7.200000e+01	8.000000e+01	1.796177e+00	2.189377e-01	2.189377e-01
# END HISTO1D


# BEGIN HISTO1D //afs/cern.ch/user/m/mdessena/OtherSqrtS/CMSSW_11_2_4/src/Result_ecmPow/result_TOT_5.yoda/CMS_2015_PAS_FSQ_15_007/d14-x01-y01
LineColor=red
LineStyle=dashed
Path=//afs/cern.ch/user/m/mdessena/OtherSqrtS/CMSSW_11_2_4/src/Result_ecmPow/result_TOT_5.yoda/CMS_2015_PAS_FSQ_15_007/d14-x01-y01
Title=result_TOT_5
# xlow	 xhigh	 val	 errminus	 errplus
5.000000e-01	1.000000e+00	nan	nan	nan
1.000000e+00	1.500000e+00	1.940438e-01	3.085128e-04	3.085128e-04
1.500000e+00	2.000000e+00	3.243300e-01	5.333934e-04	5.333934e-04
2.000000e+00	2.500000e+00	4.575335e-01	8.111753e-04	8.111753e-04
2.500000e+00	3.000000e+00	5.841739e-01	1.123021e-03	1.123021e-03
3.000000e+00	3.500000e+00	7.094064e-01	1.445420e-03	1.445420e-03
3.500000e+00	4.000000e+00	8.319767e-01	1.769500e-03	1.769500e-03
4.000000e+00	4.500000e+00	9.437248e-01	2.100234e-03	2.100234e-03
4.500000e+00	5.000000e+00	1.044506e+00	2.442566e-03	2.442566e-03
5.000000e+00	6.000000e+00	1.168456e+00	2.106583e-03	2.106583e-03
6.000000e+00	7.000000e+00	1.311842e+00	2.692637e-03	2.692637e-03
7.000000e+00	8.000000e+00	1.414365e+00	3.383760e-03	3.383760e-03
8.000000e+00	9.000000e+00	1.491953e+00	4.183001e-03	4.183001e-03
9.000000e+00	1.000000e+01	1.553500e+00	5.138767e-03	5.138767e-03
1.000000e+01	1.200000e+01	1.602570e+00	4.817299e-03	4.817299e-03
1.200000e+01	1.400000e+01	1.648964e+00	6.946609e-03	6.946609e-03
1.400000e+01	1.600000e+01	1.665093e+00	9.595705e-03	9.595705e-03
1.600000e+01	1.800000e+01	1.672018e+00	1.266393e-02	1.266393e-02
1.800000e+01	2.000000e+01	1.707832e+00	1.709846e-02	1.709846e-02
2.000000e+01	2.400000e+01	1.683658e+00	1.675418e-02	1.675418e-02
2.400000e+01	2.800000e+01	1.659567e+00	2.563184e-02	2.563184e-02
2.800000e+01	3.200000e+01	1.655599e+00	3.696890e-02	3.696890e-02
3.200000e+01	3.600000e+01	1.708081e+00	4.678900e-02	4.678900e-02
3.600000e+01	4.000000e+01	1.645775e+00	6.332172e-02	6.332172e-02
4.000000e+01	4.400000e+01	1.643137e+00	8.041362e-02	8.041362e-02
4.400000e+01	4.800000e+01	1.554537e+00	1.006557e-01	1.006557e-01
4.800000e+01	5.200000e+01	1.813448e+00	1.526664e-01	1.526664e-01
5.200000e+01	5.600000e+01	1.627150e+00	1.454232e-01	1.454232e-01
5.600000e+01	6.000000e+01	1.496668e+00	1.608610e-01	1.608610e-01
6.000000e+01	6.400000e+01	1.937405e+00	2.388526e-01	2.388526e-01
6.400000e+01	6.800000e+01	2.367430e+00	3.046206e-01	3.046206e-01
6.800000e+01	7.200000e+01	1.824598e+00	2.395274e-01	2.395274e-01
7.200000e+01	8.000000e+01	1.790493e+00	5.124216e-01	5.124216e-01
# END HISTO1D


# BEGIN HISTO1D //afs/cern.ch/user/m/mdessena/OtherSqrtS/CMSSW_11_2_4/src/Result_ecmPow/result_TOT_6.yoda/CMS_2015_PAS_FSQ_15_007/d14-x01-y01
LineColor=blue
LineStyle=dashed
Path=//afs/cern.ch/user/m/mdessena/OtherSqrtS/CMSSW_11_2_4/src/Result_ecmPow/result_TOT_6.yoda/CMS_2015_PAS_FSQ_15_007/d14-x01-y01
Title=result_TOT_6
# xlow	 xhigh	 val	 errminus	 errplus
5.000000e-01	1.000000e+00	nan	nan	nan
1.000000e+00	1.500000e+00	1.963883e-01	3.062986e-04	3.062986e-04
1.500000e+00	2.000000e+00	3.200458e-01	5.087995e-04	5.087995e-04
2.000000e+00	2.500000e+00	4.433992e-01	7.579454e-04	7.579454e-04
2.500000e+00	3.000000e+00	5.572316e-01	1.036795e-03	1.036795e-03
3.000000e+00	3.500000e+00	6.637322e-01	1.315020e-03	1.315020e-03
3.500000e+00	4.000000e+00	7.627012e-01	1.605674e-03	1.605674e-03
4.000000e+00	4.500000e+00	8.553872e-01	1.908326e-03	1.908326e-03
4.500000e+00	5.000000e+00	9.342373e-01	2.225875e-03	2.225875e-03
5.000000e+00	6.000000e+00	1.032707e+00	1.934767e-03	1.934767e-03
6.000000e+00	7.000000e+00	1.139528e+00	2.492419e-03	2.492419e-03
7.000000e+00	8.000000e+00	1.217959e+00	3.152574e-03	3.152574e-03
8.000000e+00	9.000000e+00	1.277473e+00	3.947184e-03	3.947184e-03
9.000000e+00	1.000000e+01	1.318391e+00	4.778223e-03	4.778223e-03
1.000000e+01	1.200000e+01	1.358572e+00	4.548792e-03	4.548792e-03
1.200000e+01	1.400000e+01	1.402790e+00	6.512585e-03	6.512585e-03
1.400000e+01	1.600000e+01	1.411421e+00	9.018460e-03	9.018460e-03
1.600000e+01	1.800000e+01	1.429086e+00	1.206535e-02	1.206535e-02
1.800000e+01	2.000000e+01	1.447675e+00	1.621886e-02	1.621886e-02
2.000000e+01	2.400000e+01	1.448454e+00	1.573553e-02	1.573553e-02
2.400000e+01	2.800000e+01	1.438470e+00	2.361317e-02	2.361317e-02
2.800000e+01	3.200000e+01	1.503259e+00	3.298522e-02	3.298522e-02
3.200000e+01	3.600000e+01	1.456391e+00	4.507567e-02	4.507567e-02
3.600000e+01	4.000000e+01	1.594691e+00	6.396568e-02	6.396568e-02
4.000000e+01	4.400000e+01	1.460052e+00	7.290197e-02	7.290197e-02
4.400000e+01	4.800000e+01	1.314259e+00	7.618171e-02	7.618171e-02
4.800000e+01	5.200000e+01	1.531560e+00	1.173862e-01	1.173862e-01
5.200000e+01	5.600000e+01	1.511972e+00	1.442108e-01	1.442108e-01
5.600000e+01	6.000000e+01	1.536840e+00	2.336741e-01	2.336741e-01
6.000000e+01	6.400000e+01	1.648390e+00	1.695350e-01	1.695350e-01
6.400000e+01	6.800000e+01	1.163821e+00	1.599610e-01	1.599610e-01
6.800000e+01	7.200000e+01	1.551761e+00	2.982826e-01	2.982826e-01
7.200000e+01	8.000000e+01	2.387324e+00	2.569380e-01	2.569380e-01
# END HISTO1D


# BEGIN HISTO1D //afs/cern.ch/user/m/mdessena/OtherSqrtS/CMSSW_11_2_4/src/Result_ecmPow/result_TOT_7.yoda/CMS_2015_PAS_FSQ_15_007/d14-x01-y01
LineColor=green
LineStyle=dashed
Path=//afs/cern.ch/user/m/mdessena/OtherSqrtS/CMSSW_11_2_4/src/Result_ecmPow/result_TOT_7.yoda/CMS_2015_PAS_FSQ_15_007/d14-x01-y01
Title=result_TOT_7
# xlow	 xhigh	 val	 errminus	 errplus
5.000000e-01	1.000000e+00	nan	nan	nan
1.000000e+00	1.500000e+00	1.960464e-01	3.059511e-04	3.059511e-04
1.500000e+00	2.000000e+00	3.186245e-01	5.031753e-04	5.031753e-04
2.000000e+00	2.500000e+00	4.380958e-01	7.423355e-04	7.423355e-04
2.500000e+00	3.000000e+00	5.496165e-01	1.009043e-03	1.009043e-03
3.000000e+00	3.500000e+00	6.518961e-01	1.288224e-03	1.288224e-03
3.500000e+00	4.000000e+00	7.451666e-01	1.564375e-03	1.564375e-03
4.000000e+00	4.500000e+00	8.284085e-01	1.855501e-03	1.855501e-03
4.500000e+00	5.000000e+00	9.037311e-01	2.171303e-03	2.171303e-03
5.000000e+00	6.000000e+00	9.999669e-01	1.893544e-03	1.893544e-03
6.000000e+00	7.000000e+00	1.093975e+00	2.442992e-03	2.442992e-03
7.000000e+00	8.000000e+00	1.171733e+00	3.099315e-03	3.099315e-03
8.000000e+00	9.000000e+00	1.221309e+00	3.832023e-03	3.832023e-03
9.000000e+00	1.000000e+01	1.259381e+00	4.732028e-03	4.732028e-03
1.000000e+01	1.200000e+01	1.298368e+00	4.469747e-03	4.469747e-03
1.200000e+01	1.400000e+01	1.340462e+00	6.381885e-03	6.381885e-03
1.400000e+01	1.600000e+01	1.358540e+00	8.866489e-03	8.866489e-03
1.600000e+01	1.800000e+01	1.381592e+00	1.202476e-02	1.202476e-02
1.800000e+01	2.000000e+01	1.381131e+00	1.519789e-02	1.519789e-02
2.000000e+01	2.400000e+01	1.371189e+00	1.522859e-02	1.522859e-02
2.400000e+01	2.800000e+01	1.387836e+00	2.266499e-02	2.266499e-02
2.800000e+01	3.200000e+01	1.398817e+00	3.253182e-02	3.253182e-02
3.200000e+01	3.600000e+01	1.408167e+00	4.575613e-02	4.575613e-02
3.600000e+01	4.000000e+01	1.539256e+00	6.307649e-02	6.307649e-02
4.000000e+01	4.400000e+01	1.406816e+00	7.363588e-02	7.363588e-02
4.400000e+01	4.800000e+01	1.363822e+00	8.995699e-02	8.995699e-02
4.800000e+01	5.200000e+01	1.624163e+00	1.489964e-01	1.489964e-01
5.200000e+01	5.600000e+01	1.754164e+00	1.565767e-01	1.565767e-01
5.600000e+01	6.000000e+01	1.718873e+00	1.524555e-01	1.524555e-01
6.000000e+01	6.400000e+01	1.730810e+00	2.411546e-01	2.411546e-01
6.400000e+01	6.800000e+01	1.299766e+00	3.493964e-01	3.493964e-01
6.800000e+01	7.200000e+01	1.511972e+00	2.792510e-01	2.792510e-01
7.200000e+01	8.000000e+01	1.619970e+00	2.650609e-01	2.650609e-01
# END HISTO1D

