# BEGIN PLOT
XTwosidedTicks=1
YTwosidedTicks=1
XMax=52
XLabelSep=4.4
RatioPlotReference=/CMS_2015_PAS_FSQ_15_007/d15-x01-y01
ConnectBins=0
RatioPlot=1
LogY=0
LegendXPos=0.40
XLabel=\large{$p_\text{T}^{\text{jet}}$[GeV]}
YLabelSep=5.4
YLabel=\large{$(1/N_\text{events})\; dN_\text{ch}\,/d\eta\, d\phi$}
Title=\large{CMS, 13 TeV, MB, TransDIF charged-particle density}
DrawOnly=/CMS_2015_PAS_FSQ_15_007/d15-x01-y01 //afs/cern.ch/user/m/mdessena/OtherSqrtS/CMSSW_11_2_4/src/Result_ecmPow/result_TOT_0.yoda/CMS_2015_PAS_FSQ_15_007/d15-x01-y01 //afs/cern.ch/user/m/mdessena/OtherSqrtS/CMSSW_11_2_4/src/Result_ecmPow/result_TOT_1.yoda/CMS_2015_PAS_FSQ_15_007/d15-x01-y01 //afs/cern.ch/user/m/mdessena/OtherSqrtS/CMSSW_11_2_4/src/Result_ecmPow/result_TOT_2.yoda/CMS_2015_PAS_FSQ_15_007/d15-x01-y01 //afs/cern.ch/user/m/mdessena/OtherSqrtS/CMSSW_11_2_4/src/Result_ecmPow/result_TOT_3.yoda/CMS_2015_PAS_FSQ_15_007/d15-x01-y01 //afs/cern.ch/user/m/mdessena/OtherSqrtS/CMSSW_11_2_4/src/Result_ecmPow/result_TOT_4.yoda/CMS_2015_PAS_FSQ_15_007/d15-x01-y01 //afs/cern.ch/user/m/mdessena/OtherSqrtS/CMSSW_11_2_4/src/Result_ecmPow/result_TOT_5.yoda/CMS_2015_PAS_FSQ_15_007/d15-x01-y01 //afs/cern.ch/user/m/mdessena/OtherSqrtS/CMSSW_11_2_4/src/Result_ecmPow/result_TOT_6.yoda/CMS_2015_PAS_FSQ_15_007/d15-x01-y01 //afs/cern.ch/user/m/mdessena/OtherSqrtS/CMSSW_11_2_4/src/Result_ecmPow/result_TOT_7.yoda/CMS_2015_PAS_FSQ_15_007/d15-x01-y01
RatioPlotErrorBandColor=grey!40!yellow!60
LegendYPos=0.50
Legend=1
LegendOnly=/CMS_2015_PAS_FSQ_15_007/d15-x01-y01 //afs/cern.ch/user/m/mdessena/OtherSqrtS/CMSSW_11_2_4/src/Result_ecmPow/result_TOT_0.yoda/CMS_2015_PAS_FSQ_15_007/d15-x01-y01 //afs/cern.ch/user/m/mdessena/OtherSqrtS/CMSSW_11_2_4/src/Result_ecmPow/result_TOT_1.yoda/CMS_2015_PAS_FSQ_15_007/d15-x01-y01 //afs/cern.ch/user/m/mdessena/OtherSqrtS/CMSSW_11_2_4/src/Result_ecmPow/result_TOT_2.yoda/CMS_2015_PAS_FSQ_15_007/d15-x01-y01 //afs/cern.ch/user/m/mdessena/OtherSqrtS/CMSSW_11_2_4/src/Result_ecmPow/result_TOT_3.yoda/CMS_2015_PAS_FSQ_15_007/d15-x01-y01 //afs/cern.ch/user/m/mdessena/OtherSqrtS/CMSSW_11_2_4/src/Result_ecmPow/result_TOT_4.yoda/CMS_2015_PAS_FSQ_15_007/d15-x01-y01 //afs/cern.ch/user/m/mdessena/OtherSqrtS/CMSSW_11_2_4/src/Result_ecmPow/result_TOT_5.yoda/CMS_2015_PAS_FSQ_15_007/d15-x01-y01 //afs/cern.ch/user/m/mdessena/OtherSqrtS/CMSSW_11_2_4/src/Result_ecmPow/result_TOT_6.yoda/CMS_2015_PAS_FSQ_15_007/d15-x01-y01 //afs/cern.ch/user/m/mdessena/OtherSqrtS/CMSSW_11_2_4/src/Result_ecmPow/result_TOT_7.yoda/CMS_2015_PAS_FSQ_15_007/d15-x01-y01
# END PLOT

# BEGIN HISTO1D /CMS_2015_PAS_FSQ_15_007/d15-x01-y01
ConnectBins=0
ErrorBars=1
Path=/CMS_2015_PAS_FSQ_15_007/d15-x01-y01
PolyMarker=*
Title=Data
# xlow	 xhigh	 val	 errminus	 errplus
5.000000e-01	1.000000e+00	0.000000e+00	0.000000e+00	0.000000e+00
1.000000e+00	1.500000e+00	1.382273e-01	4.334092e-03	4.334092e-03
1.500000e+00	2.000000e+00	2.063684e-01	3.666420e-03	3.666420e-03
2.000000e+00	2.500000e+00	2.672586e-01	3.396924e-03	3.396924e-03
2.500000e+00	3.000000e+00	3.208189e-01	3.990618e-03	3.990618e-03
3.000000e+00	3.500000e+00	3.646019e-01	4.048452e-03	4.048452e-03
3.500000e+00	4.000000e+00	4.095014e-01	4.973023e-03	4.973023e-03
4.000000e+00	4.500000e+00	4.436314e-01	4.965250e-03	4.965250e-03
4.500000e+00	5.000000e+00	4.739494e-01	4.243986e-03	4.243986e-03
5.000000e+00	6.000000e+00	5.087321e-01	9.090897e-03	9.090897e-03
6.000000e+00	7.000000e+00	5.496968e-01	9.966757e-03	9.966757e-03
7.000000e+00	8.000000e+00	5.790068e-01	7.055950e-03	7.055950e-03
8.000000e+00	9.000000e+00	5.989965e-01	3.150470e-03	3.150470e-03
9.000000e+00	1.000000e+01	6.201826e-01	5.093508e-03	5.093508e-03
1.000000e+01	1.200000e+01	6.336242e-01	7.499973e-03	7.499973e-03
1.200000e+01	1.400000e+01	6.496956e-01	8.245761e-03	8.245761e-03
1.400000e+01	1.600000e+01	6.879321e-01	9.517187e-03	9.517187e-03
1.600000e+01	1.800000e+01	6.974485e-01	1.105099e-02	1.105099e-02
1.800000e+01	2.000000e+01	6.671220e-01	1.251501e-02	1.251501e-02
2.000000e+01	2.400000e+01	6.814464e-01	1.347159e-02	1.347159e-02
2.400000e+01	2.800000e+01	7.398219e-01	1.751127e-02	1.751127e-02
2.800000e+01	3.200000e+01	8.730523e-01	2.494668e-02	2.494668e-02
3.200000e+01	3.600000e+01	8.135475e-01	3.930981e-02	3.930981e-02
3.600000e+01	4.000000e+01	6.777098e-01	3.714719e-02	3.714719e-02
4.000000e+01	4.400000e+01	9.188631e-01	7.247151e-02	7.247151e-02
4.400000e+01	4.800000e+01	8.234799e-01	8.554850e-02	8.554850e-02
4.800000e+01	5.200000e+01	8.092674e-01	1.097447e-01	1.097447e-01
5.200000e+01	5.600000e+01	6.364399e-01	9.309055e-02	9.309055e-02
5.600000e+01	6.000000e+01	1.065983e+00	2.347411e-01	2.347411e-01
6.000000e+01	6.400000e+01	4.252454e-01	9.558094e-02	9.558094e-02
6.400000e+01	6.800000e+01	5.019427e-01	2.665699e-01	2.665699e-01
6.800000e+01	7.200000e+01	7.594338e-01	3.366555e-01	3.366555e-01
7.200000e+01	8.000000e+01	6.304793e-01	1.630184e-01	1.630184e-01
# END HISTO1D


# BEGIN HISTO1D //afs/cern.ch/user/m/mdessena/OtherSqrtS/CMSSW_11_2_4/src/Result_ecmPow/result_TOT_0.yoda/CMS_2015_PAS_FSQ_15_007/d15-x01-y01
LineColor=red
LineStyle=solid
Path=//afs/cern.ch/user/m/mdessena/OtherSqrtS/CMSSW_11_2_4/src/Result_ecmPow/result_TOT_0.yoda/CMS_2015_PAS_FSQ_15_007/d15-x01-y01
Title=result_TOT_0
# xlow	 xhigh	 val	 errminus	 errplus
5.000000e-01	1.000000e+00	nan	nan	nan
1.000000e+00	1.500000e+00	1.466464e-01	2.683134e-04	2.683134e-04
1.500000e+00	2.000000e+00	2.152982e-01	4.188022e-04	4.188022e-04
2.000000e+00	2.500000e+00	2.726906e-01	5.956023e-04	5.956023e-04
2.500000e+00	3.000000e+00	3.217158e-01	7.763921e-04	7.763921e-04
3.000000e+00	3.500000e+00	3.619868e-01	9.556991e-04	9.556991e-04
3.500000e+00	4.000000e+00	3.983383e-01	1.128891e-03	1.128891e-03
4.000000e+00	4.500000e+00	4.321212e-01	1.325503e-03	1.325503e-03
4.500000e+00	5.000000e+00	4.571313e-01	1.511782e-03	1.511782e-03
5.000000e+00	6.000000e+00	4.937793e-01	1.298272e-03	1.298272e-03
6.000000e+00	7.000000e+00	5.251926e-01	1.640371e-03	1.640371e-03
7.000000e+00	8.000000e+00	5.496973e-01	2.059183e-03	2.059183e-03
8.000000e+00	9.000000e+00	5.729028e-01	2.537082e-03	2.537082e-03
9.000000e+00	1.000000e+01	5.868083e-01	3.147860e-03	3.147860e-03
1.000000e+01	1.200000e+01	6.014745e-01	2.917988e-03	2.917988e-03
1.200000e+01	1.400000e+01	6.166944e-01	4.243266e-03	4.243266e-03
1.400000e+01	1.600000e+01	6.266519e-01	5.872542e-03	5.872542e-03
1.600000e+01	1.800000e+01	6.196754e-01	7.427519e-03	7.427519e-03
1.800000e+01	2.000000e+01	6.171813e-01	9.928992e-03	9.928992e-03
2.000000e+01	2.400000e+01	6.490586e-01	1.019777e-02	1.019777e-02
2.400000e+01	2.800000e+01	6.742645e-01	1.550259e-02	1.550259e-02
2.800000e+01	3.200000e+01	6.874460e-01	2.213440e-02	2.213440e-02
3.200000e+01	3.600000e+01	6.375973e-01	2.715458e-02	2.715458e-02
3.600000e+01	4.000000e+01	6.627054e-01	3.980400e-02	3.980400e-02
4.000000e+01	4.400000e+01	6.490537e-01	5.946392e-02	5.946392e-02
4.400000e+01	4.800000e+01	7.621073e-01	6.581568e-02	6.581568e-02
4.800000e+01	5.200000e+01	7.808540e-01	9.970173e-02	9.970173e-02
5.200000e+01	5.600000e+01	5.386782e-01	9.474825e-02	9.474825e-02
5.600000e+01	6.000000e+01	7.833406e-01	1.260314e-01	1.260314e-01
6.000000e+01	6.400000e+01	7.664568e-01	1.177199e-01	1.177199e-01
6.400000e+01	6.800000e+01	8.620894e-01	1.458919e-01	1.458919e-01
6.800000e+01	7.200000e+01	9.890343e-01	4.016054e-01	4.016054e-01
7.200000e+01	8.000000e+01	8.030090e-01	1.376042e-01	1.376042e-01
# END HISTO1D


# BEGIN HISTO1D //afs/cern.ch/user/m/mdessena/OtherSqrtS/CMSSW_11_2_4/src/Result_ecmPow/result_TOT_1.yoda/CMS_2015_PAS_FSQ_15_007/d15-x01-y01
LineColor=blue
LineStyle=solid
Path=//afs/cern.ch/user/m/mdessena/OtherSqrtS/CMSSW_11_2_4/src/Result_ecmPow/result_TOT_1.yoda/CMS_2015_PAS_FSQ_15_007/d15-x01-y01
Title=result_TOT_1
# xlow	 xhigh	 val	 errminus	 errplus
5.000000e-01	1.000000e+00	nan	nan	nan
1.000000e+00	1.500000e+00	1.466412e-01	2.683753e-04	2.683753e-04
1.500000e+00	2.000000e+00	2.156586e-01	4.292865e-04	4.292865e-04
2.000000e+00	2.500000e+00	2.751570e-01	6.133251e-04	6.133251e-04
2.500000e+00	3.000000e+00	3.238087e-01	7.978349e-04	7.978349e-04
3.000000e+00	3.500000e+00	3.680895e-01	9.840653e-04	9.840653e-04
3.500000e+00	4.000000e+00	4.073579e-01	1.168237e-03	1.168237e-03
4.000000e+00	4.500000e+00	4.411974e-01	1.366522e-03	1.366522e-03
4.500000e+00	5.000000e+00	4.733819e-01	1.562429e-03	1.562429e-03
5.000000e+00	6.000000e+00	5.101297e-01	1.318844e-03	1.318844e-03
6.000000e+00	7.000000e+00	5.442765e-01	1.671424e-03	1.671424e-03
7.000000e+00	8.000000e+00	5.729803e-01	2.085542e-03	2.085542e-03
8.000000e+00	9.000000e+00	5.953974e-01	2.585515e-03	2.585515e-03
9.000000e+00	1.000000e+01	6.110822e-01	3.177642e-03	3.177642e-03
1.000000e+01	1.200000e+01	6.232138e-01	2.953236e-03	2.953236e-03
1.200000e+01	1.400000e+01	6.373882e-01	4.182446e-03	4.182446e-03
1.400000e+01	1.600000e+01	6.503855e-01	5.907182e-03	5.907182e-03
1.600000e+01	1.800000e+01	6.532069e-01	7.931877e-03	7.931877e-03
1.800000e+01	2.000000e+01	6.793287e-01	1.049538e-02	1.049538e-02
2.000000e+01	2.400000e+01	6.633631e-01	1.013032e-02	1.013032e-02
2.400000e+01	2.800000e+01	6.597370e-01	1.454739e-02	1.454739e-02
2.800000e+01	3.200000e+01	7.273732e-01	2.262467e-02	2.262467e-02
3.200000e+01	3.600000e+01	6.994860e-01	2.895661e-02	2.895661e-02
3.600000e+01	4.000000e+01	7.183386e-01	4.046033e-02	4.046033e-02
4.000000e+01	4.400000e+01	7.650288e-01	6.139069e-02	6.139069e-02
4.400000e+01	4.800000e+01	6.866633e-01	6.415656e-02	6.415656e-02
4.800000e+01	5.200000e+01	8.014589e-01	8.273295e-02	8.273295e-02
5.200000e+01	5.600000e+01	8.978415e-01	1.201559e-01	1.201559e-01
5.600000e+01	6.000000e+01	7.161973e-01	1.228058e-01	1.228058e-01
6.000000e+01	6.400000e+01	6.282432e-01	1.241035e-01	1.241035e-01
6.400000e+01	6.800000e+01	6.459818e-01	1.369651e-01	1.369651e-01
6.800000e+01	7.200000e+01	6.896714e-01	2.592212e-01	2.592212e-01
7.200000e+01	8.000000e+01	5.456741e-01	1.759461e-01	1.759461e-01
# END HISTO1D


# BEGIN HISTO1D //afs/cern.ch/user/m/mdessena/OtherSqrtS/CMSSW_11_2_4/src/Result_ecmPow/result_TOT_2.yoda/CMS_2015_PAS_FSQ_15_007/d15-x01-y01
LineColor=green
LineStyle=solid
Path=//afs/cern.ch/user/m/mdessena/OtherSqrtS/CMSSW_11_2_4/src/Result_ecmPow/result_TOT_2.yoda/CMS_2015_PAS_FSQ_15_007/d15-x01-y01
Title=result_TOT_2
# xlow	 xhigh	 val	 errminus	 errplus
5.000000e-01	1.000000e+00	nan	nan	nan
1.000000e+00	1.500000e+00	1.460413e-01	2.681280e-04	2.681280e-04
1.500000e+00	2.000000e+00	2.152437e-01	4.251084e-04	4.251084e-04
2.000000e+00	2.500000e+00	2.733309e-01	5.997675e-04	5.997675e-04
2.500000e+00	3.000000e+00	3.227652e-01	7.912078e-04	7.912078e-04
3.000000e+00	3.500000e+00	3.654172e-01	9.699550e-04	9.699550e-04
3.500000e+00	4.000000e+00	4.008300e-01	1.142184e-03	1.142184e-03
4.000000e+00	4.500000e+00	4.348547e-01	1.336018e-03	1.336018e-03
4.500000e+00	5.000000e+00	4.641653e-01	1.536297e-03	1.536297e-03
5.000000e+00	6.000000e+00	4.985492e-01	1.311748e-03	1.311748e-03
6.000000e+00	7.000000e+00	5.314537e-01	1.640784e-03	1.640784e-03
7.000000e+00	8.000000e+00	5.641723e-01	2.083437e-03	2.083437e-03
8.000000e+00	9.000000e+00	5.835584e-01	2.583244e-03	2.583244e-03
9.000000e+00	1.000000e+01	5.948377e-01	3.140676e-03	3.140676e-03
1.000000e+01	1.200000e+01	6.060471e-01	2.910639e-03	2.910639e-03
1.200000e+01	1.400000e+01	6.209125e-01	4.198119e-03	4.198119e-03
1.400000e+01	1.600000e+01	6.396277e-01	5.820838e-03	5.820838e-03
1.600000e+01	1.800000e+01	6.397597e-01	7.820806e-03	7.820806e-03
1.800000e+01	2.000000e+01	6.330569e-01	1.002172e-02	1.002172e-02
2.000000e+01	2.400000e+01	6.530358e-01	1.004530e-02	1.004530e-02
2.400000e+01	2.800000e+01	6.481527e-01	1.512992e-02	1.512992e-02
2.800000e+01	3.200000e+01	6.868955e-01	2.068422e-02	2.068422e-02
3.200000e+01	3.600000e+01	6.996515e-01	3.193871e-02	3.193871e-02
3.600000e+01	4.000000e+01	6.581569e-01	3.972901e-02	3.972901e-02
4.000000e+01	4.400000e+01	6.755965e-01	4.747511e-02	4.747511e-02
4.400000e+01	4.800000e+01	7.130561e-01	6.891515e-02	6.891515e-02
4.800000e+01	5.200000e+01	8.004557e-01	8.291155e-02	8.291155e-02
5.200000e+01	5.600000e+01	7.692489e-01	8.877236e-02	8.877236e-02
5.600000e+01	6.000000e+01	6.843660e-01	1.507479e-01	1.507479e-01
6.000000e+01	6.400000e+01	5.100191e-01	1.288541e-01	1.288541e-01
6.400000e+01	6.800000e+01	7.723694e-01	2.042291e-01	2.042291e-01
6.800000e+01	7.200000e+01	1.094190e+00	2.466639e-01	2.466639e-01
7.200000e+01	8.000000e+01	7.062500e-01	1.031033e-01	1.031033e-01
# END HISTO1D


# BEGIN HISTO1D //afs/cern.ch/user/m/mdessena/OtherSqrtS/CMSSW_11_2_4/src/Result_ecmPow/result_TOT_3.yoda/CMS_2015_PAS_FSQ_15_007/d15-x01-y01
LineColor=orange
LineStyle=solid
Path=//afs/cern.ch/user/m/mdessena/OtherSqrtS/CMSSW_11_2_4/src/Result_ecmPow/result_TOT_3.yoda/CMS_2015_PAS_FSQ_15_007/d15-x01-y01
Title=result_TOT_3
# xlow	 xhigh	 val	 errminus	 errplus
5.000000e-01	1.000000e+00	nan	nan	nan
1.000000e+00	1.500000e+00	1.471175e-01	2.675671e-04	2.675671e-04
1.500000e+00	2.000000e+00	2.143793e-01	4.141146e-04	4.141146e-04
2.000000e+00	2.500000e+00	2.708270e-01	5.779038e-04	5.779038e-04
2.500000e+00	3.000000e+00	3.167691e-01	7.533003e-04	7.533003e-04
3.000000e+00	3.500000e+00	3.547687e-01	9.206528e-04	9.206528e-04
3.500000e+00	4.000000e+00	3.903899e-01	1.099102e-03	1.099102e-03
4.000000e+00	4.500000e+00	4.198018e-01	1.285789e-03	1.285789e-03
4.500000e+00	5.000000e+00	4.423884e-01	1.468726e-03	1.468726e-03
5.000000e+00	6.000000e+00	4.691590e-01	1.257259e-03	1.257259e-03
6.000000e+00	7.000000e+00	5.019030e-01	1.598633e-03	1.598633e-03
7.000000e+00	8.000000e+00	5.242690e-01	2.007439e-03	2.007439e-03
8.000000e+00	9.000000e+00	5.425357e-01	2.498406e-03	2.498406e-03
9.000000e+00	1.000000e+01	5.536376e-01	3.064961e-03	3.064961e-03
1.000000e+01	1.200000e+01	5.749719e-01	2.914333e-03	2.914333e-03
1.200000e+01	1.400000e+01	5.848843e-01	4.132449e-03	4.132449e-03
1.400000e+01	1.600000e+01	5.928100e-01	5.768663e-03	5.768663e-03
1.600000e+01	1.800000e+01	5.959220e-01	7.572003e-03	7.572003e-03
1.800000e+01	2.000000e+01	6.359993e-01	1.087305e-02	1.087305e-02
2.000000e+01	2.400000e+01	6.178529e-01	9.819448e-03	9.819448e-03
2.400000e+01	2.800000e+01	6.405815e-01	1.522946e-02	1.522946e-02
2.800000e+01	3.200000e+01	6.609733e-01	2.150681e-02	2.150681e-02
3.200000e+01	3.600000e+01	6.261642e-01	2.757715e-02	2.757715e-02
3.600000e+01	4.000000e+01	6.253624e-01	4.515772e-02	4.515772e-02
4.000000e+01	4.400000e+01	8.072392e-01	5.950868e-02	5.950868e-02
4.400000e+01	4.800000e+01	5.658842e-01	6.227139e-02	6.227139e-02
4.800000e+01	5.200000e+01	6.758482e-01	7.781055e-02	7.781055e-02
5.200000e+01	5.600000e+01	8.681179e-01	1.137250e-01	1.137250e-01
5.600000e+01	6.000000e+01	7.912274e-01	1.205724e-01	1.205724e-01
6.000000e+01	6.400000e+01	6.863558e-01	1.549779e-01	1.549779e-01
6.400000e+01	6.800000e+01	7.302406e-01	1.454323e-01	1.454323e-01
6.800000e+01	7.200000e+01	9.947183e-01	1.802804e-01	1.802804e-01
7.200000e+01	8.000000e+01	7.730381e-01	1.877649e-01	1.877649e-01
# END HISTO1D


# BEGIN HISTO1D //afs/cern.ch/user/m/mdessena/OtherSqrtS/CMSSW_11_2_4/src/Result_ecmPow/result_TOT_4.yoda/CMS_2015_PAS_FSQ_15_007/d15-x01-y01
LineColor=lilac
LineStyle=solid
Path=//afs/cern.ch/user/m/mdessena/OtherSqrtS/CMSSW_11_2_4/src/Result_ecmPow/result_TOT_4.yoda/CMS_2015_PAS_FSQ_15_007/d15-x01-y01
Title=result_TOT_4
# xlow	 xhigh	 val	 errminus	 errplus
5.000000e-01	1.000000e+00	nan	nan	nan
1.000000e+00	1.500000e+00	1.448210e-01	2.693192e-04	2.693192e-04
1.500000e+00	2.000000e+00	2.156517e-01	4.373952e-04	4.373952e-04
2.000000e+00	2.500000e+00	2.779953e-01	6.310849e-04	6.310849e-04
2.500000e+00	3.000000e+00	3.297681e-01	8.273738e-04	8.273738e-04
3.000000e+00	3.500000e+00	3.735247e-01	1.014477e-03	1.014477e-03
3.500000e+00	4.000000e+00	4.142427e-01	1.204923e-03	1.204923e-03
4.000000e+00	4.500000e+00	4.512249e-01	1.399816e-03	1.399816e-03
4.500000e+00	5.000000e+00	4.856050e-01	1.598829e-03	1.598829e-03
5.000000e+00	6.000000e+00	5.256507e-01	1.354901e-03	1.354901e-03
6.000000e+00	7.000000e+00	5.649341e-01	1.707490e-03	1.707490e-03
7.000000e+00	8.000000e+00	5.946605e-01	2.100214e-03	2.100214e-03
8.000000e+00	9.000000e+00	6.137399e-01	2.594008e-03	2.594008e-03
9.000000e+00	1.000000e+01	6.344425e-01	3.205266e-03	3.205266e-03
1.000000e+01	1.200000e+01	6.497664e-01	2.997543e-03	2.997543e-03
1.200000e+01	1.400000e+01	6.672696e-01	4.287303e-03	4.287303e-03
1.400000e+01	1.600000e+01	6.668352e-01	5.769736e-03	5.769736e-03
1.600000e+01	1.800000e+01	6.800164e-01	8.003611e-03	8.003611e-03
1.800000e+01	2.000000e+01	6.953026e-01	1.048261e-02	1.048261e-02
2.000000e+01	2.400000e+01	6.928834e-01	1.021943e-02	1.021943e-02
2.400000e+01	2.800000e+01	7.301426e-01	1.669947e-02	1.669947e-02
2.800000e+01	3.200000e+01	6.693932e-01	2.077848e-02	2.077848e-02
3.200000e+01	3.600000e+01	7.489170e-01	3.350885e-02	3.350885e-02
3.600000e+01	4.000000e+01	7.130835e-01	3.940485e-02	3.940485e-02
4.000000e+01	4.400000e+01	7.035372e-01	5.979013e-02	5.979013e-02
4.400000e+01	4.800000e+01	8.515610e-01	7.262679e-02	7.262679e-02
4.800000e+01	5.200000e+01	9.549296e-01	1.146156e-01	1.146156e-01
5.200000e+01	5.600000e+01	6.944943e-01	9.468775e-02	9.468775e-02
5.600000e+01	6.000000e+01	7.712892e-01	1.286007e-01	1.286007e-01
6.000000e+01	6.400000e+01	8.669758e-01	1.799989e-01	1.799989e-01
6.400000e+01	6.800000e+01	7.029344e-01	1.301483e-01	1.301483e-01
6.800000e+01	7.200000e+01	1.020038e+00	2.577083e-01	2.577083e-01
7.200000e+01	8.000000e+01	7.616700e-01	1.432576e-01	1.432576e-01
# END HISTO1D


# BEGIN HISTO1D //afs/cern.ch/user/m/mdessena/OtherSqrtS/CMSSW_11_2_4/src/Result_ecmPow/result_TOT_5.yoda/CMS_2015_PAS_FSQ_15_007/d15-x01-y01
LineColor=red
LineStyle=dashed
Path=//afs/cern.ch/user/m/mdessena/OtherSqrtS/CMSSW_11_2_4/src/Result_ecmPow/result_TOT_5.yoda/CMS_2015_PAS_FSQ_15_007/d15-x01-y01
Title=result_TOT_5
# xlow	 xhigh	 val	 errminus	 errplus
5.000000e-01	1.000000e+00	nan	nan	nan
1.000000e+00	1.500000e+00	1.454197e-01	2.695165e-04	2.695165e-04
1.500000e+00	2.000000e+00	2.163530e-01	4.331869e-04	4.331869e-04
2.000000e+00	2.500000e+00	2.762485e-01	6.200907e-04	6.200907e-04
2.500000e+00	3.000000e+00	3.260165e-01	8.117543e-04	8.117543e-04
3.000000e+00	3.500000e+00	3.709380e-01	9.987028e-04	9.987028e-04
3.500000e+00	4.000000e+00	4.127910e-01	1.194079e-03	1.194079e-03
4.000000e+00	4.500000e+00	4.493276e-01	1.381851e-03	1.381851e-03
4.500000e+00	5.000000e+00	4.810635e-01	1.585950e-03	1.585950e-03
5.000000e+00	6.000000e+00	5.148395e-01	1.338013e-03	1.338013e-03
6.000000e+00	7.000000e+00	5.571194e-01	1.693036e-03	1.693036e-03
7.000000e+00	8.000000e+00	5.858302e-01	2.110281e-03	2.110281e-03
8.000000e+00	9.000000e+00	6.064954e-01	2.609308e-03	2.609308e-03
9.000000e+00	1.000000e+01	6.244920e-01	3.203512e-03	3.203512e-03
1.000000e+01	1.200000e+01	6.403707e-01	2.981387e-03	2.981387e-03
1.200000e+01	1.400000e+01	6.558785e-01	4.232630e-03	4.232630e-03
1.400000e+01	1.600000e+01	6.608334e-01	5.863983e-03	5.863983e-03
1.600000e+01	1.800000e+01	6.584078e-01	7.704318e-03	7.704318e-03
1.800000e+01	2.000000e+01	6.835707e-01	1.033522e-02	1.033522e-02
2.000000e+01	2.400000e+01	6.777451e-01	1.016862e-02	1.016862e-02
2.400000e+01	2.800000e+01	6.863766e-01	1.601322e-02	1.601322e-02
2.800000e+01	3.200000e+01	7.026108e-01	2.184856e-02	2.184856e-02
3.200000e+01	3.600000e+01	7.590165e-01	3.312798e-02	3.312798e-02
3.600000e+01	4.000000e+01	7.183097e-01	4.157247e-02	4.157247e-02
4.000000e+01	4.400000e+01	7.145510e-01	4.762604e-02	4.762604e-02
4.400000e+01	4.800000e+01	5.718474e-01	5.360505e-02	5.360505e-02
4.800000e+01	5.200000e+01	9.182015e-01	1.061962e-01	1.061962e-01
5.200000e+01	5.600000e+01	6.156784e-01	1.060144e-01	1.060144e-01
5.600000e+01	6.000000e+01	6.243769e-01	7.953983e-02	7.953983e-02
6.000000e+01	6.400000e+01	9.182015e-01	1.548252e-01	1.548252e-01
6.400000e+01	6.800000e+01	1.213557e+00	2.431378e-01	2.431378e-01
6.800000e+01	7.200000e+01	8.014586e-01	1.652608e-01	1.652608e-01
7.200000e+01	8.000000e+01	1.133979e+00	4.297895e-01	4.297895e-01
# END HISTO1D


# BEGIN HISTO1D //afs/cern.ch/user/m/mdessena/OtherSqrtS/CMSSW_11_2_4/src/Result_ecmPow/result_TOT_6.yoda/CMS_2015_PAS_FSQ_15_007/d15-x01-y01
LineColor=blue
LineStyle=dashed
Path=//afs/cern.ch/user/m/mdessena/OtherSqrtS/CMSSW_11_2_4/src/Result_ecmPow/result_TOT_6.yoda/CMS_2015_PAS_FSQ_15_007/d15-x01-y01
Title=result_TOT_6
# xlow	 xhigh	 val	 errminus	 errplus
5.000000e-01	1.000000e+00	nan	nan	nan
1.000000e+00	1.500000e+00	1.471586e-01	2.681556e-04	2.681556e-04
1.500000e+00	2.000000e+00	2.147029e-01	4.174489e-04	4.174489e-04
2.000000e+00	2.500000e+00	2.722542e-01	5.850090e-04	5.850090e-04
2.500000e+00	3.000000e+00	3.191279e-01	7.686920e-04	7.686920e-04
3.000000e+00	3.500000e+00	3.590408e-01	9.413316e-04	9.413316e-04
3.500000e+00	4.000000e+00	3.925302e-01	1.116725e-03	1.116725e-03
4.000000e+00	4.500000e+00	4.275459e-01	1.297327e-03	1.297327e-03
4.500000e+00	5.000000e+00	4.526060e-01	1.501251e-03	1.501251e-03
5.000000e+00	6.000000e+00	4.835450e-01	1.285078e-03	1.285078e-03
6.000000e+00	7.000000e+00	5.166151e-01	1.630239e-03	1.630239e-03
7.000000e+00	8.000000e+00	5.426044e-01	2.050348e-03	2.050348e-03
8.000000e+00	9.000000e+00	5.557799e-01	2.538539e-03	2.538539e-03
9.000000e+00	1.000000e+01	5.678708e-01	3.062332e-03	3.062332e-03
1.000000e+01	1.200000e+01	5.884185e-01	2.910497e-03	2.910497e-03
1.200000e+01	1.400000e+01	6.036599e-01	4.194041e-03	4.194041e-03
1.400000e+01	1.600000e+01	6.039420e-01	5.670710e-03	5.670710e-03
1.600000e+01	1.800000e+01	6.167049e-01	7.714387e-03	7.714387e-03
1.800000e+01	2.000000e+01	6.311088e-01	1.023473e-02	1.023473e-02
2.000000e+01	2.400000e+01	6.579039e-01	1.023438e-02	1.023438e-02
2.400000e+01	2.800000e+01	6.331055e-01	1.535158e-02	1.535158e-02
2.800000e+01	3.200000e+01	6.802929e-01	2.286334e-02	2.286334e-02
3.200000e+01	3.600000e+01	6.878938e-01	3.091827e-02	3.091827e-02
3.600000e+01	4.000000e+01	7.434211e-01	4.008334e-02	4.008334e-02
4.000000e+01	4.400000e+01	7.147415e-01	4.818462e-02	4.818462e-02
4.400000e+01	4.800000e+01	6.079063e-01	4.848181e-02	4.848181e-02
4.800000e+01	5.200000e+01	7.529254e-01	7.925308e-02	7.925308e-02
5.200000e+01	5.600000e+01	6.438539e-01	7.808376e-02	7.808376e-02
5.600000e+01	6.000000e+01	7.460387e-01	1.657930e-01	1.657930e-01
6.000000e+01	6.400000e+01	7.389338e-01	1.220693e-01	1.220693e-01
6.400000e+01	6.800000e+01	5.371479e-01	1.261372e-01	1.261372e-01
6.800000e+01	7.200000e+01	8.116902e-01	2.644081e-01	2.644081e-01
7.200000e+01	8.000000e+01	1.253345e+00	2.195604e-01	2.195604e-01
# END HISTO1D


# BEGIN HISTO1D //afs/cern.ch/user/m/mdessena/OtherSqrtS/CMSSW_11_2_4/src/Result_ecmPow/result_TOT_7.yoda/CMS_2015_PAS_FSQ_15_007/d15-x01-y01
LineColor=green
LineStyle=dashed
Path=//afs/cern.ch/user/m/mdessena/OtherSqrtS/CMSSW_11_2_4/src/Result_ecmPow/result_TOT_7.yoda/CMS_2015_PAS_FSQ_15_007/d15-x01-y01
Title=result_TOT_7
# xlow	 xhigh	 val	 errminus	 errplus
5.000000e-01	1.000000e+00	nan	nan	nan
1.000000e+00	1.500000e+00	1.472429e-01	2.680826e-04	2.680826e-04
1.500000e+00	2.000000e+00	2.144185e-01	4.133461e-04	4.133461e-04
2.000000e+00	2.500000e+00	2.705668e-01	5.801076e-04	5.801076e-04
2.500000e+00	3.000000e+00	3.162099e-01	7.520289e-04	7.520289e-04
3.000000e+00	3.500000e+00	3.549661e-01	9.279177e-04	9.279177e-04
3.500000e+00	4.000000e+00	3.886581e-01	1.099168e-03	1.099168e-03
4.000000e+00	4.500000e+00	4.179516e-01	1.275537e-03	1.275537e-03
4.500000e+00	5.000000e+00	4.439614e-01	1.475272e-03	1.475272e-03
5.000000e+00	6.000000e+00	4.746842e-01	1.267679e-03	1.267679e-03
6.000000e+00	7.000000e+00	5.030680e-01	1.616687e-03	1.616687e-03
7.000000e+00	8.000000e+00	5.287283e-01	2.018895e-03	2.018895e-03
8.000000e+00	9.000000e+00	5.467494e-01	2.530247e-03	2.530247e-03
9.000000e+00	1.000000e+01	5.519144e-01	3.051786e-03	3.051786e-03
1.000000e+01	1.200000e+01	5.665583e-01	2.876455e-03	2.876455e-03
1.200000e+01	1.400000e+01	5.889676e-01	4.157685e-03	4.157685e-03
1.400000e+01	1.600000e+01	5.906596e-01	5.661087e-03	5.661087e-03
1.600000e+01	1.800000e+01	6.009643e-01	7.625712e-03	7.625712e-03
1.800000e+01	2.000000e+01	6.307586e-01	1.020740e-02	1.020740e-02
2.000000e+01	2.400000e+01	6.100245e-01	9.847229e-03	9.847229e-03
2.400000e+01	2.800000e+01	6.402759e-01	1.480775e-02	1.480775e-02
2.800000e+01	3.200000e+01	6.114370e-01	2.034182e-02	2.034182e-02
3.200000e+01	3.600000e+01	6.565141e-01	3.065062e-02	3.065062e-02
3.600000e+01	4.000000e+01	6.650405e-01	4.201413e-02	4.201413e-02
4.000000e+01	4.400000e+01	6.837979e-01	5.789391e-02	5.789391e-02
4.400000e+01	4.800000e+01	6.171487e-01	5.838236e-02	5.838236e-02
4.800000e+01	5.200000e+01	8.531749e-01	1.206584e-01	1.206584e-01
5.200000e+01	5.600000e+01	7.784752e-01	1.109217e-01	1.109217e-01
5.600000e+01	6.000000e+01	6.604930e-01	1.142821e-01	1.142821e-01
6.000000e+01	6.400000e+01	9.071830e-01	1.423994e-01	1.423994e-01
6.400000e+01	6.800000e+01	6.896714e-01	2.434747e-01	2.434747e-01
6.800000e+01	7.200000e+01	8.594367e-01	2.373643e-01	2.373643e-01
7.200000e+01	8.000000e+01	8.526157e-01	1.997603e-01	1.997603e-01
# END HISTO1D

