# BEGIN PLOT
YMin=0.
DrawOnly=/CMS_2018_I1680318/d01-x01-y01 //eos/home-m/mdessena/CMSSW_eos/CMSSW_11_2_4/src/Final_Results_MCNNTUNES/Tune_MinBias_PerBinModel_Merged_1/PerBin.yoda/CMS_2018_I1680318/d01-x01-y01
YMax=5.
Title=CMS, 13 TeV, $pp$ Inelastic
RatioPlotReference=/CMS_2018_I1680318/d01-x01-y01
YLabel=$(1/N^{tot}_{events})dN_{ch}/d\eta$ 
RatioPlot=1
LogX=0
LogY=0
RatioPlotYMax=1.4
LegendOnly=/CMS_2018_I1680318/d01-x01-y01 //eos/home-m/mdessena/CMSSW_eos/CMSSW_11_2_4/src/Final_Results_MCNNTUNES/Tune_MinBias_PerBinModel_Merged_1/PerBin.yoda/CMS_2018_I1680318/d01-x01-y01
XLabel=$\eta$ 
RatioPlotSameStyle=0
RatioPlotErrorBandColor=grey!40!yellow!60
Legend=1
RatioPlotYMin=0.6
# END PLOT

# BEGIN HISTO1D /CMS_2018_I1680318/d01-x01-y01
ConnectBins=0
ErrorBars=1
Path=/CMS_2018_I1680318/d01-x01-y01
PolyMarker=*
Title=Data
# xlow	 xhigh	 val	 errminus	 errplus
-2.400000e+00	-2.200000e+00	2.837300e+00	1.204037e-01	1.139153e-01
-2.200000e+00	-2.000000e+00	2.923500e+00	1.241974e-01	1.174089e-01
-2.000000e+00	-1.800000e+00	2.939100e+00	1.250018e-01	1.180138e-01
-1.800000e+00	-1.600000e+00	2.984500e+00	1.269044e-01	1.198165e-01
-1.600000e+00	-1.400000e+00	3.011200e+00	1.279085e-01	1.209206e-01
-1.400000e+00	-1.200000e+00	3.049100e+00	1.292064e-01	1.224179e-01
-1.200000e+00	-1.000000e+00	3.013700e+00	1.275035e-01	1.210144e-01
-1.000000e+00	-8.000000e-01	2.948100e+00	1.245026e-01	1.184130e-01
-8.000000e-01	-6.000000e-01	2.951400e+00	1.246024e-01	1.185129e-01
-6.000000e-01	-4.000000e-01	2.955000e+00	1.248021e-01	1.186127e-01
-4.000000e-01	-2.000000e-01	2.943900e+00	1.244028e-01	1.182134e-01
-2.000000e-01	0.000000e+00	2.908600e+00	1.228995e-01	1.168099e-01
0.000000e+00	2.000000e-01	2.908600e+00	1.228995e-01	1.168099e-01
2.000000e-01	4.000000e-01	2.943900e+00	1.244028e-01	1.182134e-01
4.000000e-01	6.000000e-01	2.955000e+00	1.248021e-01	1.186127e-01
6.000000e-01	8.000000e-01	2.951400e+00	1.246024e-01	1.185129e-01
8.000000e-01	1.000000e+00	2.948100e+00	1.245026e-01	1.184130e-01
1.000000e+00	1.200000e+00	3.013700e+00	1.275035e-01	1.210144e-01
1.200000e+00	1.400000e+00	3.049100e+00	1.292064e-01	1.224179e-01
1.400000e+00	1.600000e+00	3.011200e+00	1.279085e-01	1.209206e-01
1.600000e+00	1.800000e+00	2.984500e+00	1.269044e-01	1.198165e-01
1.800000e+00	2.000000e+00	2.939100e+00	1.250018e-01	1.180138e-01
2.000000e+00	2.200000e+00	2.923500e+00	1.241974e-01	1.174089e-01
2.200000e+00	2.400000e+00	2.837300e+00	1.204037e-01	1.139153e-01
# END HISTO1D


# BEGIN HISTO1D //eos/home-m/mdessena/CMSSW_eos/CMSSW_11_2_4/src/Final_Results_MCNNTUNES/Tune_MinBias_PerBinModel_Merged_1/PerBin.yoda/CMS_2018_I1680318/d01-x01-y01
ErrorBars=1
LineColor=red
LineStyle=solid
Path=//eos/home-m/mdessena/CMSSW_eos/CMSSW_11_2_4/src/Final_Results_MCNNTUNES/Tune_MinBias_PerBinModel_Merged_1/PerBin.yoda/CMS_2018_I1680318/d01-x01-y01
ScaledBy=3.38744207474052195e-07
Title=PerBin
# xlow	 xhigh	 val	 errminus	 errplus
-2.400000e+00	-2.200000e+00	2.684834e+00	2.132454e-03	2.132454e-03
-2.200000e+00	-2.000000e+00	2.699048e+00	2.138091e-03	2.138091e-03
-2.000000e+00	-1.800000e+00	2.700930e+00	2.138836e-03	2.138836e-03
-1.800000e+00	-1.600000e+00	2.701824e+00	2.139190e-03	2.139190e-03
-1.600000e+00	-1.400000e+00	2.692290e+00	2.135413e-03	2.135413e-03
-1.400000e+00	-1.200000e+00	2.674176e+00	2.128217e-03	2.128217e-03
-1.200000e+00	-1.000000e+00	2.658092e+00	2.121807e-03	2.121807e-03
-1.000000e+00	-8.000000e-01	2.635425e+00	2.112741e-03	2.112741e-03
-8.000000e-01	-6.000000e-01	2.612024e+00	2.103340e-03	2.103340e-03
-6.000000e-01	-4.000000e-01	2.593211e+00	2.095752e-03	2.095752e-03
-4.000000e-01	-2.000000e-01	2.577386e+00	2.089347e-03	2.089347e-03
-2.000000e-01	0.000000e+00	2.570326e+00	2.086484e-03	2.086484e-03
0.000000e+00	2.000000e-01	2.568595e+00	2.085782e-03	2.085782e-03
2.000000e-01	4.000000e-01	2.574742e+00	2.088276e-03	2.088276e-03
4.000000e-01	6.000000e-01	2.597101e+00	2.097323e-03	2.097323e-03
6.000000e-01	8.000000e-01	2.618699e+00	2.106026e-03	2.106026e-03
8.000000e-01	1.000000e+00	2.635457e+00	2.112754e-03	2.112754e-03
1.000000e+00	1.200000e+00	2.660829e+00	2.122900e-03	2.122900e-03
1.200000e+00	1.400000e+00	2.675316e+00	2.128670e-03	2.128670e-03
1.400000e+00	1.600000e+00	2.695484e+00	2.136679e-03	2.136679e-03
1.600000e+00	1.800000e+00	2.698586e+00	2.137908e-03	2.137908e-03
1.800000e+00	2.000000e+00	2.701314e+00	2.138989e-03	2.138989e-03
2.000000e+00	2.200000e+00	2.694232e+00	2.136183e-03	2.136183e-03
2.200000e+00	2.400000e+00	2.686308e+00	2.133039e-03	2.133039e-03
# END HISTO1D

