# BEGIN PLOT
LegendOnly=/CMS_2019_I1753680/d31-x01-y01 //eos/home-m/mdessena/CMSSW_eos/CMSSW_11_2_4/src/Final_Results_MCNNTUNES/results_FxFx_ext_ext/PerBin_FxFx.yoda/CMS_2019_I1753680/d31-x01-y01 //eos/home-m/mdessena/CMSSW_eos/CMSSW_11_2_4/src/Final_Results_MCNNTUNES/results_FxFx_ext_ext/Inverse_FxFx.yoda/CMS_2019_I1753680/d31-x01-y01 //eos/home-m/mdessena/CMSSW_eos/CMSSW_11_2_4/src/Final_Results_MCNNTUNES/results_FxFx_ext_ext/CP5_default_FxFx.yoda/CMS_2019_I1753680/d31-x01-y01
DrawOnly=/CMS_2019_I1753680/d31-x01-y01 //eos/home-m/mdessena/CMSSW_eos/CMSSW_11_2_4/src/Final_Results_MCNNTUNES/results_FxFx_ext_ext/PerBin_FxFx.yoda/CMS_2019_I1753680/d31-x01-y01 //eos/home-m/mdessena/CMSSW_eos/CMSSW_11_2_4/src/Final_Results_MCNNTUNES/results_FxFx_ext_ext/Inverse_FxFx.yoda/CMS_2019_I1753680/d31-x01-y01 //eos/home-m/mdessena/CMSSW_eos/CMSSW_11_2_4/src/Final_Results_MCNNTUNES/results_FxFx_ext_ext/CP5_default_FxFx.yoda/CMS_2019_I1753680/d31-x01-y01
Title=CMS, 13 TeV, $Z \to \ell^+ \ell^-$
RatioPlotReference=/CMS_2019_I1753680/d31-x01-y01
YLabel=$1/\sigma d\sigma/d\phi^{*}_{\eta}$
RatioPlot=1
LogX=1
LogY=0
RatioPlotYMax=1.25
XLabel=$\phi^{*}_{\eta}$
RatioPlotSameStyle=0
XMin=0.001
RatioPlotErrorBandColor=grey!40!yellow!60
Legend=1
RatioPlotYMin=0.75
# END PLOT

# BEGIN HISTO1D /CMS_2019_I1753680/d31-x01-y01
ConnectBins=0
ErrorBars=1
IsRef=1
Path=/CMS_2019_I1753680/d31-x01-y01
PolyMarker=*
Title=Data
# xlow	 xhigh	 val	 errminus	 errplus
1.000000e-03	2.000000e-03	6.756700e-02	5.914700e-04	5.914700e-04
2.000000e-03	3.000000e-03	6.682400e-02	6.144600e-04	6.144600e-04
3.000000e-03	4.000000e-03	6.627700e-02	6.577000e-04	6.577000e-04
4.000000e-03	5.000000e-03	6.591900e-02	6.809400e-04	6.809400e-04
5.000000e-03	6.000000e-03	6.571300e-02	6.908100e-04	6.908100e-04
6.000000e-03	7.000000e-03	6.557900e-02	6.988300e-04	6.988300e-04
7.000000e-03	8.000000e-03	6.537900e-02	6.982400e-04	6.982400e-04
8.000000e-03	9.000000e-03	6.508500e-02	6.888600e-04	6.888600e-04
9.000000e-03	1.000000e-02	6.474200e-02	6.881500e-04	6.881500e-04
1.000000e-02	2.000000e-02	6.280100e-02	6.591500e-04	6.591500e-04
2.000000e-02	3.000000e-02	5.726800e-02	5.961700e-04	5.961700e-04
3.000000e-02	4.000000e-02	5.119500e-02	5.321000e-04	5.321000e-04
4.000000e-02	5.000000e-02	4.535900e-02	4.672200e-04	4.672200e-04
5.000000e-02	6.000000e-02	3.998400e-02	4.098800e-04	4.098800e-04
6.000000e-02	7.000000e-02	3.525700e-02	3.621300e-04	3.621300e-04
7.000000e-02	8.000000e-02	3.115300e-02	3.202700e-04	3.202700e-04
8.000000e-02	9.000000e-02	2.778500e-02	2.801100e-04	2.801100e-04
9.000000e-02	1.000000e-01	2.480800e-02	2.500100e-04	2.500100e-04
1.000000e-01	2.000000e-01	1.492000e-02	1.454900e-04	1.454900e-04
2.000000e-01	3.000000e-01	6.630800e-03	6.188100e-05	6.188100e-05
3.000000e-01	4.000000e-01	3.548700e-03	3.168000e-05	3.168000e-05
4.000000e-01	5.000000e-01	2.146100e-03	1.900800e-05	1.900800e-05
5.000000e-01	6.000000e-01	1.403800e-03	1.235200e-05	1.235200e-05
6.000000e-01	7.000000e-01	9.578500e-04	8.733100e-06	8.733100e-06
7.000000e-01	8.000000e-01	6.934500e-04	6.471800e-06	6.471800e-06
8.000000e-01	9.000000e-01	5.111100e-04	4.815200e-06	4.815200e-06
9.000000e-01	1.000000e+00	3.885400e-04	3.824200e-06	3.824200e-06
1.000000e+00	3.000000e+00	8.772200e-05	8.760900e-07	8.760900e-07
3.000000e+00	5.000000e+00	1.029700e-05	1.149700e-07	1.149700e-07
5.000000e+00	7.000000e+00	3.810300e-06	4.743900e-08	4.743900e-08
7.000000e+00	1.000000e+01	1.819300e-06	2.395900e-08	2.395900e-08
1.000000e+01	2.000000e+01	6.176000e-07	7.890000e-09	7.890000e-09
2.000000e+01	3.000000e+01	2.036000e-07	3.571800e-09	3.571800e-09
3.000000e+01	5.000000e+01	1.994600e-07	2.845800e-09	2.845800e-09
# END HISTO1D


# BEGIN HISTO1D //eos/home-m/mdessena/CMSSW_eos/CMSSW_11_2_4/src/Final_Results_MCNNTUNES/results_FxFx_ext_ext/PerBin_FxFx.yoda/CMS_2019_I1753680/d31-x01-y01
ErrorBars=1
LineColor=red
LineStyle=solid
Path=//eos/home-m/mdessena/CMSSW_eos/CMSSW_11_2_4/src/Final_Results_MCNNTUNES/results_FxFx_ext_ext/PerBin_FxFx.yoda/CMS_2019_I1753680/d31-x01-y01
ScaledBy=5.51411813163924517e-14
Title=PerBin_FxFx
# xlow	 xhigh	 val	 errminus	 errplus
1.000000e-03	2.000000e-03	6.552392e-02	2.553259e-04	2.553259e-04
2.000000e-03	3.000000e-03	6.561498e-02	2.553805e-04	2.553805e-04
3.000000e-03	4.000000e-03	6.590750e-02	2.555877e-04	2.555877e-04
4.000000e-03	5.000000e-03	6.534342e-02	2.546842e-04	2.546842e-04
5.000000e-03	6.000000e-03	6.551264e-02	2.547198e-04	2.547198e-04
6.000000e-03	7.000000e-03	6.566897e-02	2.550180e-04	2.550180e-04
7.000000e-03	8.000000e-03	6.478498e-02	2.539807e-04	2.539807e-04
8.000000e-03	9.000000e-03	6.515485e-02	2.541839e-04	2.541839e-04
9.000000e-03	1.000000e-02	6.507749e-02	2.542427e-04	2.542427e-04
1.000000e-02	2.000000e-02	6.305961e-02	7.919259e-05	7.919259e-05
2.000000e-02	3.000000e-02	5.873445e-02	7.657520e-05	7.657520e-05
3.000000e-02	4.000000e-02	5.319605e-02	7.309753e-05	7.309753e-05
4.000000e-02	5.000000e-02	4.707703e-02	6.903838e-05	6.903838e-05
5.000000e-02	6.000000e-02	4.098477e-02	6.474504e-05	6.474504e-05
6.000000e-02	7.000000e-02	3.562509e-02	6.065919e-05	6.065919e-05
7.000000e-02	8.000000e-02	3.099574e-02	5.684433e-05	5.684433e-05
8.000000e-02	9.000000e-02	2.698333e-02	5.335359e-05	5.335359e-05
9.000000e-02	1.000000e-01	2.377321e-02	5.038747e-05	5.038747e-05
1.000000e-01	2.000000e-01	1.418464e-02	1.260957e-05	1.260957e-05
2.000000e-01	3.000000e-01	6.690271e-03	9.230223e-06	9.230223e-06
3.000000e-01	4.000000e-01	3.717946e-03	7.493085e-06	7.493085e-06
4.000000e-01	5.000000e-01	2.260282e-03	6.144869e-06	6.144869e-06
5.000000e-01	6.000000e-01	1.438042e-03	5.076623e-06	5.076623e-06
6.000000e-01	7.000000e-01	9.866866e-04	4.244111e-06	4.244111e-06
7.000000e-01	8.000000e-01	7.015666e-04	3.619591e-06	3.619591e-06
8.000000e-01	9.000000e-01	5.080538e-04	3.138170e-06	3.138170e-06
9.000000e-01	1.000000e+00	3.881861e-04	2.737652e-06	2.737652e-06
1.000000e+00	3.000000e+00	8.715735e-05	2.927533e-07	2.927533e-07
3.000000e+00	5.000000e+00	1.134735e-05	1.025951e-07	1.025951e-07
5.000000e+00	7.000000e+00	4.733466e-06	6.410049e-08	6.410049e-08
7.000000e+00	1.000000e+01	2.108597e-06	3.562516e-08	3.562516e-08
1.000000e+01	2.000000e+01	6.345132e-07	1.113509e-08	1.113509e-08
2.000000e+01	3.000000e+01	2.213625e-07	6.440116e-09	6.440116e-09
3.000000e+01	5.000000e+01	8.686885e-08	2.952035e-09	2.952035e-09
# END HISTO1D


# BEGIN HISTO1D //eos/home-m/mdessena/CMSSW_eos/CMSSW_11_2_4/src/Final_Results_MCNNTUNES/results_FxFx_ext_ext/Inverse_FxFx.yoda/CMS_2019_I1753680/d31-x01-y01
ErrorBars=1
LineColor=blue
LineStyle=solid
Path=//eos/home-m/mdessena/CMSSW_eos/CMSSW_11_2_4/src/Final_Results_MCNNTUNES/results_FxFx_ext_ext/Inverse_FxFx.yoda/CMS_2019_I1753680/d31-x01-y01
ScaledBy=5.99760258859387370e-14
Title=Inverse_FxFx
# xlow	 xhigh	 val	 errminus	 errplus
1.000000e-03	2.000000e-03	6.627666e-02	2.671123e-04	2.671123e-04
2.000000e-03	3.000000e-03	6.606016e-02	2.667598e-04	2.667598e-04
3.000000e-03	4.000000e-03	6.562805e-02	2.665019e-04	2.665019e-04
4.000000e-03	5.000000e-03	6.592431e-02	2.665711e-04	2.665711e-04
5.000000e-03	6.000000e-03	6.519068e-02	2.652899e-04	2.652899e-04
6.000000e-03	7.000000e-03	6.584980e-02	2.658829e-04	2.658829e-04
7.000000e-03	8.000000e-03	6.552375e-02	2.657701e-04	2.657701e-04
8.000000e-03	9.000000e-03	6.474543e-02	2.645969e-04	2.645969e-04
9.000000e-03	1.000000e-02	6.497156e-02	2.645504e-04	2.645504e-04
1.000000e-02	2.000000e-02	6.306747e-02	8.256134e-05	8.256134e-05
2.000000e-02	3.000000e-02	5.856381e-02	7.972555e-05	7.972555e-05
3.000000e-02	4.000000e-02	5.290922e-02	7.602209e-05	7.602209e-05
4.000000e-02	5.000000e-02	4.689002e-02	7.184399e-05	7.184399e-05
5.000000e-02	6.000000e-02	4.076168e-02	6.732925e-05	6.732925e-05
6.000000e-02	7.000000e-02	3.529923e-02	6.303163e-05	6.303163e-05
7.000000e-02	8.000000e-02	3.072833e-02	5.910415e-05	5.910415e-05
8.000000e-02	9.000000e-02	2.695101e-02	5.556378e-05	5.556378e-05
9.000000e-02	1.000000e-01	2.367241e-02	5.247561e-05	5.247561e-05
1.000000e-01	2.000000e-01	1.418962e-02	1.315487e-05	1.315487e-05
2.000000e-01	3.000000e-01	6.684629e-03	9.620765e-06	9.620765e-06
3.000000e-01	4.000000e-01	3.711952e-03	7.804314e-06	7.804314e-06
4.000000e-01	5.000000e-01	2.258530e-03	6.402114e-06	6.402114e-06
5.000000e-01	6.000000e-01	1.452414e-03	5.302177e-06	5.302177e-06
6.000000e-01	7.000000e-01	9.885929e-04	4.421473e-06	4.421473e-06
7.000000e-01	8.000000e-01	7.018142e-04	3.774619e-06	3.774619e-06
8.000000e-01	9.000000e-01	4.979514e-04	3.263886e-06	3.263886e-06
9.000000e-01	1.000000e+00	3.949726e-04	2.845759e-06	2.845759e-06
1.000000e+00	3.000000e+00	8.687505e-05	3.050644e-07	3.050644e-07
3.000000e+00	5.000000e+00	1.128437e-05	1.071695e-07	1.071695e-07
5.000000e+00	7.000000e+00	4.701491e-06	6.655841e-08	6.655841e-08
7.000000e+00	1.000000e+01	2.169312e-06	3.719664e-08	3.719664e-08
1.000000e+01	2.000000e+01	6.088975e-07	1.142904e-08	1.142904e-08
2.000000e+01	3.000000e+01	2.196484e-07	6.684348e-09	6.684348e-09
3.000000e+01	5.000000e+01	9.146170e-08	3.110304e-09	3.110304e-09
# END HISTO1D


# BEGIN HISTO1D //eos/home-m/mdessena/CMSSW_eos/CMSSW_11_2_4/src/Final_Results_MCNNTUNES/results_FxFx_ext_ext/CP5_default_FxFx.yoda/CMS_2019_I1753680/d31-x01-y01
ErrorBars=1
LineColor=green
LineStyle=solid
Path=//eos/home-m/mdessena/CMSSW_eos/CMSSW_11_2_4/src/Final_Results_MCNNTUNES/results_FxFx_ext_ext/CP5_default_FxFx.yoda/CMS_2019_I1753680/d31-x01-y01
ScaledBy=5.61193708207769030e-14
Title=CP5_default_FxFx
# xlow	 xhigh	 val	 errminus	 errplus
1.000000e-03	2.000000e-03	6.974948e-02	2.643831e-04	2.643831e-04
2.000000e-03	3.000000e-03	6.863493e-02	2.622284e-04	2.622284e-04
3.000000e-03	4.000000e-03	6.914423e-02	2.629648e-04	2.629648e-04
4.000000e-03	5.000000e-03	6.961006e-02	2.635549e-04	2.635549e-04
5.000000e-03	6.000000e-03	6.823881e-02	2.615105e-04	2.615105e-04
6.000000e-03	7.000000e-03	6.900317e-02	2.625936e-04	2.625936e-04
7.000000e-03	8.000000e-03	6.849468e-02	2.619499e-04	2.619499e-04
8.000000e-03	9.000000e-03	6.768440e-02	2.606319e-04	2.606319e-04
9.000000e-03	1.000000e-02	6.787385e-02	2.608473e-04	2.608473e-04
1.000000e-02	2.000000e-02	6.461515e-02	8.065989e-05	8.065989e-05
2.000000e-02	3.000000e-02	5.797596e-02	7.662473e-05	7.662473e-05
3.000000e-02	4.000000e-02	5.004294e-02	7.153412e-05	7.153412e-05
4.000000e-02	5.000000e-02	4.238605e-02	6.626559e-05	6.626559e-05
5.000000e-02	6.000000e-02	3.594870e-02	6.142462e-05	6.142462e-05
6.000000e-02	7.000000e-02	3.081207e-02	5.718820e-05	5.718820e-05
7.000000e-02	8.000000e-02	2.680189e-02	5.362531e-05	5.362531e-05
8.000000e-02	9.000000e-02	2.355696e-02	5.053024e-05	5.053024e-05
9.000000e-02	1.000000e-01	2.092444e-02	4.790352e-05	4.790352e-05
1.000000e-01	2.000000e-01	1.290802e-02	1.214383e-05	1.214383e-05
2.000000e-01	3.000000e-01	6.181802e-03	8.951966e-06	8.951966e-06
3.000000e-01	4.000000e-01	3.448354e-03	7.299804e-06	7.299804e-06
4.000000e-01	5.000000e-01	2.107468e-03	5.988321e-06	5.988321e-06
5.000000e-01	6.000000e-01	1.342173e-03	4.946199e-06	4.946199e-06
6.000000e-01	7.000000e-01	9.286071e-04	4.135279e-06	4.135279e-06
7.000000e-01	8.000000e-01	6.567754e-04	3.526077e-06	3.526077e-06
8.000000e-01	9.000000e-01	4.634137e-04	3.052499e-06	3.052499e-06
9.000000e-01	1.000000e+00	3.665073e-04	2.665519e-06	2.665519e-06
1.000000e+00	3.000000e+00	8.119190e-05	2.854313e-07	2.854313e-07
3.000000e+00	5.000000e+00	1.059565e-05	1.000750e-07	1.000750e-07
5.000000e+00	7.000000e+00	4.421723e-06	6.203096e-08	6.203096e-08
7.000000e+00	1.000000e+01	2.045128e-06	3.503804e-08	3.503804e-08
1.000000e+01	2.000000e+01	5.863920e-07	1.075651e-08	1.075651e-08
2.000000e+01	3.000000e+01	2.068364e-07	6.240527e-09	6.240527e-09
3.000000e+01	5.000000e+01	8.156180e-08	2.898723e-09	2.898723e-09
# END HISTO1D

