# BEGIN PLOT
XTwosidedTicks=1
YTwosidedTicks=1
RatioPlotReference=/CDF_2015_I1388868/d08-x01-y01
Title=\large{TransDIF charged $p^{\text{sum}}_\text{T}$ density $\sqrt{s}=1.96\,\text{TeV}$}
LegendYPos=0.50
XLabelSep=4.4
RatioPlot=1
LogY=0
LegendXPos=0.40
XLabel=\large{$p_\text{T}^{\text{max}}$ [GeV]}
YLabelSep=5.4
RatioPlotSameStyle=0
DrawOnly=/CDF_2015_I1388868/d08-x01-y01 //eos/home-m/mdessena/CMSSW_eos/CMSSW_11_2_4/src/UE_with_without_MPI/with_MPI.yoda/CDF_2015_I1388868/d08-x01-y01 //eos/home-m/mdessena/CMSSW_eos/CMSSW_11_2_4/src/UE_with_without_MPI/without_MPI.yoda/CDF_2015_I1388868/d08-x01-y01
RatioPlotErrorBandColor=grey!40!yellow!60
YLabel=\large{$(1/N_\text{events})\; dp^{\text{sum}}_\text{T}\,/d\eta\, d\phi$ [GeV]}
Legend=1
LegendOnly=/CDF_2015_I1388868/d08-x01-y01 //eos/home-m/mdessena/CMSSW_eos/CMSSW_11_2_4/src/UE_with_without_MPI/with_MPI.yoda/CDF_2015_I1388868/d08-x01-y01 //eos/home-m/mdessena/CMSSW_eos/CMSSW_11_2_4/src/UE_with_without_MPI/without_MPI.yoda/CDF_2015_I1388868/d08-x01-y01
# END PLOT

# BEGIN HISTO1D /CDF_2015_I1388868/d08-x01-y01
ConnectBins=0
ErrorBars=1
IsRef=1
Path=/CDF_2015_I1388868/d08-x01-y01
PolyMarker=*
Title=Data
# xlow	 xhigh	 val	 errminus	 errplus
5.000000e-01	1.000000e+00	9.460000e-02	1.260040e-02	1.260040e-02
1.000000e+00	1.500000e+00	2.680000e-01	1.240161e-02	1.240161e-02
1.500000e+00	2.000000e+00	4.134000e-01	1.240645e-02	1.240645e-02
2.000000e+00	2.500000e+00	5.154000e-01	1.341343e-02	1.341343e-02
2.500000e+00	3.000000e+00	5.835000e-01	1.483375e-02	1.483375e-02
3.000000e+00	3.500000e+00	6.273000e-01	1.298692e-02	1.298692e-02
3.500000e+00	4.000000e+00	6.543000e-01	1.894017e-02	1.894017e-02
4.000000e+00	4.500000e+00	6.748000e-01	1.907040e-02	1.907040e-02
4.500000e+00	5.000000e+00	6.942000e-01	2.030493e-02	2.030493e-02
5.000000e+00	6.000000e+00	7.142000e-01	1.920937e-02	1.920937e-02
6.000000e+00	7.000000e+00	7.411000e-01	2.033937e-02	2.033937e-02
7.000000e+00	8.000000e+00	7.605000e-01	2.573908e-02	2.573908e-02
8.000000e+00	1.000000e+01	7.816000e-01	3.287324e-02	3.287324e-02
1.000000e+01	1.500000e+01	8.091000e-01	3.335416e-02	3.335416e-02
1.500000e+01	2.000000e+01	9.155000e-01	6.611883e-02	6.611883e-02
# END HISTO1D


# BEGIN HISTO1D //eos/home-m/mdessena/CMSSW_eos/CMSSW_11_2_4/src/UE_with_without_MPI/with_MPI.yoda/CDF_2015_I1388868/d08-x01-y01
ErrorBars=1
LineColor=red
LineStyle=solid
Path=//eos/home-m/mdessena/CMSSW_eos/CMSSW_11_2_4/src/UE_with_without_MPI/with_MPI.yoda/CDF_2015_I1388868/d08-x01-y01
Title=with_MPI
# xlow	 xhigh	 val	 errminus	 errplus
5.000000e-01	1.000000e+00	9.075320e-02	1.663261e-04	1.663261e-04
1.000000e+00	1.500000e+00	2.765593e-01	5.074796e-04	5.074796e-04
1.500000e+00	2.000000e+00	4.324870e-01	1.063915e-03	1.063915e-03
2.000000e+00	2.500000e+00	5.336690e-01	1.884170e-03	1.884170e-03
2.500000e+00	3.000000e+00	5.894937e-01	3.131243e-03	3.131243e-03
3.000000e+00	3.500000e+00	6.326615e-01	4.908931e-03	4.908931e-03
3.500000e+00	4.000000e+00	6.643113e-01	7.442547e-03	7.442547e-03
4.000000e+00	4.500000e+00	6.528080e-01	1.021544e-02	1.021544e-02
4.500000e+00	5.000000e+00	6.663957e-01	1.394583e-02	1.394583e-02
5.000000e+00	6.000000e+00	6.759340e-01	1.555217e-02	1.555217e-02
6.000000e+00	7.000000e+00	7.100914e-01	2.655404e-02	2.655404e-02
7.000000e+00	8.000000e+00	6.279351e-01	3.785867e-02	3.785867e-02
8.000000e+00	1.000000e+01	7.309146e-01	4.985853e-02	4.985853e-02
1.000000e+01	1.500000e+01	8.106318e-01	7.153149e-02	7.153149e-02
1.500000e+01	2.000000e+01	1.632600e+00	4.590548e-01	4.590548e-01
# END HISTO1D


# BEGIN HISTO1D //eos/home-m/mdessena/CMSSW_eos/CMSSW_11_2_4/src/UE_with_without_MPI/without_MPI.yoda/CDF_2015_I1388868/d08-x01-y01
ErrorBars=1
LineColor=blue
LineStyle=solid
Path=//eos/home-m/mdessena/CMSSW_eos/CMSSW_11_2_4/src/UE_with_without_MPI/without_MPI.yoda/CDF_2015_I1388868/d08-x01-y01
Title=without_MPI
# xlow	 xhigh	 val	 errminus	 errplus
5.000000e-01	1.000000e+00	5.573008e-02	1.210573e-04	1.210573e-04
1.000000e+00	1.500000e+00	1.331713e-01	4.104640e-04	4.104640e-04
1.500000e+00	2.000000e+00	1.668255e-01	8.927012e-04	8.927012e-04
2.000000e+00	2.500000e+00	1.826179e-01	1.566674e-03	1.566674e-03
2.500000e+00	3.000000e+00	1.891598e-01	2.558834e-03	2.558834e-03
3.000000e+00	3.500000e+00	1.996758e-01	3.826110e-03	3.826110e-03
3.500000e+00	4.000000e+00	2.175224e-01	6.102312e-03	6.102312e-03
4.000000e+00	4.500000e+00	2.126496e-01	7.636855e-03	7.636855e-03
4.500000e+00	5.000000e+00	2.341959e-01	1.030871e-02	1.030871e-02
5.000000e+00	6.000000e+00	2.525085e-01	1.183293e-02	1.183293e-02
6.000000e+00	7.000000e+00	2.929405e-01	2.425940e-02	2.425940e-02
7.000000e+00	8.000000e+00	2.939643e-01	2.493721e-02	2.493721e-02
8.000000e+00	1.000000e+01	3.145944e-01	3.477183e-02	3.477183e-02
1.000000e+01	1.500000e+01	4.557774e-01	7.524087e-02	7.524087e-02
1.500000e+01	2.000000e+01	3.058820e-01	8.777692e-02	8.777692e-02
# END HISTO1D

