# BEGIN PLOT
LegendOnly=/CMS_2015_PAS_FSQ_15_007/d01-x01-y01 //eos/home-m/mdessena/CMSSW_eos/CMSSW_11_2_4/src/Final_Results_MCNNTUNES/Tune_MinBias_CP5_Merged_1/CP5.yoda/CMS_2015_PAS_FSQ_15_007/d01-x01-y01 //eos/home-m/mdessena/CMSSW_eos/CMSSW_11_2_4/src/Final_Results_MCNNTUNES/Tune_MinBias_PerBinModel_Merged_1/PerBin.yoda/CMS_2015_PAS_FSQ_15_007/d01-x01-y01 //eos/home-m/mdessena/CMSSW_eos/CMSSW_11_2_4/src/Final_Results_MCNNTUNES/Tune_MinBias_PerBinModel_Reweight_Merged_1/PerBin_reweight.yoda/CMS_2015_PAS_FSQ_15_007/d01-x01-y01
DrawOnly=/CMS_2015_PAS_FSQ_15_007/d01-x01-y01 //eos/home-m/mdessena/CMSSW_eos/CMSSW_11_2_4/src/Final_Results_MCNNTUNES/Tune_MinBias_CP5_Merged_1/CP5.yoda/CMS_2015_PAS_FSQ_15_007/d01-x01-y01 //eos/home-m/mdessena/CMSSW_eos/CMSSW_11_2_4/src/Final_Results_MCNNTUNES/Tune_MinBias_PerBinModel_Merged_1/PerBin.yoda/CMS_2015_PAS_FSQ_15_007/d01-x01-y01 //eos/home-m/mdessena/CMSSW_eos/CMSSW_11_2_4/src/Final_Results_MCNNTUNES/Tune_MinBias_PerBinModel_Reweight_Merged_1/PerBin_reweight.yoda/CMS_2015_PAS_FSQ_15_007/d01-x01-y01
XLabelSep=4.4
ConnectBins=0
RatioPlot=1
LogY=0
YLabelSep=5.4
RatioPlotSameStyle=0
RatioPlotErrorBandColor=grey!40!yellow!60
XTwosidedTicks=1
YTwosidedTicks=1
RatioPlotReference=/CMS_2015_PAS_FSQ_15_007/d01-x01-y01
Title=\large{CMS, 13 TeV, MB, TransMIN charged $p_\text{T}^{\text{sum}}$ density}
LegendXPos=0.40
XLabel=\large{$p_\text{T}^{\text{max}}$[GeV]}
XMax=24
YLabel=\large{$(1/N_\text{events})\; dp_\text{T}^{\text{sum}}\,/d\eta\, d\phi$}
LegendYPos=0.50
Legend=1
# END PLOT

# BEGIN HISTO1D /CMS_2015_PAS_FSQ_15_007/d01-x01-y01
ConnectBins=0
ErrorBars=1
Path=/CMS_2015_PAS_FSQ_15_007/d01-x01-y01
PolyMarker=*
Title=Data
# xlow	 xhigh	 val	 errminus	 errplus
5.000000e-01	1.000000e+00	1.667996e-02	8.751172e-05	8.751172e-05
1.000000e+00	1.500000e+00	8.085203e-02	8.406703e-04	8.406703e-04
1.500000e+00	2.000000e+00	2.128351e-01	4.206595e-03	4.206595e-03
2.000000e+00	2.500000e+00	3.668857e-01	9.416816e-03	9.416816e-03
2.500000e+00	3.000000e+00	5.132973e-01	5.931760e-03	5.931760e-03
3.000000e+00	3.500000e+00	6.341223e-01	4.267072e-03	4.267072e-03
3.500000e+00	4.000000e+00	7.192914e-01	9.839061e-03	9.839061e-03
4.000000e+00	4.500000e+00	7.944312e-01	1.990948e-02	1.990948e-02
4.500000e+00	5.000000e+00	8.451503e-01	2.836434e-02	2.836434e-02
5.000000e+00	6.000000e+00	8.965431e-01	3.185672e-02	3.185672e-02
6.000000e+00	7.000000e+00	9.417464e-01	1.380844e-02	1.380844e-02
7.000000e+00	8.000000e+00	9.597402e-01	1.625558e-02	1.625558e-02
8.000000e+00	1.000000e+01	9.608157e-01	1.926096e-02	1.926096e-02
1.000000e+01	1.200000e+01	9.638889e-01	2.044447e-02	2.044447e-02
1.200000e+01	1.600000e+01	9.860002e-01	3.034245e-02	3.034245e-02
1.600000e+01	2.000000e+01	1.028135e+00	3.567587e-02	3.567587e-02
2.000000e+01	2.400000e+01	9.112370e-01	6.859083e-02	6.859083e-02
2.400000e+01	2.800000e+01	1.201662e+00	1.047896e-01	1.047896e-01
2.800000e+01	3.200000e+01	7.550629e-01	2.010319e-01	2.010319e-01
3.200000e+01	3.600000e+01	5.049735e-01	1.512861e-01	1.512861e-01
3.600000e+01	4.000000e+01	4.862863e-01	2.265712e-01	2.265712e-01
4.000000e+01	5.000000e+01	1.406478e+00	2.002717e-01	2.002717e-01
# END HISTO1D


# BEGIN HISTO1D //eos/home-m/mdessena/CMSSW_eos/CMSSW_11_2_4/src/Final_Results_MCNNTUNES/Tune_MinBias_CP5_Merged_1/CP5.yoda/CMS_2015_PAS_FSQ_15_007/d01-x01-y01
ErrorBars=1
LineColor=red
LineStyle=solid
Path=//eos/home-m/mdessena/CMSSW_eos/CMSSW_11_2_4/src/Final_Results_MCNNTUNES/Tune_MinBias_CP5_Merged_1/CP5.yoda/CMS_2015_PAS_FSQ_15_007/d01-x01-y01
Title=CP5
# xlow	 xhigh	 val	 errminus	 errplus
5.000000e-01	1.000000e+00	1.492471e-02	4.757463e-05	4.757463e-05
1.000000e+00	1.500000e+00	8.053819e-02	1.826599e-04	1.826599e-04
1.500000e+00	2.000000e+00	2.128035e-01	4.557278e-04	4.557278e-04
2.000000e+00	2.500000e+00	3.909685e-01	8.234000e-04	8.234000e-04
2.500000e+00	3.000000e+00	5.687131e-01	1.266682e-03	1.266682e-03
3.000000e+00	3.500000e+00	7.158526e-01	1.836730e-03	1.836730e-03
3.500000e+00	4.000000e+00	8.079211e-01	2.536247e-03	2.536247e-03
4.000000e+00	4.500000e+00	8.587771e-01	3.392359e-03	3.392359e-03
4.500000e+00	5.000000e+00	8.920203e-01	4.485367e-03	4.485367e-03
5.000000e+00	6.000000e+00	9.072351e-01	4.408010e-03	4.408010e-03
6.000000e+00	7.000000e+00	9.164648e-01	6.681428e-03	6.681428e-03
7.000000e+00	8.000000e+00	9.241439e-01	9.443571e-03	9.443571e-03
8.000000e+00	1.000000e+01	9.527224e-01	1.034202e-02	1.034202e-02
1.000000e+01	1.200000e+01	9.671416e-01	1.775381e-02	1.775381e-02
1.200000e+01	1.600000e+01	9.497566e-01	2.069390e-02	2.069390e-02
1.600000e+01	2.000000e+01	9.721249e-01	4.174220e-02	4.174220e-02
2.000000e+01	2.400000e+01	1.014902e+00	7.275298e-02	7.275298e-02
2.400000e+01	2.800000e+01	9.956576e-01	9.219539e-02	9.219539e-02
2.800000e+01	3.200000e+01	1.143453e+00	1.445771e-01	1.445771e-01
3.200000e+01	3.600000e+01	9.752688e-01	1.741080e-01	1.741080e-01
3.600000e+01	4.000000e+01	6.371788e-01	1.567606e-01	1.567606e-01
4.000000e+01	5.000000e+01	8.748021e-01	2.035197e-01	2.035197e-01
# END HISTO1D


# BEGIN HISTO1D //eos/home-m/mdessena/CMSSW_eos/CMSSW_11_2_4/src/Final_Results_MCNNTUNES/Tune_MinBias_PerBinModel_Merged_1/PerBin.yoda/CMS_2015_PAS_FSQ_15_007/d01-x01-y01
ErrorBars=1
LineColor=blue
LineStyle=solid
Path=//eos/home-m/mdessena/CMSSW_eos/CMSSW_11_2_4/src/Final_Results_MCNNTUNES/Tune_MinBias_PerBinModel_Merged_1/PerBin.yoda/CMS_2015_PAS_FSQ_15_007/d01-x01-y01
Title=PerBin
# xlow	 xhigh	 val	 errminus	 errplus
5.000000e-01	1.000000e+00	1.404826e-02	4.512097e-05	4.512097e-05
1.000000e+00	1.500000e+00	7.218259e-02	1.681865e-04	1.681865e-04
1.500000e+00	2.000000e+00	1.858943e-01	4.235781e-04	4.235781e-04
2.000000e+00	2.500000e+00	3.424133e-01	7.888686e-04	7.888686e-04
2.500000e+00	3.000000e+00	5.122478e-01	1.249944e-03	1.249944e-03
3.000000e+00	3.500000e+00	6.556001e-01	1.833204e-03	1.833204e-03
3.500000e+00	4.000000e+00	7.534023e-01	2.529496e-03	2.529496e-03
4.000000e+00	4.500000e+00	8.124038e-01	3.375049e-03	3.375049e-03
4.500000e+00	5.000000e+00	8.520936e-01	4.490960e-03	4.490960e-03
5.000000e+00	6.000000e+00	8.700430e-01	4.420291e-03	4.420291e-03
6.000000e+00	7.000000e+00	8.844602e-01	6.661614e-03	6.661614e-03
7.000000e+00	8.000000e+00	8.871561e-01	9.421501e-03	9.421501e-03
8.000000e+00	1.000000e+01	8.830247e-01	1.026606e-02	1.026606e-02
1.000000e+01	1.200000e+01	9.064057e-01	1.724391e-02	1.724391e-02
1.200000e+01	1.600000e+01	8.913929e-01	2.060618e-02	2.060618e-02
1.600000e+01	2.000000e+01	9.366017e-01	4.142636e-02	4.142636e-02
2.000000e+01	2.400000e+01	9.131313e-01	8.095932e-02	8.095932e-02
2.400000e+01	2.800000e+01	1.018135e+00	1.318454e-01	1.318454e-01
2.800000e+01	3.200000e+01	7.920873e-01	1.209461e-01	1.209461e-01
3.200000e+01	3.600000e+01	1.066986e+00	2.328797e-01	2.328797e-01
3.600000e+01	4.000000e+01	9.629144e-01	2.901585e-01	2.901585e-01
4.000000e+01	5.000000e+01	9.002136e-01	2.855543e-01	2.855543e-01
# END HISTO1D


# BEGIN HISTO1D //eos/home-m/mdessena/CMSSW_eos/CMSSW_11_2_4/src/Final_Results_MCNNTUNES/Tune_MinBias_PerBinModel_Reweight_Merged_1/PerBin_reweight.yoda/CMS_2015_PAS_FSQ_15_007/d01-x01-y01
ErrorBars=1
LineColor=green
LineStyle=solid
Path=//eos/home-m/mdessena/CMSSW_eos/CMSSW_11_2_4/src/Final_Results_MCNNTUNES/Tune_MinBias_PerBinModel_Reweight_Merged_1/PerBin_reweight.yoda/CMS_2015_PAS_FSQ_15_007/d01-x01-y01
Title=PerBin_reweight
# xlow	 xhigh	 val	 errminus	 errplus
5.000000e-01	1.000000e+00	1.510557e-02	4.828653e-05	4.828653e-05
1.000000e+00	1.500000e+00	8.115114e-02	1.822609e-04	1.822609e-04
1.500000e+00	2.000000e+00	2.122832e-01	4.466317e-04	4.466317e-04
2.000000e+00	2.500000e+00	3.816948e-01	7.895716e-04	7.895716e-04
2.500000e+00	3.000000e+00	5.476448e-01	1.210710e-03	1.210710e-03
3.000000e+00	3.500000e+00	6.768446e-01	1.742762e-03	1.742762e-03
3.500000e+00	4.000000e+00	7.591668e-01	2.412048e-03	2.412048e-03
4.000000e+00	4.500000e+00	8.154203e-01	3.266775e-03	3.266775e-03
4.500000e+00	5.000000e+00	8.351438e-01	4.259624e-03	4.259624e-03
5.000000e+00	6.000000e+00	8.520081e-01	4.194500e-03	4.194500e-03
6.000000e+00	7.000000e+00	8.592105e-01	6.419419e-03	6.419419e-03
7.000000e+00	8.000000e+00	8.582335e-01	9.041523e-03	9.041523e-03
8.000000e+00	1.000000e+01	8.567211e-01	9.595490e-03	9.595490e-03
1.000000e+01	1.200000e+01	9.175326e-01	1.683363e-02	1.683363e-02
1.200000e+01	1.600000e+01	8.948397e-01	1.913773e-02	1.913773e-02
1.600000e+01	2.000000e+01	9.187665e-01	3.884944e-02	3.884944e-02
2.000000e+01	2.400000e+01	1.011052e+00	6.531187e-02	6.531187e-02
2.400000e+01	2.800000e+01	8.864971e-01	8.835107e-02	8.835107e-02
2.800000e+01	3.200000e+01	6.853864e-01	1.089390e-01	1.089390e-01
3.200000e+01	3.600000e+01	1.156558e+00	2.034428e-01	2.034428e-01
3.600000e+01	4.000000e+01	9.675983e-01	2.923803e-01	2.923803e-01
4.000000e+01	5.000000e+01	1.066941e+00	2.220768e-01	2.220768e-01
# END HISTO1D

