# BEGIN PLOT
LegendOnly=/CMS_2015_PAS_FSQ_15_007/d09-x01-y01 //eos/home-m/mdessena/CMSSW_eos/CMSSW_11_2_4/src/Final_Results_MCNNTUNES/Tune_MinBias_CP5_Merged_1/CP5.yoda/CMS_2015_PAS_FSQ_15_007/d09-x01-y01 //eos/home-m/mdessena/CMSSW_eos/CMSSW_11_2_4/src/Final_Results_MCNNTUNES/Tune_MinBias_PerBinModel_Merged_1/PerBin.yoda/CMS_2015_PAS_FSQ_15_007/d09-x01-y01 //eos/home-m/mdessena/CMSSW_eos/CMSSW_11_2_4/src/Final_Results_MCNNTUNES/Tune_MinBias_PerBinModel_Reweight_Merged_1/PerBin_reweight.yoda/CMS_2015_PAS_FSQ_15_007/d09-x01-y01
DrawOnly=/CMS_2015_PAS_FSQ_15_007/d09-x01-y01 //eos/home-m/mdessena/CMSSW_eos/CMSSW_11_2_4/src/Final_Results_MCNNTUNES/Tune_MinBias_CP5_Merged_1/CP5.yoda/CMS_2015_PAS_FSQ_15_007/d09-x01-y01 //eos/home-m/mdessena/CMSSW_eos/CMSSW_11_2_4/src/Final_Results_MCNNTUNES/Tune_MinBias_PerBinModel_Merged_1/PerBin.yoda/CMS_2015_PAS_FSQ_15_007/d09-x01-y01 //eos/home-m/mdessena/CMSSW_eos/CMSSW_11_2_4/src/Final_Results_MCNNTUNES/Tune_MinBias_PerBinModel_Reweight_Merged_1/PerBin_reweight.yoda/CMS_2015_PAS_FSQ_15_007/d09-x01-y01
XLabelSep=4.4
ConnectBins=0
RatioPlot=1
LogY=0
YLabelSep=5.4
RatioPlotSameStyle=0
RatioPlotErrorBandColor=grey!40!yellow!60
XTwosidedTicks=1
YTwosidedTicks=1
RatioPlotReference=/CMS_2015_PAS_FSQ_15_007/d09-x01-y01
Title=\large{CMS, 13 TeV, MB, TransMIN charged $p_\text{T}^{\text{sum}}$ density}
LegendXPos=0.40
XLabel=\large{$p_\text{T}^{\text{jet}}$[GeV]}
XMax=52
YLabel=\large{$(1/N_\text{events})\; dp_\text{T}^{\text{sum}}\,/d\eta\, d\phi$}
LegendYPos=0.50
Legend=1
# END PLOT

# BEGIN HISTO1D /CMS_2015_PAS_FSQ_15_007/d09-x01-y01
ConnectBins=0
ErrorBars=1
Path=/CMS_2015_PAS_FSQ_15_007/d09-x01-y01
PolyMarker=*
Title=Data
# xlow	 xhigh	 val	 errminus	 errplus
5.000000e-01	1.000000e+00	0.000000e+00	0.000000e+00	0.000000e+00
1.000000e+00	1.500000e+00	3.213844e-02	7.435367e-04	7.435367e-04
1.500000e+00	2.000000e+00	7.626259e-02	2.647409e-03	2.647409e-03
2.000000e+00	2.500000e+00	1.398612e-01	4.279173e-03	4.279173e-03
2.500000e+00	3.000000e+00	2.175880e-01	4.254699e-03	4.254699e-03
3.000000e+00	3.500000e+00	2.986169e-01	3.294380e-03	3.294380e-03
3.500000e+00	4.000000e+00	3.765424e-01	6.878926e-03	6.878926e-03
4.000000e+00	4.500000e+00	4.551002e-01	1.138465e-02	1.138465e-02
4.500000e+00	5.000000e+00	5.289475e-01	1.757939e-02	1.757939e-02
5.000000e+00	6.000000e+00	6.141819e-01	3.176189e-02	3.176189e-02
6.000000e+00	7.000000e+00	7.242491e-01	3.626247e-02	3.626247e-02
7.000000e+00	8.000000e+00	8.156991e-01	4.074610e-02	4.074610e-02
8.000000e+00	9.000000e+00	8.927450e-01	4.409109e-02	4.409109e-02
9.000000e+00	1.000000e+01	9.423196e-01	4.652950e-02	4.652950e-02
1.000000e+01	1.200000e+01	9.939624e-01	5.082739e-02	5.082739e-02
1.200000e+01	1.400000e+01	1.045096e+00	5.368638e-02	5.368638e-02
1.400000e+01	1.600000e+01	1.091634e+00	5.644263e-02	5.644263e-02
1.600000e+01	1.800000e+01	1.152919e+00	6.036140e-02	6.036140e-02
1.800000e+01	2.000000e+01	1.066101e+00	5.699157e-02	5.699157e-02
2.000000e+01	2.400000e+01	1.112437e+00	6.072076e-02	6.072076e-02
2.400000e+01	2.800000e+01	1.079897e+00	6.358735e-02	6.358735e-02
2.800000e+01	3.200000e+01	1.070928e+00	7.018664e-02	7.018664e-02
3.200000e+01	3.600000e+01	1.020461e+00	8.512088e-02	8.512088e-02
3.600000e+01	4.000000e+01	1.137136e+00	1.052140e-01	1.052140e-01
4.000000e+01	4.400000e+01	1.045076e+00	1.379332e-01	1.379332e-01
4.400000e+01	4.800000e+01	9.236458e-01	1.383364e-01	1.383364e-01
4.800000e+01	5.200000e+01	1.000963e+00	1.815486e-01	1.815486e-01
5.200000e+01	5.600000e+01	8.939610e-01	2.022367e-01	2.022367e-01
5.600000e+01	6.000000e+01	1.017198e+00	1.573492e-01	1.573492e-01
6.000000e+01	6.400000e+01	1.452337e+00	3.161622e-01	3.161622e-01
6.400000e+01	6.800000e+01	9.349529e-01	2.961583e-01	2.961583e-01
6.800000e+01	7.200000e+01	6.547269e-01	2.381644e-01	2.381644e-01
7.200000e+01	8.000000e+01	2.297357e+00	4.480640e-01	4.480640e-01
# END HISTO1D


# BEGIN HISTO1D //eos/home-m/mdessena/CMSSW_eos/CMSSW_11_2_4/src/Final_Results_MCNNTUNES/Tune_MinBias_CP5_Merged_1/CP5.yoda/CMS_2015_PAS_FSQ_15_007/d09-x01-y01
ErrorBars=1
LineColor=red
LineStyle=solid
Path=//eos/home-m/mdessena/CMSSW_eos/CMSSW_11_2_4/src/Final_Results_MCNNTUNES/Tune_MinBias_CP5_Merged_1/CP5.yoda/CMS_2015_PAS_FSQ_15_007/d09-x01-y01
Title=CP5
# xlow	 xhigh	 val	 errminus	 errplus
5.000000e-01	1.000000e+00	nan	nan	nan
1.000000e+00	1.500000e+00	3.171046e-02	1.047913e-04	1.047913e-04
1.500000e+00	2.000000e+00	7.648821e-02	2.237653e-04	2.237653e-04
2.000000e+00	2.500000e+00	1.351457e-01	3.929883e-04	3.929883e-04
2.500000e+00	3.000000e+00	2.033034e-01	6.037849e-04	6.037849e-04
3.000000e+00	3.500000e+00	2.773354e-01	8.448563e-04	8.448563e-04
3.500000e+00	4.000000e+00	3.555977e-01	1.099094e-03	1.099094e-03
4.000000e+00	4.500000e+00	4.360643e-01	1.381002e-03	1.381002e-03
4.500000e+00	5.000000e+00	5.100340e-01	1.680268e-03	1.680268e-03
5.000000e+00	6.000000e+00	6.102278e-01	1.525043e-03	1.525043e-03
6.000000e+00	7.000000e+00	7.267107e-01	2.047944e-03	2.047944e-03
7.000000e+00	8.000000e+00	8.158120e-01	2.667392e-03	2.667392e-03
8.000000e+00	9.000000e+00	8.815082e-01	3.387787e-03	3.387787e-03
9.000000e+00	1.000000e+01	9.394826e-01	4.256586e-03	4.256586e-03
1.000000e+01	1.200000e+01	9.836102e-01	4.024462e-03	4.024462e-03
1.200000e+01	1.400000e+01	1.029113e+00	5.969021e-03	5.969021e-03
1.400000e+01	1.600000e+01	1.050625e+00	8.393861e-03	8.393861e-03
1.600000e+01	1.800000e+01	1.057393e+00	1.113470e-02	1.113470e-02
1.800000e+01	2.000000e+01	1.075717e+00	1.464121e-02	1.464121e-02
2.000000e+01	2.400000e+01	1.058240e+00	1.497869e-02	1.497869e-02
2.400000e+01	2.800000e+01	1.068372e+00	2.329706e-02	2.329706e-02
2.800000e+01	3.200000e+01	1.097166e+00	3.197326e-02	3.197326e-02
3.200000e+01	3.600000e+01	1.032446e+00	4.930292e-02	4.930292e-02
3.600000e+01	4.000000e+01	1.057924e+00	6.010703e-02	6.010703e-02
4.000000e+01	4.400000e+01	1.084397e+00	7.572017e-02	7.572017e-02
4.400000e+01	4.800000e+01	1.077419e+00	9.089614e-02	9.089614e-02
4.800000e+01	5.200000e+01	9.869144e-01	9.538067e-02	9.538067e-02
5.200000e+01	5.600000e+01	9.214318e-01	1.276691e-01	1.276691e-01
5.600000e+01	6.000000e+01	1.197165e+00	2.388256e-01	2.388256e-01
6.000000e+01	6.400000e+01	1.074582e+00	1.899016e-01	1.899016e-01
6.400000e+01	6.800000e+01	1.017191e+00	2.479307e-01	2.479307e-01
6.800000e+01	7.200000e+01	7.679146e-01	1.609222e-01	1.609222e-01
7.200000e+01	8.000000e+01	9.825263e-01	1.729784e-01	1.729784e-01
# END HISTO1D


# BEGIN HISTO1D //eos/home-m/mdessena/CMSSW_eos/CMSSW_11_2_4/src/Final_Results_MCNNTUNES/Tune_MinBias_PerBinModel_Merged_1/PerBin.yoda/CMS_2015_PAS_FSQ_15_007/d09-x01-y01
ErrorBars=1
LineColor=blue
LineStyle=solid
Path=//eos/home-m/mdessena/CMSSW_eos/CMSSW_11_2_4/src/Final_Results_MCNNTUNES/Tune_MinBias_PerBinModel_Merged_1/PerBin.yoda/CMS_2015_PAS_FSQ_15_007/d09-x01-y01
Title=PerBin
# xlow	 xhigh	 val	 errminus	 errplus
5.000000e-01	1.000000e+00	nan	nan	nan
1.000000e+00	1.500000e+00	3.021542e-02	1.006330e-04	1.006330e-04
1.500000e+00	2.000000e+00	6.965634e-02	2.108015e-04	2.108015e-04
2.000000e+00	2.500000e+00	1.213992e-01	3.717601e-04	3.717601e-04
2.500000e+00	3.000000e+00	1.793846e-01	5.690700e-04	5.690700e-04
3.000000e+00	3.500000e+00	2.463857e-01	8.069587e-04	8.069587e-04
3.500000e+00	4.000000e+00	3.155144e-01	1.068715e-03	1.068715e-03
4.000000e+00	4.500000e+00	3.879410e-01	1.356763e-03	1.356763e-03
4.500000e+00	5.000000e+00	4.583957e-01	1.666773e-03	1.666773e-03
5.000000e+00	6.000000e+00	5.521933e-01	1.527044e-03	1.527044e-03
6.000000e+00	7.000000e+00	6.643874e-01	2.052617e-03	2.052617e-03
7.000000e+00	8.000000e+00	7.607886e-01	2.704333e-03	2.704333e-03
8.000000e+00	9.000000e+00	8.251509e-01	3.411882e-03	3.411882e-03
9.000000e+00	1.000000e+01	8.875009e-01	4.266651e-03	4.266651e-03
1.000000e+01	1.200000e+01	9.330808e-01	4.045400e-03	4.045400e-03
1.200000e+01	1.400000e+01	9.889149e-01	5.918455e-03	5.918455e-03
1.400000e+01	1.600000e+01	9.993730e-01	8.297941e-03	8.297941e-03
1.600000e+01	1.800000e+01	1.030801e+00	1.127141e-02	1.127141e-02
1.800000e+01	2.000000e+01	9.945029e-01	1.441173e-02	1.441173e-02
2.000000e+01	2.400000e+01	1.040731e+00	1.508039e-02	1.508039e-02
2.400000e+01	2.800000e+01	1.025571e+00	2.305390e-02	2.305390e-02
2.800000e+01	3.200000e+01	9.885332e-01	3.156530e-02	3.156530e-02
3.200000e+01	3.600000e+01	1.179902e+00	5.124957e-02	5.124957e-02
3.600000e+01	4.000000e+01	1.033663e+00	6.529321e-02	6.529321e-02
4.000000e+01	4.400000e+01	9.065815e-01	7.310132e-02	7.310132e-02
4.400000e+01	4.800000e+01	1.045436e+00	1.119436e-01	1.119436e-01
4.800000e+01	5.200000e+01	1.180862e+00	2.428134e-01	2.428134e-01
5.200000e+01	5.600000e+01	7.137039e-01	9.791599e-02	9.791599e-02
5.600000e+01	6.000000e+01	1.354920e+00	2.439621e-01	2.439621e-01
6.000000e+01	6.400000e+01	1.306332e+00	2.570283e-01	2.570283e-01
6.400000e+01	6.800000e+01	1.252332e+00	3.448371e-01	3.448371e-01
6.800000e+01	7.200000e+01	9.495050e-01	3.027605e-01	3.027605e-01
7.200000e+01	8.000000e+01	6.924934e-01	1.902836e-01	1.902836e-01
# END HISTO1D


# BEGIN HISTO1D //eos/home-m/mdessena/CMSSW_eos/CMSSW_11_2_4/src/Final_Results_MCNNTUNES/Tune_MinBias_PerBinModel_Reweight_Merged_1/PerBin_reweight.yoda/CMS_2015_PAS_FSQ_15_007/d09-x01-y01
ErrorBars=1
LineColor=green
LineStyle=solid
Path=//eos/home-m/mdessena/CMSSW_eos/CMSSW_11_2_4/src/Final_Results_MCNNTUNES/Tune_MinBias_PerBinModel_Reweight_Merged_1/PerBin_reweight.yoda/CMS_2015_PAS_FSQ_15_007/d09-x01-y01
Title=PerBin_reweight
# xlow	 xhigh	 val	 errminus	 errplus
5.000000e-01	1.000000e+00	nan	nan	nan
1.000000e+00	1.500000e+00	3.193402e-02	1.054923e-04	1.054923e-04
1.500000e+00	2.000000e+00	7.655324e-02	2.221167e-04	2.221167e-04
2.000000e+00	2.500000e+00	1.357964e-01	3.878711e-04	3.878711e-04
2.500000e+00	3.000000e+00	2.032931e-01	5.940354e-04	5.940354e-04
3.000000e+00	3.500000e+00	2.748277e-01	8.179263e-04	8.179263e-04
3.500000e+00	4.000000e+00	3.504384e-01	1.073234e-03	1.073234e-03
4.000000e+00	4.500000e+00	4.245572e-01	1.326386e-03	1.326386e-03
4.500000e+00	5.000000e+00	4.959068e-01	1.608859e-03	1.608859e-03
5.000000e+00	6.000000e+00	5.857643e-01	1.455299e-03	1.455299e-03
6.000000e+00	7.000000e+00	6.872182e-01	1.947889e-03	1.947889e-03
7.000000e+00	8.000000e+00	7.677017e-01	2.531299e-03	2.531299e-03
8.000000e+00	9.000000e+00	8.289961e-01	3.248432e-03	3.248432e-03
9.000000e+00	1.000000e+01	8.749307e-01	4.051443e-03	4.051443e-03
1.000000e+01	1.200000e+01	9.211669e-01	3.883858e-03	3.883858e-03
1.200000e+01	1.400000e+01	9.636840e-01	5.732303e-03	5.732303e-03
1.400000e+01	1.600000e+01	9.821219e-01	7.932692e-03	7.932692e-03
1.600000e+01	1.800000e+01	9.705907e-01	1.058034e-02	1.058034e-02
1.800000e+01	2.000000e+01	9.698469e-01	1.418361e-02	1.418361e-02
2.000000e+01	2.400000e+01	9.712473e-01	1.379363e-02	1.379363e-02
2.400000e+01	2.800000e+01	1.015691e+00	2.202236e-02	2.202236e-02
2.800000e+01	3.200000e+01	1.045736e+00	3.351708e-02	3.351708e-02
3.200000e+01	3.600000e+01	1.040798e+00	4.136108e-02	4.136108e-02
3.600000e+01	4.000000e+01	9.577467e-01	5.488934e-02	5.488934e-02
4.000000e+01	4.400000e+01	1.073014e+00	9.081182e-02	9.081182e-02
4.400000e+01	4.800000e+01	8.758593e-01	7.992671e-02	7.992671e-02
4.800000e+01	5.200000e+01	9.951229e-01	1.025939e-01	1.025939e-01
5.200000e+01	5.600000e+01	1.125996e+00	1.378551e-01	1.378551e-01
5.600000e+01	6.000000e+01	9.348393e-01	1.426373e-01	1.426373e-01
6.000000e+01	6.400000e+01	1.074256e+00	2.188449e-01	2.188449e-01
6.400000e+01	6.800000e+01	1.204889e+00	2.414026e-01	2.414026e-01
6.800000e+01	7.200000e+01	1.302103e+00	3.615461e-01	3.615461e-01
7.200000e+01	8.000000e+01	7.361450e-01	1.619090e-01	1.619090e-01
# END HISTO1D

