# BEGIN PLOT
LegendOnly=/CMS_2015_PAS_FSQ_15_007/d11-x01-y01 //eos/home-m/mdessena/CMSSW_eos/CMSSW_11_2_4/src/Final_Results_MCNNTUNES/Tune_MinBias_CP5_Merged_1/CP5.yoda/CMS_2015_PAS_FSQ_15_007/d11-x01-y01 //eos/home-m/mdessena/CMSSW_eos/CMSSW_11_2_4/src/Final_Results_MCNNTUNES/Tune_MinBias_PerBinModel_Merged_1/PerBin.yoda/CMS_2015_PAS_FSQ_15_007/d11-x01-y01 //eos/home-m/mdessena/CMSSW_eos/CMSSW_11_2_4/src/Final_Results_MCNNTUNES/Tune_MinBias_PerBinModel_Reweight_Merged_1/PerBin_reweight.yoda/CMS_2015_PAS_FSQ_15_007/d11-x01-y01
DrawOnly=/CMS_2015_PAS_FSQ_15_007/d11-x01-y01 //eos/home-m/mdessena/CMSSW_eos/CMSSW_11_2_4/src/Final_Results_MCNNTUNES/Tune_MinBias_CP5_Merged_1/CP5.yoda/CMS_2015_PAS_FSQ_15_007/d11-x01-y01 //eos/home-m/mdessena/CMSSW_eos/CMSSW_11_2_4/src/Final_Results_MCNNTUNES/Tune_MinBias_PerBinModel_Merged_1/PerBin.yoda/CMS_2015_PAS_FSQ_15_007/d11-x01-y01 //eos/home-m/mdessena/CMSSW_eos/CMSSW_11_2_4/src/Final_Results_MCNNTUNES/Tune_MinBias_PerBinModel_Reweight_Merged_1/PerBin_reweight.yoda/CMS_2015_PAS_FSQ_15_007/d11-x01-y01
XLabelSep=4.4
ConnectBins=0
RatioPlot=1
LogY=0
YLabelSep=5.4
RatioPlotSameStyle=0
RatioPlotErrorBandColor=grey!40!yellow!60
XTwosidedTicks=1
YTwosidedTicks=1
RatioPlotReference=/CMS_2015_PAS_FSQ_15_007/d11-x01-y01
Title=\large{CMS, 13 TeV, MB, TransDIF charged $p_\text{T}^{\text{sum}}$ density}
LegendXPos=0.40
XLabel=\large{$p_\text{T}^{\text{jet}}$[GeV]}
XMax=52
YLabel=\large{$(1/N_\text{events})\; dp_\text{T}^{\text{sum}}\,/d\eta\, d\phi$}
LegendYPos=0.50
Legend=1
# END PLOT

# BEGIN HISTO1D /CMS_2015_PAS_FSQ_15_007/d11-x01-y01
ConnectBins=0
ErrorBars=1
Path=/CMS_2015_PAS_FSQ_15_007/d11-x01-y01
PolyMarker=*
Title=Data
# xlow	 xhigh	 val	 errminus	 errplus
5.000000e-01	1.000000e+00	0.000000e+00	0.000000e+00	0.000000e+00
1.000000e+00	1.500000e+00	1.034020e-01	2.848534e-03	2.848534e-03
1.500000e+00	2.000000e+00	1.699114e-01	2.580222e-03	2.580222e-03
2.000000e+00	2.500000e+00	2.367880e-01	2.601060e-03	2.601060e-03
2.500000e+00	3.000000e+00	2.996650e-01	2.966946e-03	2.966946e-03
3.000000e+00	3.500000e+00	3.549262e-01	3.485099e-03	3.485099e-03
3.500000e+00	4.000000e+00	4.116682e-01	3.160186e-03	3.160186e-03
4.000000e+00	4.500000e+00	4.579654e-01	4.325701e-03	4.325701e-03
4.500000e+00	5.000000e+00	5.063285e-01	4.683509e-03	4.683509e-03
5.000000e+00	6.000000e+00	5.591466e-01	1.377490e-02	1.377490e-02
6.000000e+00	7.000000e+00	6.236964e-01	1.604711e-02	1.604711e-02
7.000000e+00	8.000000e+00	6.783355e-01	1.525648e-02	1.525648e-02
8.000000e+00	9.000000e+00	7.192363e-01	1.197579e-02	1.197579e-02
9.000000e+00	1.000000e+01	7.664912e-01	1.092101e-02	1.092101e-02
1.000000e+01	1.200000e+01	8.004270e-01	1.207525e-02	1.207525e-02
1.200000e+01	1.400000e+01	8.546232e-01	1.319294e-02	1.319294e-02
1.400000e+01	1.600000e+01	9.097411e-01	1.454839e-02	1.454839e-02
1.600000e+01	1.800000e+01	9.035859e-01	1.575826e-02	1.575826e-02
1.800000e+01	2.000000e+01	9.590634e-01	1.919228e-02	1.919228e-02
2.000000e+01	2.400000e+01	9.638136e-01	1.971855e-02	1.971855e-02
2.400000e+01	2.800000e+01	1.105411e+00	2.874927e-02	2.874927e-02
2.800000e+01	3.200000e+01	1.119284e+00	4.365010e-02	4.365010e-02
3.200000e+01	3.600000e+01	1.302115e+00	8.984009e-02	8.984009e-02
3.600000e+01	4.000000e+01	1.242461e+00	1.221643e-01	1.221643e-01
4.000000e+01	4.400000e+01	1.466990e+00	2.338475e-01	2.338475e-01
4.400000e+01	4.800000e+01	1.127291e+00	1.973931e-01	1.973931e-01
4.800000e+01	5.200000e+01	1.589885e+00	2.868829e-01	2.868829e-01
5.200000e+01	5.600000e+01	1.204608e+00	2.324716e-01	2.324716e-01
5.600000e+01	6.000000e+01	1.602119e+00	4.527370e-01	4.527370e-01
6.000000e+01	6.400000e+01	1.543108e+00	3.693197e-01	3.693197e-01
6.400000e+01	6.800000e+01	6.740831e-01	2.396119e-01	2.396119e-01
6.800000e+01	7.200000e+01	1.173642e+00	4.695594e-01	4.695594e-01
7.200000e+01	8.000000e+01	7.257805e-01	4.443753e-01	4.443753e-01
# END HISTO1D


# BEGIN HISTO1D //eos/home-m/mdessena/CMSSW_eos/CMSSW_11_2_4/src/Final_Results_MCNNTUNES/Tune_MinBias_CP5_Merged_1/CP5.yoda/CMS_2015_PAS_FSQ_15_007/d11-x01-y01
ErrorBars=1
LineColor=red
LineStyle=solid
Path=//eos/home-m/mdessena/CMSSW_eos/CMSSW_11_2_4/src/Final_Results_MCNNTUNES/Tune_MinBias_CP5_Merged_1/CP5.yoda/CMS_2015_PAS_FSQ_15_007/d11-x01-y01
Title=CP5
# xlow	 xhigh	 val	 errminus	 errplus
5.000000e-01	1.000000e+00	nan	nan	nan
1.000000e+00	1.500000e+00	1.050643e-01	1.759481e-04	1.759481e-04
1.500000e+00	2.000000e+00	1.678387e-01	3.074233e-04	3.074233e-04
2.000000e+00	2.500000e+00	2.305827e-01	4.794991e-04	4.794991e-04
2.500000e+00	3.000000e+00	2.881147e-01	6.743574e-04	6.743574e-04
3.000000e+00	3.500000e+00	3.449156e-01	8.780615e-04	8.780615e-04
3.500000e+00	4.000000e+00	3.982082e-01	1.092189e-03	1.092189e-03
4.000000e+00	4.500000e+00	4.478608e-01	1.322099e-03	1.322099e-03
4.500000e+00	5.000000e+00	4.962548e-01	1.569117e-03	1.569117e-03
5.000000e+00	6.000000e+00	5.564868e-01	1.391348e-03	1.391348e-03
6.000000e+00	7.000000e+00	6.214826e-01	1.820482e-03	1.820482e-03
7.000000e+00	8.000000e+00	6.769620e-01	2.353949e-03	2.353949e-03
8.000000e+00	9.000000e+00	7.233651e-01	3.012328e-03	3.012328e-03
9.000000e+00	1.000000e+01	7.574387e-01	3.758964e-03	3.758964e-03
1.000000e+01	1.200000e+01	7.881638e-01	3.575134e-03	3.575134e-03
1.200000e+01	1.400000e+01	8.149529e-01	5.256234e-03	5.256234e-03
1.400000e+01	1.600000e+01	8.489984e-01	7.585639e-03	7.585639e-03
1.600000e+01	1.800000e+01	8.754381e-01	1.014243e-02	1.014243e-02
1.800000e+01	2.000000e+01	8.853164e-01	1.374924e-02	1.374924e-02
2.000000e+01	2.400000e+01	8.983080e-01	1.437398e-02	1.437398e-02
2.400000e+01	2.800000e+01	9.292232e-01	2.247981e-02	2.247981e-02
2.800000e+01	3.200000e+01	1.013973e+00	3.370826e-02	3.370826e-02
3.200000e+01	3.600000e+01	1.083838e+00	5.354049e-02	5.354049e-02
3.600000e+01	4.000000e+01	1.019932e+00	6.555580e-02	6.555580e-02
4.000000e+01	4.400000e+01	1.115199e+00	1.141317e-01	1.141317e-01
4.400000e+01	4.800000e+01	1.166488e+00	1.305267e-01	1.305267e-01
4.800000e+01	5.200000e+01	1.472701e+00	2.579059e-01	2.579059e-01
5.200000e+01	5.600000e+01	1.160498e+00	1.542605e-01	1.542605e-01
5.600000e+01	6.000000e+01	1.235634e+00	2.117742e-01	2.117742e-01
6.000000e+01	6.400000e+01	1.925547e+00	5.037997e-01	5.037997e-01
6.400000e+01	6.800000e+01	2.491320e+00	7.260986e-01	7.260986e-01
6.800000e+01	7.200000e+01	1.815697e+00	9.226130e-01	9.226130e-01
7.200000e+01	8.000000e+01	1.120214e+00	2.171290e-01	2.171290e-01
# END HISTO1D


# BEGIN HISTO1D //eos/home-m/mdessena/CMSSW_eos/CMSSW_11_2_4/src/Final_Results_MCNNTUNES/Tune_MinBias_PerBinModel_Merged_1/PerBin.yoda/CMS_2015_PAS_FSQ_15_007/d11-x01-y01
ErrorBars=1
LineColor=blue
LineStyle=solid
Path=//eos/home-m/mdessena/CMSSW_eos/CMSSW_11_2_4/src/Final_Results_MCNNTUNES/Tune_MinBias_PerBinModel_Merged_1/PerBin.yoda/CMS_2015_PAS_FSQ_15_007/d11-x01-y01
Title=PerBin
# xlow	 xhigh	 val	 errminus	 errplus
5.000000e-01	1.000000e+00	nan	nan	nan
1.000000e+00	1.500000e+00	1.041289e-01	1.728431e-04	1.728431e-04
1.500000e+00	2.000000e+00	1.633011e-01	3.012347e-04	3.012347e-04
2.000000e+00	2.500000e+00	2.219139e-01	4.690139e-04	4.690139e-04
2.500000e+00	3.000000e+00	2.755639e-01	6.599544e-04	6.599544e-04
3.000000e+00	3.500000e+00	3.290455e-01	8.709575e-04	8.709575e-04
3.500000e+00	4.000000e+00	3.797927e-01	1.097009e-03	1.097009e-03
4.000000e+00	4.500000e+00	4.299339e-01	1.332458e-03	1.332458e-03
4.500000e+00	5.000000e+00	4.748665e-01	1.580716e-03	1.580716e-03
5.000000e+00	6.000000e+00	5.338736e-01	1.407366e-03	1.407366e-03
6.000000e+00	7.000000e+00	6.061605e-01	1.860872e-03	1.860872e-03
7.000000e+00	8.000000e+00	6.598466e-01	2.413107e-03	2.413107e-03
8.000000e+00	9.000000e+00	7.014363e-01	3.025350e-03	3.025350e-03
9.000000e+00	1.000000e+01	7.415310e-01	3.795906e-03	3.795906e-03
1.000000e+01	1.200000e+01	7.706132e-01	3.570158e-03	3.570158e-03
1.200000e+01	1.400000e+01	8.241896e-01	5.330122e-03	5.330122e-03
1.400000e+01	1.600000e+01	8.432895e-01	7.623128e-03	7.623128e-03
1.600000e+01	1.800000e+01	8.795761e-01	1.014316e-02	1.014316e-02
1.800000e+01	2.000000e+01	9.178332e-01	1.452348e-02	1.452348e-02
2.000000e+01	2.400000e+01	9.308077e-01	1.465468e-02	1.465468e-02
2.400000e+01	2.800000e+01	9.673894e-01	2.389900e-02	2.389900e-02
2.800000e+01	3.200000e+01	9.701102e-01	3.536983e-02	3.536983e-02
3.200000e+01	3.600000e+01	1.061199e+00	5.156671e-02	5.156671e-02
3.600000e+01	4.000000e+01	9.636136e-01	7.242393e-02	7.242393e-02
4.000000e+01	4.400000e+01	1.208918e+00	9.649541e-02	9.649541e-02
4.400000e+01	4.800000e+01	1.283408e+00	1.294160e-01	1.294160e-01
4.800000e+01	5.200000e+01	1.436871e+00	2.414179e-01	2.414179e-01
5.200000e+01	5.600000e+01	9.500866e-01	1.438311e-01	1.438311e-01
5.600000e+01	6.000000e+01	1.328496e+00	3.023497e-01	3.023497e-01
6.000000e+01	6.400000e+01	2.146289e+00	7.027409e-01	7.027409e-01
6.400000e+01	6.800000e+01	2.039974e+00	5.259081e-01	5.259081e-01
6.800000e+01	7.200000e+01	1.862426e+00	3.541073e-01	3.541073e-01
7.200000e+01	8.000000e+01	1.716855e+00	5.121334e-01	5.121334e-01
# END HISTO1D


# BEGIN HISTO1D //eos/home-m/mdessena/CMSSW_eos/CMSSW_11_2_4/src/Final_Results_MCNNTUNES/Tune_MinBias_PerBinModel_Reweight_Merged_1/PerBin_reweight.yoda/CMS_2015_PAS_FSQ_15_007/d11-x01-y01
ErrorBars=1
LineColor=green
LineStyle=solid
Path=//eos/home-m/mdessena/CMSSW_eos/CMSSW_11_2_4/src/Final_Results_MCNNTUNES/Tune_MinBias_PerBinModel_Reweight_Merged_1/PerBin_reweight.yoda/CMS_2015_PAS_FSQ_15_007/d11-x01-y01
Title=PerBin_reweight
# xlow	 xhigh	 val	 errminus	 errplus
5.000000e-01	1.000000e+00	nan	nan	nan
1.000000e+00	1.500000e+00	1.059190e-01	1.773241e-04	1.773241e-04
1.500000e+00	2.000000e+00	1.691801e-01	3.072622e-04	3.072622e-04
2.000000e+00	2.500000e+00	2.319334e-01	4.756912e-04	4.756912e-04
2.500000e+00	3.000000e+00	2.889650e-01	6.613687e-04	6.613687e-04
3.000000e+00	3.500000e+00	3.447655e-01	8.659207e-04	8.659207e-04
3.500000e+00	4.000000e+00	3.975777e-01	1.075355e-03	1.075355e-03
4.000000e+00	4.500000e+00	4.462509e-01	1.285297e-03	1.285297e-03
4.500000e+00	5.000000e+00	4.902521e-01	1.530820e-03	1.530820e-03
5.000000e+00	6.000000e+00	5.473393e-01	1.354408e-03	1.354408e-03
6.000000e+00	7.000000e+00	6.134653e-01	1.788186e-03	1.788186e-03
7.000000e+00	8.000000e+00	6.616485e-01	2.310456e-03	2.310456e-03
8.000000e+00	9.000000e+00	6.962900e-01	2.904423e-03	2.904423e-03
9.000000e+00	1.000000e+01	7.336215e-01	3.673819e-03	3.673819e-03
1.000000e+01	1.200000e+01	7.725175e-01	3.557084e-03	3.557084e-03
1.200000e+01	1.400000e+01	8.032704e-01	5.264240e-03	5.264240e-03
1.400000e+01	1.600000e+01	8.406462e-01	7.500302e-03	7.500302e-03
1.600000e+01	1.800000e+01	8.508129e-01	1.027662e-02	1.027662e-02
1.800000e+01	2.000000e+01	8.491743e-01	1.407049e-02	1.407049e-02
2.000000e+01	2.400000e+01	8.937717e-01	1.356610e-02	1.356610e-02
2.400000e+01	2.800000e+01	9.004706e-01	2.164382e-02	2.164382e-02
2.800000e+01	3.200000e+01	9.623186e-01	3.556158e-02	3.556158e-02
3.200000e+01	3.600000e+01	1.103946e+00	5.123028e-02	5.123028e-02
3.600000e+01	4.000000e+01	1.089800e+00	7.170808e-02	7.170808e-02
4.000000e+01	4.400000e+01	1.100884e+00	9.458484e-02	9.458484e-02
4.400000e+01	4.800000e+01	1.080455e+00	1.432302e-01	1.432302e-01
4.800000e+01	5.200000e+01	1.195172e+00	1.502772e-01	1.502772e-01
5.200000e+01	5.600000e+01	1.340753e+00	1.674930e-01	1.674930e-01
5.600000e+01	6.000000e+01	1.113401e+00	2.084839e-01	2.084839e-01
6.000000e+01	6.400000e+01	1.438067e+00	3.583848e-01	3.583848e-01
6.400000e+01	6.800000e+01	1.676736e+00	3.703253e-01	3.703253e-01
6.800000e+01	7.200000e+01	8.772563e-01	1.804687e-01	1.804687e-01
7.200000e+01	8.000000e+01	1.872589e+00	3.447113e-01	3.447113e-01
# END HISTO1D

