# BEGIN PLOT
LegendOnly=/CMS_2015_PAS_FSQ_15_007/d13-x01-y01 //eos/home-m/mdessena/CMSSW_eos/CMSSW_11_2_4/src/Final_Results_MCNNTUNES/Tune_MinBias_CP5_Merged_1/CP5.yoda/CMS_2015_PAS_FSQ_15_007/d13-x01-y01 //eos/home-m/mdessena/CMSSW_eos/CMSSW_11_2_4/src/Final_Results_MCNNTUNES/Tune_MinBias_PerBinModel_Merged_1/PerBin.yoda/CMS_2015_PAS_FSQ_15_007/d13-x01-y01 //eos/home-m/mdessena/CMSSW_eos/CMSSW_11_2_4/src/Final_Results_MCNNTUNES/Tune_MinBias_PerBinModel_Reweight_Merged_1/PerBin_reweight.yoda/CMS_2015_PAS_FSQ_15_007/d13-x01-y01
DrawOnly=/CMS_2015_PAS_FSQ_15_007/d13-x01-y01 //eos/home-m/mdessena/CMSSW_eos/CMSSW_11_2_4/src/Final_Results_MCNNTUNES/Tune_MinBias_CP5_Merged_1/CP5.yoda/CMS_2015_PAS_FSQ_15_007/d13-x01-y01 //eos/home-m/mdessena/CMSSW_eos/CMSSW_11_2_4/src/Final_Results_MCNNTUNES/Tune_MinBias_PerBinModel_Merged_1/PerBin.yoda/CMS_2015_PAS_FSQ_15_007/d13-x01-y01 //eos/home-m/mdessena/CMSSW_eos/CMSSW_11_2_4/src/Final_Results_MCNNTUNES/Tune_MinBias_PerBinModel_Reweight_Merged_1/PerBin_reweight.yoda/CMS_2015_PAS_FSQ_15_007/d13-x01-y01
XLabelSep=4.4
ConnectBins=0
RatioPlot=1
LogY=0
YLabelSep=5.4
RatioPlotSameStyle=0
RatioPlotErrorBandColor=grey!40!yellow!60
XTwosidedTicks=1
YTwosidedTicks=1
RatioPlotReference=/CMS_2015_PAS_FSQ_15_007/d13-x01-y01
Title=\large{CMS, 13 TeV, MB, TransMIN charged-particle density}
LegendXPos=0.40
XLabel=\large{$p_\text{T}^{\text{jet}}$[GeV]}
XMax=52
YLabel=\large{$(1/N_\text{events})\; dN_\text{ch}\,/d\eta\, d\phi$}
LegendYPos=0.50
Legend=1
# END PLOT

# BEGIN HISTO1D /CMS_2015_PAS_FSQ_15_007/d13-x01-y01
ConnectBins=0
ErrorBars=1
Path=/CMS_2015_PAS_FSQ_15_007/d13-x01-y01
PolyMarker=*
Title=Data
# xlow	 xhigh	 val	 errminus	 errplus
5.000000e-01	1.000000e+00	0.000000e+00	0.000000e+00	0.000000e+00
1.000000e+00	1.500000e+00	3.957536e-02	1.154984e-03	1.154984e-03
1.500000e+00	2.000000e+00	9.584343e-02	3.429107e-03	3.429107e-03
2.000000e+00	2.500000e+00	1.689505e-01	5.423623e-03	5.423623e-03
2.500000e+00	3.000000e+00	2.528127e-01	6.591534e-03	6.591534e-03
3.000000e+00	3.500000e+00	3.353499e-01	6.415298e-03	6.415298e-03
3.500000e+00	4.000000e+00	4.118005e-01	7.897111e-03	7.897111e-03
4.000000e+00	4.500000e+00	4.870165e-01	8.408857e-03	8.408857e-03
4.500000e+00	5.000000e+00	5.560787e-01	1.115696e-02	1.115696e-02
5.000000e+00	6.000000e+00	6.335194e-01	2.224016e-02	2.224016e-02
6.000000e+00	7.000000e+00	7.256842e-01	2.375072e-02	2.375072e-02
7.000000e+00	8.000000e+00	8.038025e-01	2.640320e-02	2.640320e-02
8.000000e+00	9.000000e+00	8.662184e-01	2.778832e-02	2.778832e-02
9.000000e+00	1.000000e+01	9.016923e-01	2.889861e-02	2.889861e-02
1.000000e+01	1.200000e+01	9.368674e-01	3.160718e-02	3.160718e-02
1.200000e+01	1.400000e+01	9.743784e-01	3.325136e-02	3.325136e-02
1.400000e+01	1.600000e+01	9.897403e-01	3.425382e-02	3.425382e-02
1.600000e+01	1.800000e+01	1.015394e+00	3.609762e-02	3.609762e-02
1.800000e+01	2.000000e+01	9.781282e-01	3.617634e-02	3.617634e-02
2.000000e+01	2.400000e+01	9.899265e-01	3.750521e-02	3.750521e-02
2.400000e+01	2.800000e+01	9.698657e-01	4.171645e-02	4.171645e-02
2.800000e+01	3.200000e+01	9.459096e-01	4.621755e-02	4.621755e-02
3.200000e+01	3.600000e+01	9.297146e-01	5.428503e-02	5.428503e-02
3.600000e+01	4.000000e+01	1.018057e+00	6.944545e-02	6.944545e-02
4.000000e+01	4.400000e+01	7.786974e-01	6.632480e-02	6.632480e-02
4.400000e+01	4.800000e+01	8.327858e-01	9.284609e-02	9.284609e-02
4.800000e+01	5.200000e+01	8.790380e-01	1.401820e-01	1.401820e-01
5.200000e+01	5.600000e+01	1.129844e+00	1.464001e-01	1.464001e-01
5.600000e+01	6.000000e+01	9.247461e-01	1.336819e-01	1.336819e-01
6.000000e+01	6.400000e+01	1.140445e+00	1.985924e-01	1.985924e-01
6.400000e+01	6.800000e+01	9.151432e-01	2.089318e-01	2.089318e-01
6.800000e+01	7.200000e+01	6.203347e-01	2.480498e-01	2.480498e-01
7.200000e+01	8.000000e+01	7.535524e-01	2.197692e-01	2.197692e-01
# END HISTO1D


# BEGIN HISTO1D //eos/home-m/mdessena/CMSSW_eos/CMSSW_11_2_4/src/Final_Results_MCNNTUNES/Tune_MinBias_CP5_Merged_1/CP5.yoda/CMS_2015_PAS_FSQ_15_007/d13-x01-y01
ErrorBars=1
LineColor=red
LineStyle=solid
Path=//eos/home-m/mdessena/CMSSW_eos/CMSSW_11_2_4/src/Final_Results_MCNNTUNES/Tune_MinBias_CP5_Merged_1/CP5.yoda/CMS_2015_PAS_FSQ_15_007/d13-x01-y01
Title=CP5
# xlow	 xhigh	 val	 errminus	 errplus
5.000000e-01	1.000000e+00	nan	nan	nan
1.000000e+00	1.500000e+00	4.887771e-02	1.570822e-04	1.570822e-04
1.500000e+00	2.000000e+00	1.090945e-01	3.056848e-04	3.056848e-04
2.000000e+00	2.500000e+00	1.810639e-01	4.969484e-04	4.969484e-04
2.500000e+00	3.000000e+00	2.578696e-01	7.131543e-04	7.131543e-04
3.000000e+00	3.500000e+00	3.370437e-01	9.468596e-04	9.468596e-04
3.500000e+00	4.000000e+00	4.167296e-01	1.180146e-03	1.180146e-03
4.000000e+00	4.500000e+00	4.955252e-01	1.429268e-03	1.429268e-03
4.500000e+00	5.000000e+00	5.656741e-01	1.687545e-03	1.687545e-03
5.000000e+00	6.000000e+00	6.569539e-01	1.473928e-03	1.473928e-03
6.000000e+00	7.000000e+00	7.588459e-01	1.905703e-03	1.905703e-03
7.000000e+00	8.000000e+00	8.333145e-01	2.408452e-03	2.408452e-03
8.000000e+00	9.000000e+00	8.869160e-01	2.993741e-03	2.993741e-03
9.000000e+00	1.000000e+01	9.331342e-01	3.692605e-03	3.692605e-03
1.000000e+01	1.200000e+01	9.658875e-01	3.456156e-03	3.456156e-03
1.200000e+01	1.400000e+01	9.984115e-01	5.022012e-03	5.022012e-03
1.400000e+01	1.600000e+01	1.014950e+00	6.979471e-03	6.979471e-03
1.600000e+01	1.800000e+01	1.013109e+00	9.133413e-03	9.133413e-03
1.800000e+01	2.000000e+01	1.030030e+00	1.201819e-02	1.201819e-02
2.000000e+01	2.400000e+01	1.000168e+00	1.208112e-02	1.208112e-02
2.400000e+01	2.800000e+01	1.007100e+00	1.824830e-02	1.824830e-02
2.800000e+01	3.200000e+01	1.039746e+00	2.539083e-02	2.539083e-02
3.200000e+01	3.600000e+01	9.619196e-01	3.543180e-02	3.543180e-02
3.600000e+01	4.000000e+01	9.853852e-01	4.643763e-02	4.643763e-02
4.000000e+01	4.400000e+01	1.025665e+00	5.953008e-02	5.953008e-02
4.400000e+01	4.800000e+01	9.732940e-01	7.064049e-02	7.064049e-02
4.800000e+01	5.200000e+01	9.392751e-01	8.199377e-02	8.199377e-02
5.200000e+01	5.600000e+01	8.642114e-01	9.975589e-02	9.975589e-02
5.600000e+01	6.000000e+01	1.029533e+00	1.455778e-01	1.455778e-01
6.000000e+01	6.400000e+01	1.014613e+00	1.445953e-01	1.445953e-01
6.400000e+01	6.800000e+01	1.053231e+00	2.540886e-01	2.540886e-01
6.800000e+01	7.200000e+01	7.758803e-01	1.216059e-01	1.216059e-01
7.200000e+01	8.000000e+01	1.017754e+00	1.805826e-01	1.805826e-01
# END HISTO1D


# BEGIN HISTO1D //eos/home-m/mdessena/CMSSW_eos/CMSSW_11_2_4/src/Final_Results_MCNNTUNES/Tune_MinBias_PerBinModel_Merged_1/PerBin.yoda/CMS_2015_PAS_FSQ_15_007/d13-x01-y01
ErrorBars=1
LineColor=blue
LineStyle=solid
Path=//eos/home-m/mdessena/CMSSW_eos/CMSSW_11_2_4/src/Final_Results_MCNNTUNES/Tune_MinBias_PerBinModel_Merged_1/PerBin.yoda/CMS_2015_PAS_FSQ_15_007/d13-x01-y01
Title=PerBin
# xlow	 xhigh	 val	 errminus	 errplus
5.000000e-01	1.000000e+00	nan	nan	nan
1.000000e+00	1.500000e+00	4.654681e-02	1.508453e-04	1.508453e-04
1.500000e+00	2.000000e+00	9.951205e-02	2.880561e-04	2.880561e-04
2.000000e+00	2.500000e+00	1.625588e-01	4.684070e-04	4.684070e-04
2.500000e+00	3.000000e+00	2.280299e-01	6.721075e-04	6.721075e-04
3.000000e+00	3.500000e+00	2.985598e-01	8.983112e-04	8.983112e-04
3.500000e+00	4.000000e+00	3.681939e-01	1.138140e-03	1.138140e-03
4.000000e+00	4.500000e+00	4.386034e-01	1.391105e-03	1.391105e-03
4.500000e+00	5.000000e+00	5.049078e-01	1.650075e-03	1.650075e-03
5.000000e+00	6.000000e+00	5.891509e-01	1.457767e-03	1.457767e-03
6.000000e+00	7.000000e+00	6.857034e-01	1.880836e-03	1.880836e-03
7.000000e+00	8.000000e+00	7.657015e-01	2.398725e-03	2.398725e-03
8.000000e+00	9.000000e+00	8.165470e-01	2.959253e-03	2.959253e-03
9.000000e+00	1.000000e+01	8.667614e-01	3.633368e-03	3.633368e-03
1.000000e+01	1.200000e+01	8.999002e-01	3.385684e-03	3.385684e-03
1.200000e+01	1.400000e+01	9.396393e-01	4.859902e-03	4.859902e-03
1.400000e+01	1.600000e+01	9.438260e-01	6.732518e-03	6.732518e-03
1.600000e+01	1.800000e+01	9.677714e-01	9.055073e-03	9.055073e-03
1.800000e+01	2.000000e+01	9.307365e-01	1.164941e-02	1.164941e-02
2.000000e+01	2.400000e+01	9.650075e-01	1.189727e-02	1.189727e-02
2.400000e+01	2.800000e+01	9.415517e-01	1.748481e-02	1.748481e-02
2.800000e+01	3.200000e+01	9.140604e-01	2.466400e-02	2.466400e-02
3.200000e+01	3.600000e+01	1.045374e+00	3.705519e-02	3.705519e-02
3.600000e+01	4.000000e+01	9.214887e-01	4.663848e-02	4.663848e-02
4.000000e+01	4.400000e+01	8.084058e-01	5.474993e-02	5.474993e-02
4.400000e+01	4.800000e+01	8.993027e-01	7.134910e-02	7.134910e-02
4.800000e+01	5.200000e+01	9.459209e-01	1.317929e-01	1.317929e-01
5.200000e+01	5.600000e+01	7.107716e-01	8.555266e-02	8.555266e-02
5.600000e+01	6.000000e+01	1.063444e+00	1.401970e-01	1.401970e-01
6.000000e+01	6.400000e+01	1.148189e+00	1.740488e-01	1.740488e-01
6.400000e+01	6.800000e+01	1.114085e+00	2.464448e-01	2.464448e-01
6.800000e+01	7.200000e+01	8.488261e-01	1.354087e-01	1.354087e-01
7.200000e+01	8.000000e+01	7.360916e-01	1.774344e-01	1.774344e-01
# END HISTO1D


# BEGIN HISTO1D //eos/home-m/mdessena/CMSSW_eos/CMSSW_11_2_4/src/Final_Results_MCNNTUNES/Tune_MinBias_PerBinModel_Reweight_Merged_1/PerBin_reweight.yoda/CMS_2015_PAS_FSQ_15_007/d13-x01-y01
ErrorBars=1
LineColor=green
LineStyle=solid
Path=//eos/home-m/mdessena/CMSSW_eos/CMSSW_11_2_4/src/Final_Results_MCNNTUNES/Tune_MinBias_PerBinModel_Reweight_Merged_1/PerBin_reweight.yoda/CMS_2015_PAS_FSQ_15_007/d13-x01-y01
Title=PerBin_reweight
# xlow	 xhigh	 val	 errminus	 errplus
5.000000e-01	1.000000e+00	nan	nan	nan
1.000000e+00	1.500000e+00	4.920121e-02	1.580565e-04	1.580565e-04
1.500000e+00	2.000000e+00	1.092871e-01	3.039983e-04	3.039983e-04
2.000000e+00	2.500000e+00	1.818277e-01	4.894028e-04	4.894028e-04
2.500000e+00	3.000000e+00	2.580617e-01	7.023522e-04	7.023522e-04
3.000000e+00	3.500000e+00	3.340483e-01	9.173241e-04	9.173241e-04
3.500000e+00	4.000000e+00	4.104247e-01	1.149775e-03	1.149775e-03
4.000000e+00	4.500000e+00	4.828888e-01	1.372066e-03	1.372066e-03
4.500000e+00	5.000000e+00	5.500701e-01	1.615532e-03	1.615532e-03
5.000000e+00	6.000000e+00	6.319366e-01	1.407021e-03	1.407021e-03
6.000000e+00	7.000000e+00	7.208738e-01	1.817778e-03	1.817778e-03
7.000000e+00	8.000000e+00	7.879083e-01	2.297415e-03	2.297415e-03
8.000000e+00	9.000000e+00	8.375448e-01	2.880647e-03	2.880647e-03
9.000000e+00	1.000000e+01	8.741741e-01	3.533979e-03	3.533979e-03
1.000000e+01	1.200000e+01	9.086145e-01	3.316840e-03	3.316840e-03
1.200000e+01	1.400000e+01	9.368726e-01	4.800181e-03	4.800181e-03
1.400000e+01	1.600000e+01	9.558730e-01	6.627079e-03	6.627079e-03
1.600000e+01	1.800000e+01	9.366670e-01	8.746749e-03	8.746749e-03
1.800000e+01	2.000000e+01	9.398798e-01	1.175391e-02	1.175391e-02
2.000000e+01	2.400000e+01	9.389228e-01	1.144263e-02	1.144263e-02
2.400000e+01	2.800000e+01	9.536903e-01	1.699172e-02	1.699172e-02
2.800000e+01	3.200000e+01	1.001127e+00	2.641393e-02	2.641393e-02
3.200000e+01	3.600000e+01	9.989725e-01	3.432491e-02	3.432491e-02
3.600000e+01	4.000000e+01	8.991675e-01	4.248560e-02	4.248560e-02
4.000000e+01	4.400000e+01	9.595503e-01	6.304994e-02	6.304994e-02
4.400000e+01	4.800000e+01	8.355635e-01	6.289047e-02	6.289047e-02
4.800000e+01	5.200000e+01	9.635586e-01	8.970210e-02	8.970210e-02
5.200000e+01	5.600000e+01	1.060134e+00	1.083240e-01	1.083240e-01
5.600000e+01	6.000000e+01	8.859624e-01	9.881782e-02	9.881782e-02
6.000000e+01	6.400000e+01	9.907395e-01	1.663706e-01	1.663706e-01
6.400000e+01	6.800000e+01	1.165576e+00	1.940793e-01	1.940793e-01
6.800000e+01	7.200000e+01	1.215365e+00	3.010378e-01	3.010378e-01
7.200000e+01	8.000000e+01	6.631456e-01	1.213862e-01	1.213862e-01
# END HISTO1D

