# BEGIN PLOT
LegendXPos=0.45
XLabel=Total energy [GeV]
RatioPlotReference=/CMS_2017_I1511284/d01-x01-y01
YLabel=d$\sigma$/dE[$\mu$b/GeV]
DrawOnly=/CMS_2017_I1511284/d01-x01-y01 //eos/home-m/mdessena/CMSSW_eos/CMSSW_11_2_4/src/UE_with_without_MPI/with_MPI.yoda/CMS_2017_I1511284/d01-x01-y01
RatioPlot=1
Title=CMS, 13 TeV, Total energy spectrum ($-6.6 < \eta < -5.2$)
Legend=1
LegendOnly=/CMS_2017_I1511284/d01-x01-y01 //eos/home-m/mdessena/CMSSW_eos/CMSSW_11_2_4/src/UE_with_without_MPI/with_MPI.yoda/CMS_2017_I1511284/d01-x01-y01
LogY=1
# END PLOT

# BEGIN HISTO1D /CMS_2017_I1511284/d01-x01-y01
ConnectBins=0
ErrorBars=1
IsRef=1
Path=/CMS_2017_I1511284/d01-x01-y01
PolyMarker=*
Title=Data
# xlow	 xhigh	 val	 errminus	 errplus
0.000000e+00	2.500000e+01	3.356560e+02	2.719570e+01	1.971750e+01
2.500000e+01	5.000000e+01	5.201920e+01	1.100110e+01	1.112130e+01
5.000000e+01	7.500000e+01	5.024980e+01	7.580820e+00	9.182380e+00
7.500000e+01	1.000000e+02	5.034210e+01	8.790520e+00	1.194190e+01
1.000000e+02	1.250000e+02	5.175210e+01	9.402690e+00	1.353990e+01
1.250000e+02	1.500000e+02	5.361380e+01	9.538420e+00	1.456990e+01
1.500000e+02	1.750000e+02	5.543410e+01	1.027920e+01	1.484800e+01
1.750000e+02	2.000000e+02	5.699610e+01	1.065260e+01	1.444700e+01
2.000000e+02	2.250000e+02	5.804350e+01	1.047990e+01	1.363230e+01
2.250000e+02	2.500000e+02	5.851530e+01	1.015770e+01	1.288320e+01
2.500000e+02	2.750000e+02	5.807740e+01	9.690560e+00	1.205580e+01
2.750000e+02	3.000000e+02	5.767590e+01	9.152370e+00	1.111380e+01
3.000000e+02	3.250000e+02	5.692610e+01	8.773150e+00	1.005470e+01
3.250000e+02	3.500000e+02	5.599950e+01	8.143740e+00	8.979030e+00
3.500000e+02	3.750000e+02	5.489210e+01	7.571330e+00	7.991900e+00
3.750000e+02	4.000000e+02	5.363360e+01	6.710440e+00	6.865800e+00
4.000000e+02	4.250000e+02	5.210260e+01	6.233320e+00	6.114350e+00
4.250000e+02	4.500000e+02	5.060150e+01	5.457010e+00	5.151650e+00
4.500000e+02	4.750000e+02	4.909400e+01	4.823100e+00	4.390360e+00
4.750000e+02	5.000000e+02	4.724650e+01	4.177040e+00	3.598280e+00
5.000000e+02	5.250000e+02	4.584880e+01	3.741490e+00	3.102030e+00
5.250000e+02	5.500000e+02	4.434710e+01	3.253490e+00	2.629380e+00
5.500000e+02	5.750000e+02	4.267670e+01	2.848420e+00	2.291850e+00
5.750000e+02	6.000000e+02	4.110490e+01	2.366320e+00	1.838180e+00
6.000000e+02	6.500000e+02	3.885110e+01	1.851120e+00	1.391620e+00
6.500000e+02	7.000000e+02	3.634590e+01	1.235180e+00	9.187910e-01
7.000000e+02	7.500000e+02	3.399410e+01	9.512270e-01	7.417610e-01
7.500000e+02	8.000000e+02	3.183440e+01	6.706860e-01	5.140180e-01
8.000000e+02	8.500000e+02	2.982000e+01	5.710860e-01	4.910930e-01
8.500000e+02	9.000000e+02	2.815670e+01	6.931250e-01	4.250680e-01
9.000000e+02	9.500000e+02	2.660870e+01	9.232940e-01	3.898840e-01
9.500000e+02	1.000000e+03	2.512360e+01	1.307440e+00	6.241520e-01
1.000000e+03	1.100000e+03	2.313350e+01	1.837670e+00	7.762340e-01
1.100000e+03	1.200000e+03	2.058670e+01	2.407540e+00	1.119110e+00
1.200000e+03	1.300000e+03	1.817260e+01	2.581590e+00	1.419640e+00
1.300000e+03	1.400000e+03	1.585380e+01	2.523630e+00	1.761680e+00
1.400000e+03	1.500000e+03	1.388790e+01	2.373820e+00	1.919020e+00
1.500000e+03	1.750000e+03	1.110820e+01	2.214400e+00	1.839880e+00
1.750000e+03	2.000000e+03	8.249660e+00	2.405700e+00	1.565560e+00
2.000000e+03	2.250000e+03	6.051940e+00	2.548910e+00	1.535030e+00
2.250000e+03	2.500000e+03	4.199150e+00	2.143100e+00	1.706180e+00
2.500000e+03	3.000000e+03	2.321640e+00	1.373530e+00	1.561140e+00
3.000000e+03	3.500000e+03	1.009100e+00	7.840840e-01	9.553770e-01
3.500000e+03	5.000000e+03	1.490350e-01	1.379490e-01	3.945230e-01
# END HISTO1D


# BEGIN HISTO1D //eos/home-m/mdessena/CMSSW_eos/CMSSW_11_2_4/src/UE_with_without_MPI/with_MPI.yoda/CMS_2017_I1511284/d01-x01-y01
ErrorBars=1
LineColor=red
LineStyle=solid
Path=//eos/home-m/mdessena/CMSSW_eos/CMSSW_11_2_4/src/UE_with_without_MPI/with_MPI.yoda/CMS_2017_I1511284/d01-x01-y01
ScaledBy=1.73441112870766183e-02
Title=with_MPI
# xlow	 xhigh	 val	 errminus	 errplus
0.000000e+00	2.500000e+01	2.950108e+02	4.524025e-01	4.524025e-01
2.500000e+01	5.000000e+01	3.442320e+01	1.545367e-01	1.545367e-01
5.000000e+01	7.500000e+01	3.738280e+01	1.610431e-01	1.610431e-01
7.500000e+01	1.000000e+02	4.112152e+01	1.689042e-01	1.689042e-01
1.000000e+02	1.250000e+02	4.552828e+01	1.777242e-01	1.777242e-01
1.250000e+02	1.500000e+02	4.964092e+01	1.855778e-01	1.855778e-01
1.500000e+02	1.750000e+02	5.390896e+01	1.933911e-01	1.933911e-01
1.750000e+02	2.000000e+02	5.766084e+01	2.000076e-01	2.000076e-01
2.000000e+02	2.250000e+02	6.047196e+01	2.048251e-01	2.048251e-01
2.250000e+02	2.500000e+02	6.258240e+01	2.083686e-01	2.083686e-01
2.500000e+02	2.750000e+02	6.446876e+01	2.114855e-01	2.114855e-01
2.750000e+02	3.000000e+02	6.550384e+01	2.131765e-01	2.131765e-01
3.000000e+02	3.250000e+02	6.605332e+01	2.140688e-01	2.140688e-01
3.250000e+02	3.500000e+02	6.605680e+01	2.140744e-01	2.140744e-01
3.500000e+02	3.750000e+02	6.580840e+01	2.136716e-01	2.136716e-01
3.750000e+02	4.000000e+02	6.428352e+01	2.111815e-01	2.111815e-01
4.000000e+02	4.250000e+02	6.283772e+01	2.087931e-01	2.087931e-01
4.250000e+02	4.500000e+02	6.113244e+01	2.059406e-01	2.059406e-01
4.500000e+02	4.750000e+02	5.869804e+01	2.017984e-01	2.017984e-01
4.750000e+02	5.000000e+02	5.655776e+01	1.980852e-01	1.980852e-01
5.000000e+02	5.250000e+02	5.420452e+01	1.939205e-01	1.939205e-01
5.250000e+02	5.500000e+02	5.163480e+01	1.892681e-01	1.892681e-01
5.500000e+02	5.750000e+02	4.883340e+01	1.840621e-01	1.840621e-01
5.750000e+02	6.000000e+02	4.696992e+01	1.805161e-01	1.805161e-01
6.000000e+02	6.500000e+02	4.321078e+01	1.224298e-01	1.224298e-01
6.500000e+02	7.000000e+02	3.887960e+01	1.161320e-01	1.161320e-01
7.000000e+02	7.500000e+02	3.480338e+01	1.098757e-01	1.098757e-01
7.500000e+02	8.000000e+02	3.130646e+01	1.042097e-01	1.042097e-01
8.000000e+02	8.500000e+02	2.826154e+01	9.901224e-02	9.901224e-02
8.500000e+02	9.000000e+02	2.587950e+01	9.474775e-02	9.474775e-02
9.000000e+02	9.500000e+02	2.368824e+01	9.064782e-02	9.064782e-02
9.500000e+02	1.000000e+03	2.184872e+01	8.705706e-02	8.705706e-02
1.000000e+03	1.100000e+03	1.984982e+01	5.867516e-02	5.867516e-02
1.100000e+03	1.200000e+03	1.762925e+01	5.529589e-02	5.529589e-02
1.200000e+03	1.300000e+03	1.594409e+01	5.258671e-02	5.258671e-02
1.300000e+03	1.400000e+03	1.465265e+01	5.041202e-02	5.041202e-02
1.400000e+03	1.500000e+03	1.363022e+01	4.862139e-02	4.862139e-02
1.500000e+03	1.750000e+03	1.208073e+01	2.895027e-02	2.895027e-02
1.750000e+03	2.000000e+03	1.019119e+01	2.659001e-02	2.659001e-02
2.000000e+03	2.250000e+03	8.531500e+00	2.432869e-02	2.432869e-02
2.250000e+03	2.500000e+03	6.935356e+00	2.193514e-02	2.193514e-02
2.500000e+03	3.000000e+03	4.768590e+00	1.286133e-02	1.286133e-02
3.000000e+03	3.500000e+03	2.340554e+00	9.010529e-03	9.010529e-03
3.500000e+03	5.000000e+03	3.500389e-01	2.011817e-03	2.011817e-03
# END HISTO1D

