# BEGIN PLOT
LegendOnly=/CMS_2015_I1384119/d01-x01-y01 //afs/cern.ch/user/m/mdessena/MCNNTUNES_result1/CMSSW_11_2_4/src/Plots_Totali_2params/CP5.yoda/CMS_2015_I1384119/d01-x01-y01 //afs/cern.ch/user/m/mdessena/MCNNTUNES_result1/CMSSW_11_2_4/src/Plots_Totali_2params/Inverse.yoda/CMS_2015_I1384119/d01-x01-y01 //afs/cern.ch/user/m/mdessena/MCNNTUNES_result1/CMSSW_11_2_4/src/Plots_Totali_2params/PerBin.yoda/CMS_2015_I1384119/d01-x01-y01
DrawOnly=/CMS_2015_I1384119/d01-x01-y01 //afs/cern.ch/user/m/mdessena/MCNNTUNES_result1/CMSSW_11_2_4/src/Plots_Totali_2params/CP5.yoda/CMS_2015_I1384119/d01-x01-y01 //afs/cern.ch/user/m/mdessena/MCNNTUNES_result1/CMSSW_11_2_4/src/Plots_Totali_2params/Inverse.yoda/CMS_2015_I1384119/d01-x01-y01 //afs/cern.ch/user/m/mdessena/MCNNTUNES_result1/CMSSW_11_2_4/src/Plots_Totali_2params/PerBin.yoda/CMS_2015_I1384119/d01-x01-y01
YMax=9.0
Title=Selection: inelastic $pp$, charged hadrons (p, K ,$\pi$) $c\tau > 10$~mm
RatioPlotReference=/CMS_2015_I1384119/d01-x01-y01
RatioPlot=1
LogY=0
RatioPlotYMax=1.4
LegendXPos=0.5
XLabel=$\eta$ 
YLabel=$\frac{1}{N}\frac{dN_\text{ch}}{d\eta}$ 
YMin=0.0
LegendYPos=0.5
Legend=1
RatioPlotYMin=0.6
FullRange=1
# END PLOT

# BEGIN HISTO1D /CMS_2015_I1384119/d01-x01-y01
ConnectBins=0
ErrorBars=1
IsRef=1
Path=/CMS_2015_I1384119/d01-x01-y01
PolyMarker=*
Title=Data
# xlow	 xhigh	 val	 errminus	 errplus
-2.000000e+00	-1.800000e+00	6.250000e+00	2.267157e-01	2.267157e-01
-1.800000e+00	-1.600000e+00	6.138000e+00	1.993038e-01	1.993038e-01
-1.600000e+00	-1.400000e+00	6.091000e+00	1.961632e-01	1.961632e-01
-1.400000e+00	-1.200000e+00	6.074000e+00	1.921666e-01	1.921666e-01
-1.200000e+00	-1.000000e+00	5.966000e+00	1.851729e-01	1.851729e-01
-1.000000e+00	-8.000000e-01	5.825000e+00	1.791368e-01	1.791368e-01
-8.000000e-01	-6.000000e-01	5.743000e+00	1.771384e-01	1.771384e-01
-6.000000e-01	-4.000000e-01	5.606000e+00	1.721424e-01	1.721424e-01
-4.000000e-01	-2.000000e-01	5.495000e+00	1.681458e-01	1.681458e-01
-2.000000e-01	0.000000e+00	5.412000e+00	1.691449e-01	1.691449e-01
0.000000e+00	2.000000e-01	5.412000e+00	1.691449e-01	1.691449e-01
2.000000e-01	4.000000e-01	5.495000e+00	1.681458e-01	1.681458e-01
4.000000e-01	6.000000e-01	5.606000e+00	1.721424e-01	1.721424e-01
6.000000e-01	8.000000e-01	5.743000e+00	1.771384e-01	1.771384e-01
8.000000e-01	1.000000e+00	5.825000e+00	1.791368e-01	1.791368e-01
1.000000e+00	1.200000e+00	5.966000e+00	1.851729e-01	1.851729e-01
1.200000e+00	1.400000e+00	6.074000e+00	1.921666e-01	1.921666e-01
1.400000e+00	1.600000e+00	6.091000e+00	1.961632e-01	1.961632e-01
1.600000e+00	1.800000e+00	6.138000e+00	1.993038e-01	1.993038e-01
1.800000e+00	2.000000e+00	6.250000e+00	2.267157e-01	2.267157e-01
# END HISTO1D


# BEGIN HISTO1D //afs/cern.ch/user/m/mdessena/MCNNTUNES_result1/CMSSW_11_2_4/src/Plots_Totali_2params/CP5.yoda/CMS_2015_I1384119/d01-x01-y01
LineColor=red
LineStyle=solid
Path=//afs/cern.ch/user/m/mdessena/MCNNTUNES_result1/CMSSW_11_2_4/src/Plots_Totali_2params/CP5.yoda/CMS_2015_I1384119/d01-x01-y01
ScaledBy=2.22222222222222218e-07
Title=CP5
# xlow	 xhigh	 val	 errminus	 errplus
-2.000000e+00	-1.800000e+00	6.156175e+00	2.615377e-03	2.615377e-03
-1.800000e+00	-1.600000e+00	6.104000e+00	2.604270e-03	2.604270e-03
-1.600000e+00	-1.400000e+00	6.033120e+00	2.589106e-03	2.589106e-03
-1.400000e+00	-1.200000e+00	5.941205e+00	2.569307e-03	2.569307e-03
-1.200000e+00	-1.000000e+00	5.836050e+00	2.546468e-03	2.546468e-03
-1.000000e+00	-8.000000e-01	5.723780e+00	2.521855e-03	2.521855e-03
-8.000000e-01	-6.000000e-01	5.610545e+00	2.496785e-03	2.496785e-03
-6.000000e-01	-4.000000e-01	5.508865e+00	2.474057e-03	2.474057e-03
-4.000000e-01	-2.000000e-01	5.436935e+00	2.457853e-03	2.457853e-03
-2.000000e-01	0.000000e+00	5.387190e+00	2.446583e-03	2.446583e-03
0.000000e+00	2.000000e-01	5.388620e+00	2.446907e-03	2.446907e-03
2.000000e-01	4.000000e-01	5.433625e+00	2.457104e-03	2.457104e-03
4.000000e-01	6.000000e-01	5.509980e+00	2.474308e-03	2.474308e-03
6.000000e-01	8.000000e-01	5.607605e+00	2.496132e-03	2.496132e-03
8.000000e-01	1.000000e+00	5.728640e+00	2.522926e-03	2.522926e-03
1.000000e+00	1.200000e+00	5.841650e+00	2.547690e-03	2.547690e-03
1.200000e+00	1.400000e+00	5.943280e+00	2.569756e-03	2.569756e-03
1.400000e+00	1.600000e+00	6.034215e+00	2.589340e-03	2.589340e-03
1.600000e+00	1.800000e+00	6.103770e+00	2.604221e-03	2.604221e-03
1.800000e+00	2.000000e+00	6.156065e+00	2.615353e-03	2.615353e-03
# END HISTO1D


# BEGIN HISTO1D //afs/cern.ch/user/m/mdessena/MCNNTUNES_result1/CMSSW_11_2_4/src/Plots_Totali_2params/Inverse.yoda/CMS_2015_I1384119/d01-x01-y01
LineColor=blue
LineStyle=solid
Path=//afs/cern.ch/user/m/mdessena/MCNNTUNES_result1/CMSSW_11_2_4/src/Plots_Totali_2params/Inverse.yoda/CMS_2015_I1384119/d01-x01-y01
ScaledBy=2.22222222222222218e-07
Title=Inverse
# xlow	 xhigh	 val	 errminus	 errplus
-2.000000e+00	-1.800000e+00	6.082885e+00	2.599762e-03	2.599762e-03
-1.800000e+00	-1.600000e+00	6.029355e+00	2.588297e-03	2.588297e-03
-1.600000e+00	-1.400000e+00	5.955910e+00	2.572484e-03	2.572484e-03
-1.400000e+00	-1.200000e+00	5.870570e+00	2.553988e-03	2.553988e-03
-1.200000e+00	-1.000000e+00	5.771245e+00	2.532290e-03	2.532290e-03
-1.000000e+00	-8.000000e-01	5.656470e+00	2.506984e-03	2.506984e-03
-8.000000e-01	-6.000000e-01	5.548835e+00	2.483017e-03	2.483017e-03
-6.000000e-01	-4.000000e-01	5.448130e+00	2.460382e-03	2.460382e-03
-4.000000e-01	-2.000000e-01	5.369880e+00	2.442649e-03	2.442649e-03
-2.000000e-01	0.000000e+00	5.332500e+00	2.434132e-03	2.434132e-03
0.000000e+00	2.000000e-01	5.328690e+00	2.433262e-03	2.433262e-03
2.000000e-01	4.000000e-01	5.371325e+00	2.442978e-03	2.442978e-03
4.000000e-01	6.000000e-01	5.449860e+00	2.460772e-03	2.460772e-03
6.000000e-01	8.000000e-01	5.546020e+00	2.482386e-03	2.482386e-03
8.000000e-01	1.000000e+00	5.656735e+00	2.507042e-03	2.507042e-03
1.000000e+00	1.200000e+00	5.772235e+00	2.532507e-03	2.532507e-03
1.200000e+00	1.400000e+00	5.870155e+00	2.553898e-03	2.553898e-03
1.400000e+00	1.600000e+00	5.959165e+00	2.573188e-03	2.573188e-03
1.600000e+00	1.800000e+00	6.029780e+00	2.588389e-03	2.588389e-03
1.800000e+00	2.000000e+00	6.076890e+00	2.598481e-03	2.598481e-03
# END HISTO1D


# BEGIN HISTO1D //afs/cern.ch/user/m/mdessena/MCNNTUNES_result1/CMSSW_11_2_4/src/Plots_Totali_2params/PerBin.yoda/CMS_2015_I1384119/d01-x01-y01
LineColor=green
LineStyle=solid
Path=//afs/cern.ch/user/m/mdessena/MCNNTUNES_result1/CMSSW_11_2_4/src/Plots_Totali_2params/PerBin.yoda/CMS_2015_I1384119/d01-x01-y01
Title=PerBin
Tune_Parameter_emcPowisr=0.04771366068091282
Tune_Parameter_pT0isr=1.4606407384207003
# xlow	 xhigh	 val	 errminus	 errplus
-2.000000e+00	-1.800000e+00	5.898935e+00	0.000000e+00	0.000000e+00
-1.800000e+00	-1.600000e+00	5.844842e+00	0.000000e+00	0.000000e+00
-1.600000e+00	-1.400000e+00	5.773755e+00	0.000000e+00	0.000000e+00
-1.400000e+00	-1.200000e+00	5.685128e+00	0.000000e+00	0.000000e+00
-1.200000e+00	-1.000000e+00	5.583705e+00	0.000000e+00	0.000000e+00
-1.000000e+00	-8.000000e-01	5.489660e+00	0.000000e+00	0.000000e+00
-8.000000e-01	-6.000000e-01	5.374898e+00	0.000000e+00	0.000000e+00
-6.000000e-01	-4.000000e-01	5.266924e+00	0.000000e+00	0.000000e+00
-4.000000e-01	-2.000000e-01	5.207260e+00	0.000000e+00	0.000000e+00
-2.000000e-01	0.000000e+00	5.165372e+00	0.000000e+00	0.000000e+00
0.000000e+00	2.000000e-01	5.174847e+00	0.000000e+00	0.000000e+00
2.000000e-01	4.000000e-01	5.207066e+00	0.000000e+00	0.000000e+00
4.000000e-01	6.000000e-01	5.272547e+00	0.000000e+00	0.000000e+00
6.000000e-01	8.000000e-01	5.380185e+00	0.000000e+00	0.000000e+00
8.000000e-01	1.000000e+00	5.481122e+00	0.000000e+00	0.000000e+00
1.000000e+00	1.200000e+00	5.593186e+00	0.000000e+00	0.000000e+00
1.200000e+00	1.400000e+00	5.680691e+00	0.000000e+00	0.000000e+00
1.400000e+00	1.600000e+00	5.788500e+00	0.000000e+00	0.000000e+00
1.600000e+00	1.800000e+00	5.816736e+00	0.000000e+00	0.000000e+00
1.800000e+00	2.000000e+00	5.917330e+00	0.000000e+00	0.000000e+00
# END HISTO1D

