# BEGIN PLOT
LegendOnly=/CMS_2019_I1753680/d27-x01-y03 //eos/home-m/mdessena/CMSSW_eos/CMSSW_11_2_4/src/Final_Results_MCNNTUNES/Tune_PrimordialkT_InverseModel_FxFx_1/Inverse_FxFx.yoda/CMS_2019_I1753680/d27-x01-y03 //eos/home-m/mdessena/CMSSW_eos/CMSSW_11_2_4/src/Final_Results_MCNNTUNES/Tune_PrimordialkT_PerBinModel_FxFx_1/PerBin_FxFx.yoda/CMS_2019_I1753680/d27-x01-y03 //eos/home-m/mdessena/CMSSW_eos/CMSSW_11_2_4/src/Final_Results_MCNNTUNES/Tune_PrimordialkT_CP5_default_FxFx/CP5_default_FxFx.yoda/CMS_2019_I1753680/d27-x01-y03
DrawOnly=/CMS_2019_I1753680/d27-x01-y03 //eos/home-m/mdessena/CMSSW_eos/CMSSW_11_2_4/src/Final_Results_MCNNTUNES/Tune_PrimordialkT_InverseModel_FxFx_1/Inverse_FxFx.yoda/CMS_2019_I1753680/d27-x01-y03 //eos/home-m/mdessena/CMSSW_eos/CMSSW_11_2_4/src/Final_Results_MCNNTUNES/Tune_PrimordialkT_PerBinModel_FxFx_1/PerBin_FxFx.yoda/CMS_2019_I1753680/d27-x01-y03 //eos/home-m/mdessena/CMSSW_eos/CMSSW_11_2_4/src/Final_Results_MCNNTUNES/Tune_PrimordialkT_CP5_default_FxFx/CP5_default_FxFx.yoda/CMS_2019_I1753680/d27-x01-y03
Title=CMS, 13 TeV, $Z \to \ell^+ \ell^-$
RatioPlotReference=/CMS_2019_I1753680/d27-x01-y03
YLabel=$d\sigma/dp_{T}^{Z}$ [pb/GeV]
RatioPlot=1
LogX=1
LogY=0
RatioPlotYMax=1.25
XLabel=$p_{T}^{Z}$ [GeV]
RatioPlotSameStyle=0
XMin=0.1
RatioPlotErrorBandColor=grey!40!yellow!60
Legend=1
RatioPlotYMin=0.75
# END PLOT

# BEGIN HISTO1D /CMS_2019_I1753680/d27-x01-y03
ConnectBins=0
ErrorBars=1
IsRef=1
Path=/CMS_2019_I1753680/d27-x01-y03
PolyMarker=*
Title=Data
# xlow	 xhigh	 val	 errminus	 errplus
0.000000e+00	1.000000e+00	9.282100e+00	2.977800e-01	2.977800e-01
1.000000e+00	2.000000e+00	2.278600e+01	7.076500e-01	7.076500e-01
2.000000e+00	3.000000e+00	3.206200e+01	9.636700e-01	9.636700e-01
3.000000e+00	4.000000e+00	3.622500e+01	1.062100e+00	1.062100e+00
4.000000e+00	5.000000e+00	3.688200e+01	1.068100e+00	1.068100e+00
5.000000e+00	6.000000e+00	3.557900e+01	1.024600e+00	1.024600e+00
6.000000e+00	7.000000e+00	3.354700e+01	9.626400e-01	9.626400e-01
7.000000e+00	8.000000e+00	3.132400e+01	8.955400e-01	8.955400e-01
8.000000e+00	9.000000e+00	2.908900e+01	8.277300e-01	8.277300e-01
9.000000e+00	1.000000e+01	2.693300e+01	7.627800e-01	7.627800e-01
1.000000e+01	1.100000e+01	2.476700e+01	7.000900e-01	7.000900e-01
1.100000e+01	1.200000e+01	2.275400e+01	6.414300e-01	6.414300e-01
1.200000e+01	1.300000e+01	2.114300e+01	5.927800e-01	5.927800e-01
1.300000e+01	1.400000e+01	1.959900e+01	5.482400e-01	5.482400e-01
1.400000e+01	1.600000e+01	1.725500e+01	4.821300e-01	4.821300e-01
1.600000e+01	1.800000e+01	1.485000e+01	4.141800e-01	4.141800e-01
1.800000e+01	2.000000e+01	1.289500e+01	3.595400e-01	3.595400e-01
2.000000e+01	2.200000e+01	1.120600e+01	3.118600e-01	3.118600e-01
2.200000e+01	2.500000e+01	9.509500e+00	2.638600e-01	2.638600e-01
2.500000e+01	2.800000e+01	7.873400e+00	2.184800e-01	2.184800e-01
2.800000e+01	3.200000e+01	6.353100e+00	1.769300e-01	1.769300e-01
3.200000e+01	3.700000e+01	4.973200e+00	1.390000e-01	1.390000e-01
3.700000e+01	4.300000e+01	3.710000e+00	1.037000e-01	1.037000e-01
4.300000e+01	5.200000e+01	2.583600e+00	7.246800e-02	7.246800e-02
5.200000e+01	6.500000e+01	1.539200e+00	4.367400e-02	4.367400e-02
6.500000e+01	8.500000e+01	7.941400e-01	2.296900e-02	2.296900e-02
8.500000e+01	1.200000e+02	3.424800e-01	1.024100e-02	1.024100e-02
1.200000e+02	1.600000e+02	1.284200e-01	4.018900e-03	4.018900e-03
1.600000e+02	1.900000e+02	5.587000e-02	1.821000e-03	1.821000e-03
1.900000e+02	2.200000e+02	3.049900e-02	1.027400e-03	1.027400e-03
2.200000e+02	2.500000e+02	1.726400e-02	6.009800e-04	6.009800e-04
2.500000e+02	3.000000e+02	8.788700e-03	3.149700e-04	3.149700e-04
3.000000e+02	4.000000e+02	2.970400e-03	1.151900e-04	1.151900e-04
4.000000e+02	5.000000e+02	8.051500e-04	3.815700e-05	3.815700e-05
5.000000e+02	8.000000e+02	1.268300e-04	8.329400e-06	8.329400e-06
8.000000e+02	1.500000e+03	5.274400e-06	4.971200e-07	4.971200e-07
# END HISTO1D


# BEGIN HISTO1D //eos/home-m/mdessena/CMSSW_eos/CMSSW_11_2_4/src/Final_Results_MCNNTUNES/Tune_PrimordialkT_InverseModel_FxFx_1/Inverse_FxFx.yoda/CMS_2019_I1753680/d27-x01-y03
ErrorBars=1
LineColor=red
LineStyle=solid
Path=//eos/home-m/mdessena/CMSSW_eos/CMSSW_11_2_4/src/Final_Results_MCNNTUNES/Tune_PrimordialkT_InverseModel_FxFx_1/Inverse_FxFx.yoda/CMS_2019_I1753680/d27-x01-y03
ScaledBy=9.38255295512760836e-07
Title=Inverse_FxFx
# xlow	 xhigh	 val	 errminus	 errplus
0.000000e+00	1.000000e+00	7.952766e+00	3.591305e-01	3.591305e-01
1.000000e+00	2.000000e+00	2.380345e+01	6.232401e-01	6.232401e-01
2.000000e+00	3.000000e+00	3.522527e+01	7.573756e-01	7.573756e-01
3.000000e+00	4.000000e+00	4.124469e+01	8.204114e-01	8.204114e-01
4.000000e+00	5.000000e+00	4.231420e+01	8.398884e-01	8.398884e-01
5.000000e+00	6.000000e+00	3.981868e+01	8.190353e-01	8.190353e-01
6.000000e+00	7.000000e+00	3.794018e+01	7.956311e-01	7.956311e-01
7.000000e+00	8.000000e+00	3.414205e+01	7.587397e-01	7.587397e-01
8.000000e+00	9.000000e+00	2.980916e+01	7.237370e-01	7.237370e-01
9.000000e+00	1.000000e+01	2.771128e+01	6.900933e-01	6.900933e-01
1.000000e+01	1.100000e+01	2.473585e+01	6.627147e-01	6.627147e-01
1.100000e+01	1.200000e+01	2.204836e+01	6.174818e-01	6.174818e-01
1.200000e+01	1.300000e+01	2.117081e+01	6.095140e-01	6.095140e-01
1.300000e+01	1.400000e+01	1.893581e+01	5.818983e-01	5.818983e-01
1.400000e+01	1.600000e+01	1.694762e+01	3.879457e-01	3.879457e-01
1.600000e+01	1.800000e+01	1.395847e+01	3.579507e-01	3.579507e-01
1.800000e+01	2.000000e+01	1.312892e+01	3.473547e-01	3.473547e-01
2.000000e+01	2.200000e+01	1.191544e+01	3.347444e-01	3.347444e-01
2.200000e+01	2.500000e+01	9.954670e+00	2.551336e-01	2.551336e-01
2.500000e+01	2.800000e+01	8.099023e+00	2.419374e-01	2.419374e-01
2.800000e+01	3.200000e+01	6.842120e+00	1.974551e-01	1.974551e-01
3.200000e+01	3.700000e+01	5.717764e+00	1.670574e-01	1.670574e-01
3.700000e+01	4.300000e+01	4.124927e+00	1.360652e-01	1.360652e-01
4.300000e+01	5.200000e+01	2.583887e+00	9.499721e-02	9.499721e-02
5.200000e+01	6.500000e+01	1.613758e+00	6.229241e-02	6.229241e-02
6.500000e+01	8.500000e+01	9.070265e-01	3.756972e-02	3.756972e-02
8.500000e+01	1.200000e+02	3.690397e-01	1.871458e-02	1.871458e-02
1.200000e+02	1.600000e+02	1.402018e-01	1.070366e-02	1.070366e-02
1.600000e+02	1.900000e+02	7.221477e-02	8.252353e-03	8.252353e-03
1.900000e+02	2.200000e+02	1.965339e-02	5.870984e-03	5.870984e-03
2.200000e+02	2.500000e+02	1.691105e-02	4.683426e-03	4.683426e-03
2.500000e+02	3.000000e+02	1.042087e-02	2.326946e-03	2.326946e-03
3.000000e+02	4.000000e+02	2.742333e-03	1.044249e-03	1.044249e-03
4.000000e+02	5.000000e+02	1.096933e-03	5.817367e-04	5.817367e-04
5.000000e+02	8.000000e+02	4.570553e-05	1.022007e-04	1.022007e-04
8.000000e+02	1.500000e+03	1.958809e-05	1.958810e-05	1.958810e-05
# END HISTO1D


# BEGIN HISTO1D //eos/home-m/mdessena/CMSSW_eos/CMSSW_11_2_4/src/Final_Results_MCNNTUNES/Tune_PrimordialkT_PerBinModel_FxFx_1/PerBin_FxFx.yoda/CMS_2019_I1753680/d27-x01-y03
ErrorBars=1
LineColor=blue
LineStyle=solid
Path=//eos/home-m/mdessena/CMSSW_eos/CMSSW_11_2_4/src/Final_Results_MCNNTUNES/Tune_PrimordialkT_PerBinModel_FxFx_1/PerBin_FxFx.yoda/CMS_2019_I1753680/d27-x01-y03
ScaledBy=9.39005930761331155e-07
Title=PerBin_FxFx
# xlow	 xhigh	 val	 errminus	 errplus
0.000000e+00	1.000000e+00	8.453143e+00	3.722858e-01	3.722858e-01
1.000000e+00	2.000000e+00	2.363038e+01	6.194976e-01	6.194976e-01
2.000000e+00	3.000000e+00	3.363418e+01	7.426723e-01	7.426723e-01
3.000000e+00	4.000000e+00	4.146980e+01	8.185411e-01	8.185411e-01
4.000000e+00	5.000000e+00	4.082484e+01	8.278060e-01	8.278060e-01
5.000000e+00	6.000000e+00	4.078367e+01	8.215264e-01	8.215264e-01
6.000000e+00	7.000000e+00	3.795681e+01	7.961494e-01	7.961494e-01
7.000000e+00	8.000000e+00	3.333228e+01	7.514944e-01	7.514944e-01
8.000000e+00	9.000000e+00	3.239914e+01	7.416574e-01	7.416574e-01
9.000000e+00	1.000000e+01	2.771972e+01	6.937739e-01	6.937739e-01
1.000000e+01	1.100000e+01	2.486542e+01	6.646631e-01	6.646631e-01
1.100000e+01	1.200000e+01	2.199738e+01	6.313904e-01	6.313904e-01
1.200000e+01	1.300000e+01	2.077607e+01	6.037960e-01	6.037960e-01
1.300000e+01	1.400000e+01	1.930775e+01	5.846230e-01	5.846230e-01
1.400000e+01	1.600000e+01	1.693373e+01	3.910349e-01	3.910349e-01
1.600000e+01	1.800000e+01	1.498512e+01	3.651356e-01	3.651356e-01
1.800000e+01	2.000000e+01	1.345505e+01	3.495234e-01	3.495234e-01
2.000000e+01	2.200000e+01	1.089578e+01	3.251715e-01	3.251715e-01
2.200000e+01	2.500000e+01	1.013645e+01	2.569714e-01	2.569714e-01
2.500000e+01	2.800000e+01	8.402827e+00	2.388685e-01	2.388685e-01
2.800000e+01	3.200000e+01	6.919640e+00	1.988895e-01	1.988895e-01
3.200000e+01	3.700000e+01	5.590602e+00	1.670558e-01	1.670558e-01
3.700000e+01	4.300000e+01	3.984138e+00	1.365002e-01	1.365002e-01
4.300000e+01	5.200000e+01	2.694211e+00	9.496311e-02	9.496311e-02
5.200000e+01	6.500000e+01	1.570714e+00	6.227071e-02	6.227071e-02
6.500000e+01	8.500000e+01	8.727595e-01	3.738001e-02	3.738001e-02
8.500000e+01	1.200000e+02	3.803131e-01	1.857295e-02	1.857295e-02
1.200000e+02	1.600000e+02	1.231607e-01	1.055729e-02	1.055729e-02
1.600000e+02	1.900000e+02	7.364480e-02	8.471558e-03	8.471558e-03
1.900000e+02	2.200000e+02	2.881753e-02	6.051114e-03	6.051114e-03
2.200000e+02	2.500000e+02	1.280779e-02	4.797474e-03	4.797474e-03
2.500000e+02	3.000000e+02	1.070366e-02	2.618112e-03	2.618112e-03
3.000000e+02	4.000000e+02	4.116791e-03	9.895533e-04	9.895533e-04
4.000000e+02	5.000000e+02	2.744527e-04	6.136950e-04	6.136950e-04
5.000000e+02	8.000000e+02	1.829685e-04	1.120448e-04	1.120448e-04
8.000000e+02	1.500000e+03	3.920753e-05	2.772391e-05	2.772391e-05
# END HISTO1D


# BEGIN HISTO1D //eos/home-m/mdessena/CMSSW_eos/CMSSW_11_2_4/src/Final_Results_MCNNTUNES/Tune_PrimordialkT_CP5_default_FxFx/CP5_default_FxFx.yoda/CMS_2019_I1753680/d27-x01-y03
ErrorBars=1
LineColor=green
LineStyle=solid
Path=//eos/home-m/mdessena/CMSSW_eos/CMSSW_11_2_4/src/Final_Results_MCNNTUNES/Tune_PrimordialkT_CP5_default_FxFx/CP5_default_FxFx.yoda/CMS_2019_I1753680/d27-x01-y03
ScaledBy=9.37915613856262898e-07
Title=CP5_default_FxFx
# xlow	 xhigh	 val	 errminus	 errplus
0.000000e+00	1.000000e+00	1.208931e+01	4.437247e-01	4.437247e-01
1.000000e+00	2.000000e+00	3.116904e+01	7.135388e-01	7.135388e-01
2.000000e+00	3.000000e+00	4.257301e+01	8.314897e-01	8.314897e-01
3.000000e+00	4.000000e+00	4.454678e+01	8.526846e-01	8.526846e-01
4.000000e+00	5.000000e+00	4.231259e+01	8.358841e-01	8.358841e-01
5.000000e+00	6.000000e+00	3.887221e+01	8.039188e-01	8.039188e-01
6.000000e+00	7.000000e+00	3.354030e+01	7.573495e-01	7.573495e-01
7.000000e+00	8.000000e+00	3.044258e+01	7.238644e-01	7.238644e-01
8.000000e+00	9.000000e+00	2.772866e+01	6.928327e-01	6.928327e-01
9.000000e+00	1.000000e+01	2.527516e+01	6.689657e-01	6.689657e-01
1.000000e+01	1.100000e+01	2.343846e+01	6.373248e-01	6.373248e-01
1.100000e+01	1.200000e+01	2.123168e+01	6.155820e-01	6.155820e-01
1.200000e+01	1.300000e+01	1.913455e+01	5.776362e-01	5.776362e-01
1.300000e+01	1.400000e+01	1.733898e+01	5.579487e-01	5.579487e-01
1.400000e+01	1.600000e+01	1.650287e+01	3.850095e-01	3.850095e-01
1.600000e+01	1.800000e+01	1.402196e+01	3.561106e-01	3.561106e-01
1.800000e+01	2.000000e+01	1.261702e+01	3.451940e-01	3.451940e-01
2.000000e+01	2.200000e+01	1.175349e+01	3.296027e-01	3.296027e-01
2.200000e+01	2.500000e+01	9.928220e+00	2.550003e-01	2.550003e-01
2.500000e+01	2.800000e+01	8.699187e+00	2.426254e-01	2.426254e-01
2.800000e+01	3.200000e+01	6.774538e+00	1.977699e-01	1.977699e-01
3.200000e+01	3.700000e+01	5.627972e+00	1.673116e-01	1.673116e-01
3.700000e+01	4.300000e+01	3.890418e+00	1.368193e-01	1.368193e-01
4.300000e+01	5.200000e+01	2.882977e+00	9.536496e-02	9.536496e-02
5.200000e+01	6.500000e+01	1.683815e+00	6.247482e-02	6.247482e-02
6.500000e+01	8.500000e+01	8.614660e-01	3.673421e-02	3.673421e-02
8.500000e+01	1.200000e+02	3.450171e-01	1.867909e-02	1.867909e-02
1.200000e+02	1.600000e+02	1.398083e-01	1.065029e-02	1.065029e-02
1.600000e+02	1.900000e+02	6.533527e-02	8.236702e-03	8.236702e-03
1.900000e+02	2.200000e+02	3.061163e-02	6.078527e-03	6.078527e-03
2.200000e+02	2.500000e+02	9.137800e-03	4.614363e-03	4.614363e-03
2.500000e+02	3.000000e+02	1.343257e-02	2.436557e-03	2.436557e-03
3.000000e+02	4.000000e+02	3.563742e-03	1.061717e-03	1.061717e-03
4.000000e+02	5.000000e+02	6.853350e-04	6.573503e-04	6.573503e-04
5.000000e+02	8.000000e+02	9.137800e-05	6.461401e-05	6.461401e-05
8.000000e+02	1.500000e+03	3.916200e-05	2.769172e-05	2.769172e-05
# END HISTO1D

