# BEGIN PLOT
LegendOnly=/CMS_2019_I1753680/d27-x01-y02 //eos/home-m/mdessena/CMSSW_eos/CMSSW_11_2_4/src/Final_Results_MCNNTUNES/Tune_PrimordialkT_InverseModel_FxFx_1/Inverse_FxFx.yoda/CMS_2019_I1753680/d27-x01-y02 //eos/home-m/mdessena/CMSSW_eos/CMSSW_11_2_4/src/Final_Results_MCNNTUNES/Tune_PrimordialkT_PerBinModel_FxFx_1/PerBin_FxFx.yoda/CMS_2019_I1753680/d27-x01-y02 //eos/home-m/mdessena/CMSSW_eos/CMSSW_11_2_4/src/Final_Results_MCNNTUNES/Tune_PrimordialkT_CP5_default_FxFx/CP5_default_FxFx.yoda/CMS_2019_I1753680/d27-x01-y02
DrawOnly=/CMS_2019_I1753680/d27-x01-y02 //eos/home-m/mdessena/CMSSW_eos/CMSSW_11_2_4/src/Final_Results_MCNNTUNES/Tune_PrimordialkT_InverseModel_FxFx_1/Inverse_FxFx.yoda/CMS_2019_I1753680/d27-x01-y02 //eos/home-m/mdessena/CMSSW_eos/CMSSW_11_2_4/src/Final_Results_MCNNTUNES/Tune_PrimordialkT_PerBinModel_FxFx_1/PerBin_FxFx.yoda/CMS_2019_I1753680/d27-x01-y02 //eos/home-m/mdessena/CMSSW_eos/CMSSW_11_2_4/src/Final_Results_MCNNTUNES/Tune_PrimordialkT_CP5_default_FxFx/CP5_default_FxFx.yoda/CMS_2019_I1753680/d27-x01-y02
Title=CMS, 13 TeV, $Z \to e^+ e^-$
RatioPlotReference=/CMS_2019_I1753680/d27-x01-y02
YLabel=$d\sigma/dp_{T}^{Z}$ [pb/GeV]
RatioPlot=1
LogX=1
LogY=0
RatioPlotYMax=1.25
XLabel=$p_{T}^{Z}$ [GeV]
RatioPlotSameStyle=0
XMin=0.1
RatioPlotErrorBandColor=grey!40!yellow!60
Legend=1
RatioPlotYMin=0.75
# END PLOT

# BEGIN HISTO1D /CMS_2019_I1753680/d27-x01-y02
ConnectBins=0
ErrorBars=1
IsRef=1
Path=/CMS_2019_I1753680/d27-x01-y02
PolyMarker=*
Title=Data
# xlow	 xhigh	 val	 errminus	 errplus
0.000000e+00	1.000000e+00	9.004200e+00	2.959600e-01	2.959600e-01
1.000000e+00	2.000000e+00	2.348200e+01	7.559700e-01	7.559700e-01
2.000000e+00	3.000000e+00	3.284800e+01	1.043700e+00	1.043700e+00
3.000000e+00	4.000000e+00	3.702500e+01	1.168100e+00	1.168100e+00
4.000000e+00	5.000000e+00	3.757800e+01	1.178500e+00	1.178500e+00
5.000000e+00	6.000000e+00	3.620100e+01	1.130200e+00	1.130200e+00
6.000000e+00	7.000000e+00	3.427500e+01	1.067300e+00	1.067300e+00
7.000000e+00	8.000000e+00	3.220000e+01	1.000300e+00	1.000300e+00
8.000000e+00	9.000000e+00	2.983400e+01	9.249100e-01	9.249100e-01
9.000000e+00	1.000000e+01	2.736900e+01	8.475100e-01	8.475100e-01
1.000000e+01	1.100000e+01	2.497300e+01	7.726500e-01	7.726500e-01
1.100000e+01	1.200000e+01	2.334000e+01	7.217100e-01	7.217100e-01
1.200000e+01	1.300000e+01	2.167800e+01	6.698100e-01	6.698100e-01
1.300000e+01	1.400000e+01	1.970700e+01	6.076400e-01	6.076400e-01
1.400000e+01	1.600000e+01	1.756100e+01	5.401800e-01	5.401800e-01
1.600000e+01	1.800000e+01	1.522100e+01	4.677100e-01	4.677100e-01
1.800000e+01	2.000000e+01	1.311900e+01	4.030800e-01	4.030800e-01
2.000000e+01	2.200000e+01	1.135400e+01	3.492600e-01	3.492600e-01
2.200000e+01	2.500000e+01	9.736000e+00	3.003700e-01	3.003700e-01
2.500000e+01	2.800000e+01	7.967900e+00	2.467000e-01	2.467000e-01
2.800000e+01	3.200000e+01	6.485600e+00	2.017000e-01	2.017000e-01
3.200000e+01	3.700000e+01	5.067100e+00	1.582100e-01	1.582100e-01
3.700000e+01	4.300000e+01	3.717200e+00	1.163500e-01	1.163500e-01
4.300000e+01	5.200000e+01	2.604300e+00	8.202800e-02	8.202800e-02
5.200000e+01	6.500000e+01	1.552400e+00	4.934600e-02	4.934600e-02
6.500000e+01	8.500000e+01	8.006900e-01	2.571200e-02	2.571200e-02
8.500000e+01	1.200000e+02	3.465500e-01	1.139800e-02	1.139800e-02
1.200000e+02	1.600000e+02	1.289300e-01	4.463100e-03	4.463100e-03
1.600000e+02	1.900000e+02	5.587200e-02	2.060600e-03	2.060600e-03
1.900000e+02	2.200000e+02	3.032100e-02	1.169600e-03	1.169600e-03
2.200000e+02	2.500000e+02	1.730800e-02	6.857500e-04	6.857500e-04
2.500000e+02	3.000000e+02	8.817400e-03	3.589800e-04	3.589800e-04
3.000000e+02	4.000000e+02	2.931200e-03	1.305100e-04	1.305100e-04
4.000000e+02	5.000000e+02	8.039300e-04	4.285600e-05	4.285600e-05
5.000000e+02	8.000000e+02	1.338700e-04	9.139000e-06	9.139000e-06
8.000000e+02	1.500000e+03	5.860300e-06	5.333100e-07	5.333100e-07
# END HISTO1D


# BEGIN HISTO1D //eos/home-m/mdessena/CMSSW_eos/CMSSW_11_2_4/src/Final_Results_MCNNTUNES/Tune_PrimordialkT_InverseModel_FxFx_1/Inverse_FxFx.yoda/CMS_2019_I1753680/d27-x01-y02
ErrorBars=1
LineColor=red
LineStyle=solid
Path=//eos/home-m/mdessena/CMSSW_eos/CMSSW_11_2_4/src/Final_Results_MCNNTUNES/Tune_PrimordialkT_InverseModel_FxFx_1/Inverse_FxFx.yoda/CMS_2019_I1753680/d27-x01-y02
ScaledBy=1.87651059102552167e-06
Title=Inverse_FxFx
# xlow	 xhigh	 val	 errminus	 errplus
0.000000e+00	1.000000e+00	7.952766e+00	5.115756e-01	5.115756e-01
1.000000e+00	2.000000e+00	2.295333e+01	8.788312e-01	8.788312e-01
2.000000e+00	3.000000e+00	3.441628e+01	1.070213e+00	1.070213e+00
3.000000e+00	4.000000e+00	4.072365e+01	1.156667e+00	1.156667e+00
4.000000e+00	5.000000e+00	4.223193e+01	1.199124e+00	1.199124e+00
5.000000e+00	6.000000e+00	4.003806e+01	1.149820e+00	1.149820e+00
6.000000e+00	7.000000e+00	3.798131e+01	1.127029e+00	1.127029e+00
7.000000e+00	8.000000e+00	3.433401e+01	1.076169e+00	1.076169e+00
8.000000e+00	9.000000e+00	2.926069e+01	1.018362e+00	1.018362e+00
9.000000e+00	1.000000e+01	2.745076e+01	9.745899e-01	9.745899e-01
1.000000e+01	1.100000e+01	2.454388e+01	9.287566e-01	9.287566e-01
1.100000e+01	1.200000e+01	2.235001e+01	8.779751e-01	8.779751e-01
1.200000e+01	1.300000e+01	2.078688e+01	8.645963e-01	8.645963e-01
1.300000e+01	1.400000e+01	1.930602e+01	8.335971e-01	8.335971e-01
1.400000e+01	1.600000e+01	1.660483e+01	5.434733e-01	5.434733e-01
1.600000e+01	1.800000e+01	1.436983e+01	5.108400e-01	5.108400e-01
1.800000e+01	2.000000e+01	1.336887e+01	4.964684e-01	4.964684e-01
2.000000e+01	2.200000e+01	1.201142e+01	4.737971e-01	4.737971e-01
2.200000e+01	2.500000e+01	9.744423e+00	3.608134e-01	3.608134e-01
2.500000e+01	2.800000e+01	8.153870e+00	3.420291e-01	3.420291e-01
2.800000e+01	3.200000e+01	7.136922e+00	2.795802e-01	2.795802e-01
3.200000e+01	3.700000e+01	6.082496e+00	2.407637e-01	2.407637e-01
3.700000e+01	4.300000e+01	4.095217e+00	1.912001e-01	1.912001e-01
4.300000e+01	5.200000e+01	2.498570e+00	1.346914e-01	1.346914e-01
5.200000e+01	6.500000e+01	1.573678e+00	8.799368e-02	8.799368e-02
6.500000e+01	8.500000e+01	9.653015e-01	5.380846e-02	5.380846e-02
8.500000e+01	1.200000e+02	3.502351e-01	2.635017e-02	2.635017e-02
1.200000e+02	1.600000e+02	1.419157e-01	1.534543e-02	1.534543e-02
1.600000e+02	1.900000e+02	7.038653e-02	1.152650e-02	1.152650e-02
1.900000e+02	2.200000e+02	1.919633e-02	8.124797e-03	8.124797e-03
2.200000e+02	2.500000e+02	1.371167e-02	6.779229e-03	6.779229e-03
2.500000e+02	3.000000e+02	7.130066e-03	3.244772e-03	3.244772e-03
3.000000e+02	4.000000e+02	3.016566e-03	1.371167e-03	1.371167e-03
4.000000e+02	5.000000e+02	1.371167e-03	9.095290e-04	9.095290e-04
5.000000e+02	8.000000e+02	9.141113e-05	1.583287e-04	1.583287e-04
8.000000e+02	1.500000e+03	0.000000e+00	0.000000e+00	0.000000e+00
# END HISTO1D


# BEGIN HISTO1D //eos/home-m/mdessena/CMSSW_eos/CMSSW_11_2_4/src/Final_Results_MCNNTUNES/Tune_PrimordialkT_PerBinModel_FxFx_1/PerBin_FxFx.yoda/CMS_2019_I1753680/d27-x01-y02
ErrorBars=1
LineColor=blue
LineStyle=solid
Path=//eos/home-m/mdessena/CMSSW_eos/CMSSW_11_2_4/src/Final_Results_MCNNTUNES/Tune_PrimordialkT_PerBinModel_FxFx_1/PerBin_FxFx.yoda/CMS_2019_I1753680/d27-x01-y02
ScaledBy=1.87801186152266231e-06
Title=PerBin_FxFx
# xlow	 xhigh	 val	 errminus	 errplus
0.000000e+00	1.000000e+00	9.139275e+00	5.454639e-01	5.454639e-01
1.000000e+00	2.000000e+00	2.354804e+01	8.678957e-01	8.678957e-01
2.000000e+00	3.000000e+00	3.301666e+01	1.046885e+00	1.046885e+00
3.000000e+00	4.000000e+00	4.155214e+01	1.166989e+00	1.166989e+00
4.000000e+00	5.000000e+00	4.001520e+01	1.161165e+00	1.161165e+00
5.000000e+00	6.000000e+00	4.190893e+01	1.171177e+00	1.171177e+00
6.000000e+00	7.000000e+00	3.781958e+01	1.131598e+00	1.131598e+00
7.000000e+00	8.000000e+00	3.364790e+01	1.072826e+00	1.072826e+00
8.000000e+00	9.000000e+00	3.301666e+01	1.056197e+00	1.056197e+00
9.000000e+00	1.000000e+01	2.741783e+01	9.792233e-01	9.792233e-01
1.000000e+01	1.100000e+01	2.382249e+01	9.201331e-01	9.201331e-01
1.100000e+01	1.200000e+01	2.170921e+01	9.031955e-01	9.031955e-01
1.200000e+01	1.300000e+01	2.019972e+01	8.476991e-01	8.476991e-01
1.300000e+01	1.400000e+01	1.937636e+01	8.324563e-01	8.324563e-01
1.400000e+01	1.600000e+01	1.675534e+01	5.535174e-01	5.535174e-01
1.600000e+01	1.800000e+01	1.539679e+01	5.196513e-01	5.196513e-01
1.800000e+01	2.000000e+01	1.343446e+01	4.911477e-01	4.911477e-01
2.000000e+01	2.200000e+01	1.086833e+01	4.555419e-01	4.555419e-01
2.200000e+01	2.500000e+01	1.033772e+01	3.659370e-01	3.659370e-01
2.500000e+01	2.800000e+01	8.443993e+00	3.370049e-01	3.370049e-01
2.800000e+01	3.200000e+01	7.012268e+00	2.827329e-01	2.827329e-01
3.200000e+01	3.700000e+01	5.549434e+00	2.355182e-01	2.355182e-01
3.700000e+01	4.300000e+01	4.084772e+00	1.940135e-01	1.940135e-01
4.300000e+01	5.200000e+01	2.604251e+00	1.341769e-01	1.341769e-01
5.200000e+01	6.500000e+01	1.608715e+00	8.831677e-02	8.831677e-02
6.500000e+01	8.500000e+01	8.521755e-01	5.330675e-02	5.330675e-02
8.500000e+01	1.200000e+02	3.622774e-01	2.614881e-02	2.614881e-02
1.200000e+02	1.600000e+02	1.283067e-01	1.523460e-02	1.523460e-02
1.600000e+02	1.900000e+02	8.142097e-02	1.230795e-02	1.230795e-02
1.900000e+02	2.200000e+02	2.287106e-02	8.533081e-03	8.533081e-03
2.200000e+02	2.500000e+02	8.233577e-03	6.784653e-03	6.784653e-03
2.500000e+02	3.000000e+02	6.586864e-03	3.383680e-03	3.383680e-03
3.000000e+02	4.000000e+02	4.391243e-03	1.399440e-03	1.399440e-03
4.000000e+02	5.000000e+02	5.489054e-04	9.507321e-04	9.507321e-04
5.000000e+02	8.000000e+02	2.744527e-04	2.045650e-04	2.045650e-04
8.000000e+02	1.500000e+03	3.920753e-05	3.920753e-05	3.920753e-05
# END HISTO1D


# BEGIN HISTO1D //eos/home-m/mdessena/CMSSW_eos/CMSSW_11_2_4/src/Final_Results_MCNNTUNES/Tune_PrimordialkT_CP5_default_FxFx/CP5_default_FxFx.yoda/CMS_2019_I1753680/d27-x01-y02
ErrorBars=1
LineColor=green
LineStyle=solid
Path=//eos/home-m/mdessena/CMSSW_eos/CMSSW_11_2_4/src/Final_Results_MCNNTUNES/Tune_PrimordialkT_CP5_default_FxFx/CP5_default_FxFx.yoda/CMS_2019_I1753680/d27-x01-y02
ScaledBy=1.87583122771252580e-06
Title=CP5_default_FxFx
# xlow	 xhigh	 val	 errminus	 errplus
0.000000e+00	1.000000e+00	1.255534e+01	6.393849e-01	6.393849e-01
1.000000e+00	2.000000e+00	2.966130e+01	9.914409e-01	9.914409e-01
2.000000e+00	3.000000e+00	4.227147e+01	1.176543e+00	1.176543e+00
3.000000e+00	4.000000e+00	4.542401e+01	1.212094e+00	1.212094e+00
4.000000e+00	5.000000e+00	4.240854e+01	1.185769e+00	1.185769e+00
5.000000e+00	6.000000e+00	3.955754e+01	1.147767e+00	1.147767e+00
6.000000e+00	7.000000e+00	3.196403e+01	1.058881e+00	1.058881e+00
7.000000e+00	8.000000e+00	3.086749e+01	1.021310e+00	1.021310e+00
8.000000e+00	9.000000e+00	2.694738e+01	9.734653e-01	9.734653e-01
9.000000e+00	1.000000e+01	2.500102e+01	9.416813e-01	9.416813e-01
1.000000e+01	1.100000e+01	2.360294e+01	9.087863e-01	9.087863e-01
1.100000e+01	1.200000e+01	2.198555e+01	8.712116e-01	8.712116e-01
1.200000e+01	1.300000e+01	1.814767e+01	8.141365e-01	8.141365e-01
1.300000e+01	1.400000e+01	1.685924e+01	7.748834e-01	7.748834e-01
1.400000e+01	1.600000e+01	1.643434e+01	5.498079e-01	5.498079e-01
1.600000e+01	1.800000e+01	1.414532e+01	5.065920e-01	5.065920e-01
1.800000e+01	2.000000e+01	1.208931e+01	4.818836e-01	4.818836e-01
2.000000e+01	2.200000e+01	1.184259e+01	4.688413e-01	4.688413e-01
2.200000e+01	2.500000e+01	9.987617e+00	3.660827e-01	3.660827e-01
2.500000e+01	2.800000e+01	8.516430e+00	3.426372e-01	3.426372e-01
2.800000e+01	3.200000e+01	7.079512e+00	2.811545e-01	2.811545e-01
3.200000e+01	3.700000e+01	5.828090e+00	2.384178e-01	2.384178e-01
3.700000e+01	4.300000e+01	3.614000e+00	1.928163e-01	1.928163e-01
4.300000e+01	5.200000e+01	2.829672e+00	1.331529e-01	1.331529e-01
5.200000e+01	6.500000e+01	1.693305e+00	8.753106e-02	8.753106e-02
6.500000e+01	8.500000e+01	8.758585e-01	5.278416e-02	5.278416e-02
8.500000e+01	1.200000e+02	3.226949e-01	2.697350e-02	2.697350e-02
1.200000e+02	1.600000e+02	1.494031e-01	1.535518e-02	1.535518e-02
1.600000e+02	1.900000e+02	6.487840e-02	1.173772e-02	1.173772e-02
1.900000e+02	2.200000e+02	2.649962e-02	8.324933e-03	8.324933e-03
2.200000e+02	2.500000e+02	1.279292e-02	6.838104e-03	6.838104e-03
2.500000e+02	3.000000e+02	1.425497e-02	3.289608e-03	3.289608e-03
3.000000e+02	4.000000e+02	2.741340e-03	1.450581e-03	1.450581e-03
4.000000e+02	5.000000e+02	2.741340e-04	1.061717e-03	1.061717e-03
5.000000e+02	8.000000e+02	1.827560e-04	1.292280e-04	1.292280e-04
8.000000e+02	1.500000e+03	3.916200e-05	3.916201e-05	3.916201e-05
# END HISTO1D

