# BEGIN PLOT
LegendOnly=/CMS_2019_I1753680/d28-x01-y01 //eos/home-m/mdessena/CMSSW_eos/CMSSW_11_2_4/src/Final_Results_MCNNTUNES/Tune_PrimordialkT_InverseModel_FxFx_1/Inverse_FxFx.yoda/CMS_2019_I1753680/d28-x01-y01 //eos/home-m/mdessena/CMSSW_eos/CMSSW_11_2_4/src/Final_Results_MCNNTUNES/Tune_PrimordialkT_PerBinModel_FxFx_1/PerBin_FxFx.yoda/CMS_2019_I1753680/d28-x01-y01 //eos/home-m/mdessena/CMSSW_eos/CMSSW_11_2_4/src/Final_Results_MCNNTUNES/Tune_PrimordialkT_CP5_default_FxFx/CP5_default_FxFx.yoda/CMS_2019_I1753680/d28-x01-y01
DrawOnly=/CMS_2019_I1753680/d28-x01-y01 //eos/home-m/mdessena/CMSSW_eos/CMSSW_11_2_4/src/Final_Results_MCNNTUNES/Tune_PrimordialkT_InverseModel_FxFx_1/Inverse_FxFx.yoda/CMS_2019_I1753680/d28-x01-y01 //eos/home-m/mdessena/CMSSW_eos/CMSSW_11_2_4/src/Final_Results_MCNNTUNES/Tune_PrimordialkT_PerBinModel_FxFx_1/PerBin_FxFx.yoda/CMS_2019_I1753680/d28-x01-y01 //eos/home-m/mdessena/CMSSW_eos/CMSSW_11_2_4/src/Final_Results_MCNNTUNES/Tune_PrimordialkT_CP5_default_FxFx/CP5_default_FxFx.yoda/CMS_2019_I1753680/d28-x01-y01
Title=CMS, 13 TeV, $Z \to \mu^+ \mu^-$
RatioPlotReference=/CMS_2019_I1753680/d28-x01-y01
YLabel=$d\sigma/d\phi^{*}_{\eta}$ [pb]
RatioPlot=1
LogX=1
LogY=0
RatioPlotYMax=1.25
XLabel=$\phi^{*}_{\eta}$
RatioPlotSameStyle=0
XMin=0.001
RatioPlotErrorBandColor=grey!40!yellow!60
Legend=1
RatioPlotYMin=0.75
# END PLOT

# BEGIN HISTO1D /CMS_2019_I1753680/d28-x01-y01
ConnectBins=0
ErrorBars=1
IsRef=1
Path=/CMS_2019_I1753680/d28-x01-y01
PolyMarker=*
Title=Data
# xlow	 xhigh	 val	 errminus	 errplus
1.000000e-03	2.000000e-03	5.938000e+03	1.539000e+02	1.539000e+02
2.000000e-03	3.000000e-03	5.920900e+03	1.534600e+02	1.534600e+02
3.000000e-03	4.000000e-03	5.908600e+03	1.531400e+02	1.531400e+02
4.000000e-03	5.000000e-03	5.895400e+03	1.528000e+02	1.528000e+02
5.000000e-03	6.000000e-03	5.882600e+03	1.524700e+02	1.524700e+02
6.000000e-03	7.000000e-03	5.871300e+03	1.521800e+02	1.521800e+02
7.000000e-03	8.000000e-03	5.850800e+03	1.516500e+02	1.516500e+02
8.000000e-03	9.000000e-03	5.821500e+03	1.508800e+02	1.508800e+02
9.000000e-03	1.000000e-02	5.782500e+03	1.498500e+02	1.498500e+02
1.000000e-02	2.000000e-02	5.591800e+03	1.448700e+02	1.448700e+02
2.000000e-02	3.000000e-02	5.119200e+03	1.326200e+02	1.326200e+02
3.000000e-02	4.000000e-02	4.568300e+03	1.183900e+02	1.183900e+02
4.000000e-02	5.000000e-02	4.048100e+03	1.049900e+02	1.049900e+02
5.000000e-02	6.000000e-02	3.571800e+03	9.278200e+01	9.278200e+01
6.000000e-02	7.000000e-02	3.150100e+03	8.198600e+01	8.198600e+01
7.000000e-02	8.000000e-02	2.781700e+03	7.248200e+01	7.248200e+01
8.000000e-02	9.000000e-02	2.485300e+03	6.480300e+01	6.480300e+01
9.000000e-02	1.000000e-01	2.218400e+03	5.793300e+01	5.793300e+01
1.000000e-01	2.000000e-01	1.334000e+03	3.506600e+01	3.506600e+01
2.000000e-01	3.000000e-01	5.920000e+02	1.577100e+01	1.577100e+01
3.000000e-01	4.000000e-01	3.192600e+02	8.654700e+00	8.654700e+00
4.000000e-01	5.000000e-01	1.928300e+02	5.333200e+00	5.333200e+00
5.000000e-01	6.000000e-01	1.260400e+02	3.560200e+00	3.560200e+00
6.000000e-01	7.000000e-01	8.607900e+01	2.484600e+00	2.484600e+00
7.000000e-01	8.000000e-01	6.204900e+01	1.832300e+00	1.832300e+00
8.000000e-01	9.000000e-01	4.566500e+01	1.379500e+00	1.379500e+00
9.000000e-01	1.000000e+00	3.473000e+01	1.080600e+00	1.080600e+00
1.000000e+00	3.000000e+00	7.866800e+00	2.561900e-01	2.561900e-01
3.000000e+00	5.000000e+00	9.233200e-01	3.149200e-02	3.149200e-02
5.000000e+00	7.000000e+00	3.403500e-01	1.189100e-02	1.189100e-02
7.000000e+00	1.000000e+01	1.647000e-01	5.791700e-03	5.791700e-03
1.000000e+01	2.000000e+01	5.534300e-02	1.961300e-03	1.961300e-03
2.000000e+01	3.000000e+01	1.823400e-02	6.530000e-04	6.530000e-04
3.000000e+01	5.000000e+01	1.777700e-02	6.394300e-04	6.394300e-04
# END HISTO1D


# BEGIN HISTO1D //eos/home-m/mdessena/CMSSW_eos/CMSSW_11_2_4/src/Final_Results_MCNNTUNES/Tune_PrimordialkT_InverseModel_FxFx_1/Inverse_FxFx.yoda/CMS_2019_I1753680/d28-x01-y01
ErrorBars=1
LineColor=red
LineStyle=solid
Path=//eos/home-m/mdessena/CMSSW_eos/CMSSW_11_2_4/src/Final_Results_MCNNTUNES/Tune_PrimordialkT_InverseModel_FxFx_1/Inverse_FxFx.yoda/CMS_2019_I1753680/d28-x01-y01
ScaledBy=1.87651059102552167e-06
Title=Inverse_FxFx
# xlow	 xhigh	 val	 errminus	 errplus
1.000000e-03	2.000000e-03	5.649206e+03	4.455764e+02	4.455764e+02
2.000000e-03	3.000000e-03	7.294606e+03	4.812775e+02	4.812775e+02
3.000000e-03	4.000000e-03	5.292703e+03	4.292431e+02	4.292431e+02
4.000000e-03	5.000000e-03	6.828410e+03	4.804956e+02	4.804956e+02
5.000000e-03	6.000000e-03	6.087979e+03	4.539369e+02	4.539369e+02
6.000000e-03	7.000000e-03	6.746139e+03	4.605160e+02	4.605160e+02
7.000000e-03	8.000000e-03	6.691293e+03	4.489393e+02	4.489393e+02
8.000000e-03	9.000000e-03	6.170250e+03	4.580599e+02	4.580599e+02
9.000000e-03	1.000000e-02	6.334790e+03	4.757770e+02	4.757770e+02
1.000000e-02	2.000000e-02	6.293655e+03	1.445655e+02	1.445655e+02
2.000000e-02	3.000000e-02	5.616298e+03	1.389148e+02	1.389148e+02
3.000000e-02	4.000000e-02	4.971850e+03	1.302247e+02	1.302247e+02
4.000000e-02	5.000000e-02	4.379506e+03	1.253999e+02	1.253999e+02
5.000000e-02	6.000000e-02	3.855720e+03	1.155040e+02	1.155040e+02
6.000000e-02	7.000000e-02	3.414205e+03	1.091779e+02	1.091779e+02
7.000000e-02	8.000000e-02	2.783468e+03	9.974707e+01	9.974707e+01
8.000000e-02	9.000000e-02	2.544885e+03	9.468002e+01	9.468002e+01
9.000000e-02	1.000000e-01	2.182897e+03	8.919963e+01	8.919963e+01
1.000000e-01	2.000000e-01	1.358826e+03	2.270513e+01	2.270513e+01
2.000000e-01	3.000000e-01	6.260747e+02	1.674621e+01	1.674621e+01
3.000000e-01	4.000000e-01	3.518413e+02	1.342063e+01	1.342063e+01
4.000000e-01	5.000000e-01	2.188382e+02	1.106490e+01	1.106490e+01
5.000000e-01	6.000000e-01	1.371166e+02	9.095289e+00	9.095289e+00
6.000000e-01	7.000000e-01	8.665772e+01	7.480088e+00	7.480088e+00
7.000000e-01	8.000000e-01	6.663869e+01	6.495336e+00	6.495336e+00
8.000000e-01	9.000000e-01	4.716813e+01	5.401770e+00	5.401770e+00
9.000000e-01	1.000000e+00	4.140923e+01	5.019294e+00	5.019294e+00
1.000000e+00	3.000000e+00	8.569790e+00	5.329941e-01	5.329941e-01
3.000000e+00	5.000000e+00	9.461050e-01	1.771937e-01	1.771937e-01
5.000000e+00	7.000000e+00	4.936199e-01	1.096933e-01	1.096933e-01
7.000000e+00	1.000000e+01	2.468100e-01	6.398778e-02	6.398778e-02
1.000000e+01	2.000000e+01	6.307366e-02	1.958417e-02	1.958417e-02
2.000000e+01	3.000000e+01	3.290800e-02	1.163473e-02	1.163473e-02
3.000000e+01	5.000000e+01	7.339500e-10	5.484667e-03	5.484667e-03
# END HISTO1D


# BEGIN HISTO1D //eos/home-m/mdessena/CMSSW_eos/CMSSW_11_2_4/src/Final_Results_MCNNTUNES/Tune_PrimordialkT_PerBinModel_FxFx_1/PerBin_FxFx.yoda/CMS_2019_I1753680/d28-x01-y01
ErrorBars=1
LineColor=blue
LineStyle=solid
Path=//eos/home-m/mdessena/CMSSW_eos/CMSSW_11_2_4/src/Final_Results_MCNNTUNES/Tune_PrimordialkT_PerBinModel_FxFx_1/PerBin_FxFx.yoda/CMS_2019_I1753680/d28-x01-y01
ScaledBy=1.87801186152266231e-06
Title=PerBin_FxFx
# xlow	 xhigh	 val	 errminus	 errplus
1.000000e-03	2.000000e-03	6.065405e+03	4.600666e+02	4.600666e+02
2.000000e-03	3.000000e-03	6.284967e+03	4.467767e+02	4.467767e+02
3.000000e-03	4.000000e-03	6.175186e+03	4.600665e+02	4.600665e+02
4.000000e-03	5.000000e-03	7.300442e+03	4.816625e+02	4.816625e+02
5.000000e-03	6.000000e-03	6.175186e+03	4.551283e+02	4.551283e+02
6.000000e-03	7.000000e-03	6.477084e+03	4.705884e+02	4.705884e+02
7.000000e-03	8.000000e-03	6.202631e+03	4.526390e+02	4.526390e+02
8.000000e-03	9.000000e-03	6.147741e+03	4.592472e+02	4.592472e+02
9.000000e-03	1.000000e-02	6.531975e+03	4.592472e+02	4.592472e+02
1.000000e-02	2.000000e-02	5.870543e+03	1.413631e+02	1.413631e+02
2.000000e-02	3.000000e-02	5.574135e+03	1.368691e+02	1.368691e+02
3.000000e-02	4.000000e-02	5.272237e+03	1.335263e+02	1.335263e+02
4.000000e-02	5.000000e-02	4.210105e+03	1.224933e+02	1.224933e+02
5.000000e-02	6.000000e-02	3.974075e+03	1.176631e+02	1.176631e+02
6.000000e-02	7.000000e-02	3.304411e+03	1.075631e+02	1.075631e+02
7.000000e-02	8.000000e-02	2.835096e+03	9.982687e+01	9.982687e+01
8.000000e-02	9.000000e-02	2.648469e+03	9.776836e+01	9.776836e+01
9.000000e-02	1.000000e-01	2.258746e+03	9.123230e+01	9.123230e+01
1.000000e-01	2.000000e-01	1.359639e+03	2.284726e+01	2.284726e+01
2.000000e-01	3.000000e-01	6.446894e+02	1.657885e+01	1.657885e+01
3.000000e-01	4.000000e-01	3.502017e+02	1.347336e+01	1.347336e+01
4.000000e-01	5.000000e-01	2.184644e+02	1.101920e+01	1.101920e+01
5.000000e-01	6.000000e-01	1.273461e+02	9.110838e+00	9.110838e+00
6.000000e-01	7.000000e-01	9.166720e+01	7.455825e+00	7.455825e+00
7.000000e-01	8.000000e-01	6.943654e+01	6.546718e+00	6.546718e+00
8.000000e-01	9.000000e-01	5.653726e+01	5.783078e+00	5.783078e+00
9.000000e-01	1.000000e+00	4.007009e+01	4.924878e+00	4.924878e+00
1.000000e+00	3.000000e+00	8.233580e+00	5.272066e-01	5.272066e-01
3.000000e+00	5.000000e+00	1.207592e+00	1.757355e-01	1.757355e-01
5.000000e+00	7.000000e+00	2.470074e-01	1.062951e-01	1.062951e-01
7.000000e+00	1.000000e+01	2.653043e-01	5.857849e-02	5.857849e-02
1.000000e+01	2.000000e+01	4.665696e-02	1.998046e-02	1.998046e-02
2.000000e+01	3.000000e+01	2.744527e-02	1.097811e-02	1.097811e-02
3.000000e+01	5.000000e+01	-5.489050e-03	5.134540e-03	5.134540e-03
# END HISTO1D


# BEGIN HISTO1D //eos/home-m/mdessena/CMSSW_eos/CMSSW_11_2_4/src/Final_Results_MCNNTUNES/Tune_PrimordialkT_CP5_default_FxFx/CP5_default_FxFx.yoda/CMS_2019_I1753680/d28-x01-y01
ErrorBars=1
LineColor=green
LineStyle=solid
Path=//eos/home-m/mdessena/CMSSW_eos/CMSSW_11_2_4/src/Final_Results_MCNNTUNES/Tune_PrimordialkT_CP5_default_FxFx/CP5_default_FxFx.yoda/CMS_2019_I1753680/d28-x01-y01
ScaledBy=1.87583122771252580e-06
Title=CP5_default_FxFx
# xlow	 xhigh	 val	 errminus	 errplus
1.000000e-03	2.000000e-03	6.825937e+03	4.896190e+02	4.896190e+02
2.000000e-03	3.000000e-03	7.922474e+03	5.077034e+02	5.077034e+02
3.000000e-03	4.000000e-03	6.469563e+03	4.652209e+02	4.652209e+02
4.000000e-03	5.000000e-03	6.880765e+03	4.911515e+02	4.911515e+02
5.000000e-03	6.000000e-03	6.798524e+03	4.873113e+02	4.873113e+02
6.000000e-03	7.000000e-03	7.867647e+03	5.032432e+02	5.032432e+02
7.000000e-03	8.000000e-03	8.032127e+03	5.077034e+02	5.077034e+02
8.000000e-03	9.000000e-03	6.771111e+03	4.787545e+02	4.787545e+02
9.000000e-03	1.000000e-02	6.524390e+03	4.842172e+02	4.842172e+02
1.000000e-02	2.000000e-02	6.524390e+03	1.481846e+02	1.481846e+02
2.000000e-02	3.000000e-02	5.885658e+03	1.409859e+02	1.409859e+02
3.000000e-02	4.000000e-02	5.074221e+03	1.315558e+02	1.315558e+02
4.000000e-02	5.000000e-02	4.446454e+03	1.228414e+02	1.228414e+02
5.000000e-02	6.000000e-02	3.725482e+03	1.150383e+02	1.150383e+02
6.000000e-02	7.000000e-02	2.883890e+03	1.024983e+02	1.024983e+02
7.000000e-02	8.000000e-02	2.801650e+03	1.007233e+02	1.007233e+02
8.000000e-02	9.000000e-02	2.343846e+03	9.227370e+01	9.227370e+01
9.000000e-02	1.000000e-01	2.066971e+03	8.651524e+01	8.651524e+01
1.000000e-01	2.000000e-01	1.326260e+03	2.237512e+01	2.237512e+01
2.000000e-01	3.000000e-01	6.581958e+02	1.682522e+01	1.682522e+01
3.000000e-01	4.000000e-01	3.536329e+02	1.336807e+01	1.336807e+01
4.000000e-01	5.000000e-01	2.130021e+02	1.105750e+01	1.105750e+01
5.000000e-01	6.000000e-01	1.422756e+02	9.112637e+00	9.112637e+00
6.000000e-01	7.000000e-01	9.320557e+01	7.636490e+00	7.636490e+00
7.000000e-01	8.000000e-01	7.072658e+01	6.590629e+00	6.590629e+00
8.000000e-01	9.000000e-01	4.797346e+01	5.544017e+00	5.544017e+00
9.000000e-01	1.000000e+00	4.057184e+01	4.873113e+00	4.873113e+00
1.000000e+00	3.000000e+00	8.374795e+00	5.224754e-01	5.224754e-01
3.000000e+00	5.000000e+00	1.137656e+00	1.854208e-01	1.854208e-01
5.000000e+00	7.000000e+00	3.837877e-01	9.296337e-02	9.296337e-02
7.000000e+00	1.000000e+01	2.101694e-01	5.851047e-02	5.851047e-02
1.000000e+01	2.000000e+01	2.741340e-02	1.859267e-02	1.859267e-02
2.000000e+01	3.000000e+01	5.482682e-03	8.668879e-03	8.668879e-03
3.000000e+01	5.000000e+01	1.096537e-02	5.482680e-03	5.482680e-03
# END HISTO1D

