# BEGIN PLOT
LegendOnly=/CMS_2019_I1753680/d29-x01-y01 //eos/home-m/mdessena/CMSSW_eos/CMSSW_11_2_4/src/Final_Results_MCNNTUNES/Tune_PrimordialkT_InverseModel_FxFx_1/Inverse_FxFx.yoda/CMS_2019_I1753680/d29-x01-y01 //eos/home-m/mdessena/CMSSW_eos/CMSSW_11_2_4/src/Final_Results_MCNNTUNES/Tune_PrimordialkT_PerBinModel_FxFx_1/PerBin_FxFx.yoda/CMS_2019_I1753680/d29-x01-y01 //eos/home-m/mdessena/CMSSW_eos/CMSSW_11_2_4/src/Final_Results_MCNNTUNES/Tune_PrimordialkT_CP5_default_FxFx/CP5_default_FxFx.yoda/CMS_2019_I1753680/d29-x01-y01
DrawOnly=/CMS_2019_I1753680/d29-x01-y01 //eos/home-m/mdessena/CMSSW_eos/CMSSW_11_2_4/src/Final_Results_MCNNTUNES/Tune_PrimordialkT_InverseModel_FxFx_1/Inverse_FxFx.yoda/CMS_2019_I1753680/d29-x01-y01 //eos/home-m/mdessena/CMSSW_eos/CMSSW_11_2_4/src/Final_Results_MCNNTUNES/Tune_PrimordialkT_PerBinModel_FxFx_1/PerBin_FxFx.yoda/CMS_2019_I1753680/d29-x01-y01 //eos/home-m/mdessena/CMSSW_eos/CMSSW_11_2_4/src/Final_Results_MCNNTUNES/Tune_PrimordialkT_CP5_default_FxFx/CP5_default_FxFx.yoda/CMS_2019_I1753680/d29-x01-y01
Title=CMS, 13 TeV, $Z \to \ell^+ \ell^-$, $0 < |y^{Z}| < 0.4$
RatioPlotReference=/CMS_2019_I1753680/d29-x01-y01
YLabel=$d\sigma/dp_{T}^{Z}$ [pb/GeV]
RatioPlot=1
LogX=1
LogY=0
RatioPlotYMax=1.25
XLabel=$p_{T}^{Z}$ [GeV]
RatioPlotSameStyle=0
XMin=0.1
RatioPlotErrorBandColor=grey!40!yellow!60
Legend=1
RatioPlotYMin=0.75
# END PLOT

# BEGIN HISTO1D /CMS_2019_I1753680/d29-x01-y01
ConnectBins=0
ErrorBars=1
IsRef=1
Path=/CMS_2019_I1753680/d29-x01-y01
PolyMarker=*
Title=Data
# xlow	 xhigh	 val	 errminus	 errplus
0.000000e+00	1.000000e+00	1.979500e+00	5.423000e-02	5.423000e-02
1.000000e+00	2.000000e+00	4.983900e+00	1.332100e-01	1.332100e-01
2.000000e+00	3.000000e+00	6.974500e+00	1.838500e-01	1.838500e-01
3.000000e+00	4.000000e+00	7.893100e+00	2.076600e-01	2.076600e-01
4.000000e+00	5.000000e+00	8.052000e+00	2.121600e-01	2.121600e-01
5.000000e+00	6.000000e+00	7.753600e+00	2.041700e-01	2.041700e-01
6.000000e+00	7.000000e+00	7.315900e+00	1.921000e-01	1.921000e-01
7.000000e+00	8.000000e+00	6.827900e+00	1.787400e-01	1.787400e-01
8.000000e+00	9.000000e+00	6.371400e+00	1.665600e-01	1.665600e-01
9.000000e+00	1.000000e+01	5.856500e+00	1.531400e-01	1.531400e-01
1.000000e+01	1.100000e+01	5.349300e+00	1.399100e-01	1.399100e-01
1.100000e+01	1.200000e+01	4.911200e+00	1.285900e-01	1.285900e-01
1.200000e+01	1.300000e+01	4.609500e+00	1.210000e-01	1.210000e-01
1.300000e+01	1.400000e+01	4.268000e+00	1.122500e-01	1.122500e-01
1.400000e+01	1.600000e+01	3.727700e+00	9.799400e-02	9.799400e-02
1.600000e+01	1.800000e+01	3.186100e+00	8.368200e-02	8.368200e-02
1.800000e+01	2.000000e+01	2.782200e+00	7.314300e-02	7.314300e-02
2.000000e+01	2.200000e+01	2.405900e+00	6.340400e-02	6.340400e-02
2.200000e+01	2.500000e+01	2.021900e+00	5.345900e-02	5.345900e-02
2.500000e+01	2.800000e+01	1.692700e+00	4.493400e-02	4.493400e-02
2.800000e+01	3.200000e+01	1.339100e+00	3.578100e-02	3.578100e-02
3.200000e+01	3.700000e+01	1.059200e+00	2.855400e-02	2.855400e-02
3.700000e+01	4.300000e+01	7.886400e-01	2.141500e-02	2.141500e-02
4.300000e+01	5.200000e+01	5.496900e-01	1.497100e-02	1.497100e-02
5.200000e+01	6.500000e+01	3.347900e-01	9.138400e-03	9.138400e-03
6.500000e+01	8.500000e+01	1.742000e-01	4.811900e-03	4.811900e-03
8.500000e+01	1.200000e+02	7.476400e-02	2.123100e-03	2.123100e-03
1.200000e+02	1.600000e+02	2.780400e-02	8.256900e-04	8.256900e-04
1.600000e+02	1.900000e+02	1.211400e-02	3.788200e-04	3.788200e-04
1.900000e+02	2.200000e+02	6.443700e-03	2.137300e-04	2.137300e-04
2.200000e+02	2.500000e+02	3.637300e-03	1.285900e-04	1.285900e-04
2.500000e+02	3.000000e+02	1.909500e-03	7.119400e-05	7.119400e-05
3.000000e+02	4.000000e+02	6.572900e-04	2.630900e-05	2.630900e-05
4.000000e+02	1.500000e+03	2.719100e-05	1.208000e-06	1.208000e-06
# END HISTO1D


# BEGIN HISTO1D //eos/home-m/mdessena/CMSSW_eos/CMSSW_11_2_4/src/Final_Results_MCNNTUNES/Tune_PrimordialkT_InverseModel_FxFx_1/Inverse_FxFx.yoda/CMS_2019_I1753680/d29-x01-y01
ErrorBars=1
LineColor=red
LineStyle=solid
Path=//eos/home-m/mdessena/CMSSW_eos/CMSSW_11_2_4/src/Final_Results_MCNNTUNES/Tune_PrimordialkT_InverseModel_FxFx_1/Inverse_FxFx.yoda/CMS_2019_I1753680/d29-x01-y01
ScaledBy=9.38255295512760836e-07
Title=Inverse_FxFx
# xlow	 xhigh	 val	 errminus	 errplus
0.000000e+00	1.000000e+00	1.823652e+00	1.673722e-01	1.673722e-01
1.000000e+00	2.000000e+00	5.745188e+00	3.069086e-01	3.069086e-01
2.000000e+00	3.000000e+00	7.061508e+00	3.422428e-01	3.422428e-01
3.000000e+00	4.000000e+00	9.131969e+00	3.814703e-01	3.814703e-01
4.000000e+00	5.000000e+00	9.666725e+00	3.990543e-01	3.990543e-01
5.000000e+00	6.000000e+00	8.706908e+00	3.777557e-01	3.777557e-01
6.000000e+00	7.000000e+00	8.089883e+00	3.684333e-01	3.684333e-01
7.000000e+00	8.000000e+00	7.390588e+00	3.588686e-01	3.588686e-01
8.000000e+00	9.000000e+00	6.417060e+00	3.307895e-01	3.307895e-01
9.000000e+00	1.000000e+01	5.621783e+00	3.132748e-01	3.132748e-01
1.000000e+01	1.100000e+01	5.114451e+00	3.019681e-01	3.019681e-01
1.100000e+01	1.200000e+01	4.607120e+00	2.783164e-01	2.783164e-01
1.200000e+01	1.300000e+01	4.620831e+00	2.879450e-01	2.879450e-01
1.300000e+01	1.400000e+01	4.442580e+00	2.776401e-01	2.776401e-01
1.400000e+01	1.600000e+01	3.832410e+00	1.840890e-01	1.840890e-01
1.600000e+01	1.800000e+01	3.160539e+00	1.686312e-01	1.686312e-01
1.800000e+01	2.000000e+01	2.954864e+00	1.615127e-01	1.615127e-01
2.000000e+01	2.200000e+01	2.440676e+00	1.566374e-01	1.566374e-01
2.200000e+01	2.500000e+01	2.120738e+00	1.184823e-01	1.184823e-01
2.500000e+01	2.800000e+01	1.741382e+00	1.122348e-01	1.122348e-01
2.800000e+01	3.200000e+01	1.511711e+00	9.062933e-02	9.062933e-02
3.200000e+01	3.700000e+01	1.330032e+00	7.943304e-02	7.943304e-02
3.700000e+01	4.300000e+01	8.386968e-01	6.170249e-02	6.170249e-02
4.300000e+01	5.200000e+01	6.033133e-01	4.539983e-02	4.539983e-02
5.200000e+01	6.500000e+01	3.554485e-01	2.947626e-02	2.947626e-02
6.500000e+01	8.500000e+01	2.166443e-01	1.800880e-02	1.800880e-02
8.500000e+01	1.200000e+02	8.657937e-02	8.609852e-03	8.609852e-03
1.200000e+02	1.600000e+02	3.016567e-02	4.943811e-03	4.943811e-03
1.600000e+02	1.900000e+02	1.371167e-02	3.598859e-03	3.598859e-03
1.900000e+02	2.200000e+02	1.828222e-03	2.503396e-03	2.503396e-03
2.200000e+02	2.500000e+02	2.742333e-03	1.828222e-03	1.828222e-03
2.500000e+02	3.000000e+02	1.371167e-03	9.887623e-04	9.887623e-04
3.000000e+02	4.000000e+02	9.598166e-04	4.943811e-04	4.943811e-04
4.000000e+02	1.500000e+03	1.246515e-05	3.739545e-05	3.739545e-05
# END HISTO1D


# BEGIN HISTO1D //eos/home-m/mdessena/CMSSW_eos/CMSSW_11_2_4/src/Final_Results_MCNNTUNES/Tune_PrimordialkT_PerBinModel_FxFx_1/PerBin_FxFx.yoda/CMS_2019_I1753680/d29-x01-y01
ErrorBars=1
LineColor=blue
LineStyle=solid
Path=//eos/home-m/mdessena/CMSSW_eos/CMSSW_11_2_4/src/Final_Results_MCNNTUNES/Tune_PrimordialkT_PerBinModel_FxFx_1/PerBin_FxFx.yoda/CMS_2019_I1753680/d29-x01-y01
ScaledBy=9.39005930761331155e-07
Title=PerBin_FxFx
# xlow	 xhigh	 val	 errminus	 errplus
0.000000e+00	1.000000e+00	1.880001e+00	1.719441e-01	1.719441e-01
1.000000e+00	2.000000e+00	5.118543e+00	2.848893e-01	2.848893e-01
2.000000e+00	3.000000e+00	7.286720e+00	3.408632e-01	3.408632e-01
3.000000e+00	4.000000e+00	8.562925e+00	3.773101e-01	3.773101e-01
4.000000e+00	5.000000e+00	8.741319e+00	3.825146e-01	3.825146e-01
5.000000e+00	6.000000e+00	9.180443e+00	3.874064e-01	3.874064e-01
6.000000e+00	7.000000e+00	8.014019e+00	3.615074e-01	3.615074e-01
7.000000e+00	8.000000e+00	7.012267e+00	3.452545e-01	3.452545e-01
8.000000e+00	9.000000e+00	6.916208e+00	3.449817e-01	3.449817e-01
9.000000e+00	1.000000e+01	6.079128e+00	3.267602e-01	3.267602e-01
1.000000e+01	1.100000e+01	5.475331e+00	3.028322e-01	3.028322e-01
1.100000e+01	1.200000e+01	4.157958e+00	2.927138e-01	2.927138e-01
1.200000e+01	1.300000e+01	4.953871e+00	2.907774e-01	2.907774e-01
1.300000e+01	1.400000e+01	4.144236e+00	2.765035e-01	2.765035e-01
1.400000e+01	1.600000e+01	3.849200e+00	1.832113e-01	1.832113e-01
1.600000e+01	1.800000e+01	3.430659e+00	1.691840e-01	1.691840e-01
1.800000e+01	2.000000e+01	3.211097e+00	1.697397e-01	1.697397e-01
2.000000e+01	2.200000e+01	2.243651e+00	1.520366e-01	1.520366e-01
2.200000e+01	2.500000e+01	2.099563e+00	1.177804e-01	1.177804e-01
2.500000e+01	2.800000e+01	1.898298e+00	1.115770e-01	1.115770e-01
2.800000e+01	3.200000e+01	1.516351e+00	9.076670e-02	9.076670e-02
3.200000e+01	3.700000e+01	1.333840e+00	7.801413e-02	7.801413e-02
3.700000e+01	4.300000e+01	7.684677e-01	6.305115e-02	6.305115e-02
4.300000e+01	5.200000e+01	5.641528e-01	4.419108e-02	4.419108e-02
5.200000e+01	6.500000e+01	3.810670e-01	2.953759e-02	2.953759e-02
6.500000e+01	8.500000e+01	2.003505e-01	1.791842e-02	1.791842e-02
8.500000e+01	1.200000e+02	8.311997e-02	8.499990e-03	8.499990e-03
1.200000e+02	1.600000e+02	2.401461e-02	4.875883e-03	4.875883e-03
1.600000e+02	1.900000e+02	1.418006e-02	3.572573e-03	3.572573e-03
1.900000e+02	2.200000e+02	7.776160e-03	2.782384e-03	2.782384e-03
2.200000e+02	2.500000e+02	4.574210e-04	1.885996e-03	1.885996e-03
2.500000e+02	3.000000e+02	1.372264e-03	9.895532e-04	9.895532e-04
3.000000e+02	4.000000e+02	1.235037e-03	4.947767e-04	4.947767e-04
4.000000e+02	1.500000e+03	1.247512e-05	3.742536e-05	3.742536e-05
# END HISTO1D


# BEGIN HISTO1D //eos/home-m/mdessena/CMSSW_eos/CMSSW_11_2_4/src/Final_Results_MCNNTUNES/Tune_PrimordialkT_CP5_default_FxFx/CP5_default_FxFx.yoda/CMS_2019_I1753680/d29-x01-y01
ErrorBars=1
LineColor=green
LineStyle=solid
Path=//eos/home-m/mdessena/CMSSW_eos/CMSSW_11_2_4/src/Final_Results_MCNNTUNES/Tune_PrimordialkT_CP5_default_FxFx/CP5_default_FxFx.yoda/CMS_2019_I1753680/d29-x01-y01
ScaledBy=9.37915613856262898e-07
Title=CP5_default_FxFx
# xlow	 xhigh	 val	 errminus	 errplus
0.000000e+00	1.000000e+00	2.563153e+00	1.991013e-01	1.991013e-01
1.000000e+00	2.000000e+00	6.195429e+00	3.214506e-01	3.214506e-01
2.000000e+00	3.000000e+00	8.772289e+00	3.783645e-01	3.783645e-01
3.000000e+00	4.000000e+00	9.868825e+00	4.000855e-01	4.000855e-01
4.000000e+00	5.000000e+00	9.402797e+00	3.982027e-01	3.982027e-01
5.000000e+00	6.000000e+00	8.717462e+00	3.758736e-01	3.758736e-01
6.000000e+00	7.000000e+00	7.100071e+00	3.462129e-01	3.462129e-01
7.000000e+00	8.000000e+00	6.647750e+00	3.388079e-01	3.388079e-01
8.000000e+00	9.000000e+00	6.579217e+00	3.334984e-01	3.334984e-01
9.000000e+00	1.000000e+01	5.523801e+00	3.122602e-01	3.122602e-01
1.000000e+01	1.100000e+01	5.208547e+00	3.027909e-01	3.027909e-01
1.100000e+01	1.200000e+01	4.660279e+00	2.875142e-01	2.875142e-01
1.200000e+01	1.300000e+01	4.098304e+00	2.654291e-01	2.654291e-01
1.300000e+01	1.400000e+01	3.769343e+00	2.531105e-01	2.531105e-01
1.400000e+01	1.600000e+01	3.652836e+00	1.817108e-01	1.817108e-01
1.600000e+01	1.800000e+01	3.138835e+00	1.656187e-01	1.656187e-01
1.800000e+01	2.000000e+01	2.755047e+00	1.641946e-01	1.641946e-01
2.000000e+01	2.200000e+01	2.419233e+00	1.509294e-01	1.509294e-01
2.200000e+01	2.500000e+01	2.179366e+00	1.207954e-01	1.207954e-01
2.500000e+01	2.800000e+01	1.914369e+00	1.142225e-01	1.142225e-01
2.800000e+01	3.200000e+01	1.374097e+00	9.020688e-02	9.020688e-02
3.200000e+01	3.700000e+01	1.271982e+00	7.763368e-02	7.763368e-02
3.700000e+01	4.300000e+01	8.498155e-01	6.437125e-02	6.437125e-02
4.300000e+01	5.200000e+01	5.650207e-01	4.379688e-02	4.379688e-02
5.200000e+01	6.500000e+01	3.795702e-01	2.963488e-02	2.963488e-02
6.500000e+01	8.500000e+01	2.378112e-01	1.780553e-02	1.780553e-02
8.500000e+01	1.200000e+02	7.597429e-02	8.651170e-03	8.651170e-03
1.200000e+02	1.600000e+02	3.084008e-02	4.846051e-03	4.846051e-03
1.600000e+02	1.900000e+02	1.324981e-02	3.626452e-03	3.626452e-03
1.900000e+02	2.200000e+02	1.233603e-02	2.853277e-03	2.853277e-03
2.200000e+02	2.500000e+02	-2.741341e-03	1.938420e-03	1.938420e-03
2.500000e+02	3.000000e+02	1.370670e-03	9.091996e-04	9.091996e-04
3.000000e+02	4.000000e+02	9.594691e-04	5.308583e-04	5.308583e-04
4.000000e+02	1.500000e+03	-4.059299e-12	3.940399e-05	3.940399e-05
# END HISTO1D

