# BEGIN PLOT
LegendOnly=/CMS_2019_I1753680/d31-x01-y01 //eos/home-m/mdessena/CMSSW_eos/CMSSW_11_2_4/src/Final_Results_MCNNTUNES/Tune_PrimordialkT_InverseModel_FxFx_1/Inverse_FxFx.yoda/CMS_2019_I1753680/d31-x01-y01 //eos/home-m/mdessena/CMSSW_eos/CMSSW_11_2_4/src/Final_Results_MCNNTUNES/Tune_PrimordialkT_PerBinModel_FxFx_1/PerBin_FxFx.yoda/CMS_2019_I1753680/d31-x01-y01 //eos/home-m/mdessena/CMSSW_eos/CMSSW_11_2_4/src/Final_Results_MCNNTUNES/Tune_PrimordialkT_CP5_default_FxFx/CP5_default_FxFx.yoda/CMS_2019_I1753680/d31-x01-y01
DrawOnly=/CMS_2019_I1753680/d31-x01-y01 //eos/home-m/mdessena/CMSSW_eos/CMSSW_11_2_4/src/Final_Results_MCNNTUNES/Tune_PrimordialkT_InverseModel_FxFx_1/Inverse_FxFx.yoda/CMS_2019_I1753680/d31-x01-y01 //eos/home-m/mdessena/CMSSW_eos/CMSSW_11_2_4/src/Final_Results_MCNNTUNES/Tune_PrimordialkT_PerBinModel_FxFx_1/PerBin_FxFx.yoda/CMS_2019_I1753680/d31-x01-y01 //eos/home-m/mdessena/CMSSW_eos/CMSSW_11_2_4/src/Final_Results_MCNNTUNES/Tune_PrimordialkT_CP5_default_FxFx/CP5_default_FxFx.yoda/CMS_2019_I1753680/d31-x01-y01
Title=CMS, 13 TeV, $Z \to \ell^+ \ell^-$
RatioPlotReference=/CMS_2019_I1753680/d31-x01-y01
YLabel=$1/\sigma d\sigma/d\phi^{*}_{\eta}$
RatioPlot=1
LogX=1
LogY=0
RatioPlotYMax=1.25
XLabel=$\phi^{*}_{\eta}$
RatioPlotSameStyle=0
XMin=0.001
RatioPlotErrorBandColor=grey!40!yellow!60
Legend=1
RatioPlotYMin=0.75
# END PLOT

# BEGIN HISTO1D /CMS_2019_I1753680/d31-x01-y01
ConnectBins=0
ErrorBars=1
IsRef=1
Path=/CMS_2019_I1753680/d31-x01-y01
PolyMarker=*
Title=Data
# xlow	 xhigh	 val	 errminus	 errplus
1.000000e-03	2.000000e-03	6.756700e-02	5.914700e-04	5.914700e-04
2.000000e-03	3.000000e-03	6.682400e-02	6.144600e-04	6.144600e-04
3.000000e-03	4.000000e-03	6.627700e-02	6.577000e-04	6.577000e-04
4.000000e-03	5.000000e-03	6.591900e-02	6.809400e-04	6.809400e-04
5.000000e-03	6.000000e-03	6.571300e-02	6.908100e-04	6.908100e-04
6.000000e-03	7.000000e-03	6.557900e-02	6.988300e-04	6.988300e-04
7.000000e-03	8.000000e-03	6.537900e-02	6.982400e-04	6.982400e-04
8.000000e-03	9.000000e-03	6.508500e-02	6.888600e-04	6.888600e-04
9.000000e-03	1.000000e-02	6.474200e-02	6.881500e-04	6.881500e-04
1.000000e-02	2.000000e-02	6.280100e-02	6.591500e-04	6.591500e-04
2.000000e-02	3.000000e-02	5.726800e-02	5.961700e-04	5.961700e-04
3.000000e-02	4.000000e-02	5.119500e-02	5.321000e-04	5.321000e-04
4.000000e-02	5.000000e-02	4.535900e-02	4.672200e-04	4.672200e-04
5.000000e-02	6.000000e-02	3.998400e-02	4.098800e-04	4.098800e-04
6.000000e-02	7.000000e-02	3.525700e-02	3.621300e-04	3.621300e-04
7.000000e-02	8.000000e-02	3.115300e-02	3.202700e-04	3.202700e-04
8.000000e-02	9.000000e-02	2.778500e-02	2.801100e-04	2.801100e-04
9.000000e-02	1.000000e-01	2.480800e-02	2.500100e-04	2.500100e-04
1.000000e-01	2.000000e-01	1.492000e-02	1.454900e-04	1.454900e-04
2.000000e-01	3.000000e-01	6.630800e-03	6.188100e-05	6.188100e-05
3.000000e-01	4.000000e-01	3.548700e-03	3.168000e-05	3.168000e-05
4.000000e-01	5.000000e-01	2.146100e-03	1.900800e-05	1.900800e-05
5.000000e-01	6.000000e-01	1.403800e-03	1.235200e-05	1.235200e-05
6.000000e-01	7.000000e-01	9.578500e-04	8.733100e-06	8.733100e-06
7.000000e-01	8.000000e-01	6.934500e-04	6.471800e-06	6.471800e-06
8.000000e-01	9.000000e-01	5.111100e-04	4.815200e-06	4.815200e-06
9.000000e-01	1.000000e+00	3.885400e-04	3.824200e-06	3.824200e-06
1.000000e+00	3.000000e+00	8.772200e-05	8.760900e-07	8.760900e-07
3.000000e+00	5.000000e+00	1.029700e-05	1.149700e-07	1.149700e-07
5.000000e+00	7.000000e+00	3.810300e-06	4.743900e-08	4.743900e-08
7.000000e+00	1.000000e+01	1.819300e-06	2.395900e-08	2.395900e-08
1.000000e+01	2.000000e+01	6.176000e-07	7.890000e-09	7.890000e-09
2.000000e+01	3.000000e+01	2.036000e-07	3.571800e-09	3.571800e-09
3.000000e+01	5.000000e+01	1.994600e-07	2.845800e-09	2.845800e-09
# END HISTO1D


# BEGIN HISTO1D //eos/home-m/mdessena/CMSSW_eos/CMSSW_11_2_4/src/Final_Results_MCNNTUNES/Tune_PrimordialkT_InverseModel_FxFx_1/Inverse_FxFx.yoda/CMS_2019_I1753680/d31-x01-y01
ErrorBars=1
LineColor=red
LineStyle=solid
Path=//eos/home-m/mdessena/CMSSW_eos/CMSSW_11_2_4/src/Final_Results_MCNNTUNES/Tune_PrimordialkT_InverseModel_FxFx_1/Inverse_FxFx.yoda/CMS_2019_I1753680/d31-x01-y01
ScaledBy=9.86744480999828933e-12
Title=Inverse_FxFx
# xlow	 xhigh	 val	 errminus	 errplus
1.000000e-03	2.000000e-03	6.590071e-02	3.433724e-03	3.433724e-03
2.000000e-03	3.000000e-03	7.080361e-02	3.523393e-03	3.523393e-03
3.000000e-03	4.000000e-03	5.984419e-02	3.259750e-03	3.259750e-03
4.000000e-03	5.000000e-03	6.532390e-02	3.445815e-03	3.445815e-03
5.000000e-03	6.000000e-03	6.590071e-02	3.415509e-03	3.415509e-03
6.000000e-03	7.000000e-03	7.253404e-02	3.535176e-03	3.535176e-03
7.000000e-03	8.000000e-03	6.864056e-02	3.369537e-03	3.369537e-03
8.000000e-03	9.000000e-03	6.215143e-02	3.329182e-03	3.329182e-03
9.000000e-03	1.000000e-02	5.897897e-02	3.341651e-03	3.341651e-03
1.000000e-02	2.000000e-02	6.481919e-02	1.074190e-03	1.074190e-03
2.000000e-02	3.000000e-02	5.942600e-02	1.034147e-03	1.034147e-03
3.000000e-02	4.000000e-02	5.357137e-02	9.787753e-04	9.787753e-04
4.000000e-02	5.000000e-02	4.532296e-02	9.175881e-04	9.175881e-04
5.000000e-02	6.000000e-02	4.030470e-02	8.648566e-04	8.648566e-04
6.000000e-02	7.000000e-02	3.544507e-02	8.101070e-04	8.101070e-04
7.000000e-02	8.000000e-02	3.025376e-02	7.495775e-04	7.495775e-04
8.000000e-02	9.000000e-02	2.715340e-02	7.139134e-04	7.139134e-04
9.000000e-02	1.000000e-01	2.258217e-02	6.655239e-04	6.655239e-04
1.000000e-01	2.000000e-01	1.437847e-02	1.693816e-04	1.693816e-04
2.000000e-01	3.000000e-01	6.601607e-03	1.239809e-04	1.239809e-04
3.000000e-01	4.000000e-01	3.707456e-03	9.966703e-05	9.966703e-05
4.000000e-01	5.000000e-01	2.287058e-03	8.306386e-05	8.306386e-05
5.000000e-01	6.000000e-01	1.390116e-03	6.698840e-05	6.698840e-05
6.000000e-01	7.000000e-01	9.387607e-04	5.560699e-05	5.560699e-05
7.000000e-01	8.000000e-01	6.907318e-04	4.883774e-05	4.883774e-05
8.000000e-01	9.000000e-01	5.263405e-04	4.201726e-05	4.201726e-05
9.000000e-01	1.000000e+00	4.138622e-04	3.679293e-05	3.679293e-05
1.000000e+00	3.000000e+00	8.983840e-05	3.946524e-06	3.946524e-06
3.000000e+00	5.000000e+00	1.045471e-05	1.362317e-06	1.362317e-06
5.000000e+00	7.000000e+00	5.119200e-06	8.315143e-07	8.315143e-07
7.000000e+00	1.000000e+01	2.355314e-06	4.734111e-07	4.734111e-07
1.000000e+01	2.000000e+01	6.489129e-07	1.519272e-07	1.519272e-07
2.000000e+01	3.000000e+01	4.037680e-07	9.345414e-08	9.345414e-08
3.000000e+01	5.000000e+01	2.884058e-08	4.444631e-08	4.444631e-08
# END HISTO1D


# BEGIN HISTO1D //eos/home-m/mdessena/CMSSW_eos/CMSSW_11_2_4/src/Final_Results_MCNNTUNES/Tune_PrimordialkT_PerBinModel_FxFx_1/PerBin_FxFx.yoda/CMS_2019_I1753680/d31-x01-y01
ErrorBars=1
LineColor=blue
LineStyle=solid
Path=//eos/home-m/mdessena/CMSSW_eos/CMSSW_11_2_4/src/Final_Results_MCNNTUNES/Tune_PrimordialkT_PerBinModel_FxFx_1/PerBin_FxFx.yoda/CMS_2019_I1753680/d31-x01-y01
ScaledBy=9.90307804592742384e-12
Title=PerBin_FxFx
# xlow	 xhigh	 val	 errminus	 errplus
1.000000e-03	2.000000e-03	6.642814e-02	3.458258e-03	3.458258e-03
2.000000e-03	3.000000e-03	6.715176e-02	3.387893e-03	3.387893e-03
3.000000e-03	4.000000e-03	6.367839e-02	3.400235e-03	3.400235e-03
4.000000e-03	5.000000e-03	7.004623e-02	3.527221e-03	3.527221e-03
5.000000e-03	6.000000e-03	6.454673e-02	3.412533e-03	3.412533e-03
6.000000e-03	7.000000e-03	6.440201e-02	3.433947e-03	3.433947e-03
7.000000e-03	8.000000e-03	6.802010e-02	3.418665e-03	3.418665e-03
8.000000e-03	9.000000e-03	6.252060e-02	3.394070e-03	3.394070e-03
9.000000e-03	1.000000e-02	6.208643e-02	3.303379e-03	3.303379e-03
1.000000e-02	2.000000e-02	6.189829e-02	1.054299e-03	1.054299e-03
2.000000e-02	3.000000e-02	5.932221e-02	1.028556e-03	1.028556e-03
3.000000e-02	4.000000e-02	5.367799e-02	9.865651e-04	9.865651e-04
4.000000e-02	5.000000e-02	4.596422e-02	9.216974e-04	9.216974e-04
5.000000e-02	6.000000e-02	4.220141e-02	8.781754e-04	8.781754e-04
6.000000e-02	7.000000e-02	3.486392e-02	8.141909e-04	8.141909e-04
7.000000e-02	8.000000e-02	3.052221e-02	7.599024e-04	7.599024e-04
8.000000e-02	9.000000e-02	2.738171e-02	7.201363e-04	7.201363e-04
9.000000e-02	1.000000e-01	2.399518e-02	6.775786e-04	6.775786e-04
1.000000e-01	2.000000e-01	1.427988e-02	1.694997e-04	1.694997e-04
2.000000e-01	3.000000e-01	6.874371e-03	1.244791e-04	1.244791e-04
3.000000e-01	4.000000e-01	3.723739e-03	1.011720e-04	1.011720e-04
4.000000e-01	5.000000e-01	2.322814e-03	8.147052e-05	8.147052e-05
5.000000e-01	6.000000e-01	1.328563e-03	6.766506e-05	6.766506e-05
6.000000e-01	7.000000e-01	1.023196e-03	5.714293e-05	5.714293e-05
7.000000e-01	8.000000e-01	6.961206e-04	4.823879e-05	4.823879e-05
8.000000e-01	9.000000e-01	5.745527e-04	4.387299e-05	4.387299e-05
9.000000e-01	1.000000e+00	3.632563e-04	3.675524e-05	3.675524e-05
1.000000e+00	3.000000e+00	8.828140e-05	3.916907e-06	3.916907e-06
3.000000e+00	5.000000e+00	1.165025e-05	1.386253e-06	1.386253e-06
5.000000e+00	7.000000e+00	2.822111e-06	8.154761e-07	8.154761e-07
7.000000e+00	1.000000e+01	2.315578e-06	4.726654e-07	4.726654e-07
1.000000e+01	2.000000e+01	7.091457e-07	1.578748e-07	1.578748e-07
2.000000e+01	3.000000e+01	2.315578e-07	9.379162e-08	9.379162e-08
3.000000e+01	5.000000e+01	3.292038e-15	3.829027e-08	3.829027e-08
# END HISTO1D


# BEGIN HISTO1D //eos/home-m/mdessena/CMSSW_eos/CMSSW_11_2_4/src/Final_Results_MCNNTUNES/Tune_PrimordialkT_CP5_default_FxFx/CP5_default_FxFx.yoda/CMS_2019_I1753680/d31-x01-y01
ErrorBars=1
LineColor=green
LineStyle=solid
Path=//eos/home-m/mdessena/CMSSW_eos/CMSSW_11_2_4/src/Final_Results_MCNNTUNES/Tune_PrimordialkT_CP5_default_FxFx/CP5_default_FxFx.yoda/CMS_2019_I1753680/d31-x01-y01
ScaledBy=9.15430073881469403e-12
Title=CP5_default_FxFx
# xlow	 xhigh	 val	 errminus	 errplus
1.000000e-03	2.000000e-03	6.689049e-02	3.357876e-03	3.357876e-03
2.000000e-03	3.000000e-03	7.478357e-02	3.449890e-03	3.449890e-03
3.000000e-03	4.000000e-03	6.729183e-02	3.296011e-03	3.296011e-03
4.000000e-03	5.000000e-03	6.555268e-02	3.309559e-03	3.309559e-03
5.000000e-03	6.000000e-03	6.461621e-02	3.290577e-03	3.290577e-03
6.000000e-03	7.000000e-03	7.036880e-02	3.363202e-03	3.363202e-03
7.000000e-03	8.000000e-03	7.518491e-02	3.457663e-03	3.457663e-03
8.000000e-03	9.000000e-03	6.822830e-02	3.400249e-03	3.400249e-03
9.000000e-03	1.000000e-02	7.023502e-02	3.439499e-03	3.439499e-03
1.000000e-02	2.000000e-02	6.371988e-02	1.026458e-03	1.026458e-03
2.000000e-02	3.000000e-02	5.692381e-02	9.721929e-04	9.721929e-04
3.000000e-02	4.000000e-02	4.919127e-02	9.141265e-04	9.141265e-04
4.000000e-02	5.000000e-02	4.298383e-02	8.434570e-04	8.434570e-04
5.000000e-02	6.000000e-02	3.650883e-02	7.917981e-04	7.917981e-04
6.000000e-02	7.000000e-02	2.936492e-02	7.178194e-04	7.178194e-04
7.000000e-02	8.000000e-02	2.627458e-02	6.876394e-04	6.876394e-04
8.000000e-02	9.000000e-02	2.322438e-02	6.387954e-04	6.387954e-04
9.000000e-02	1.000000e-01	2.010728e-02	6.017170e-04	6.017170e-04
1.000000e-01	2.000000e-01	1.282960e-02	1.544113e-04	1.544113e-04
2.000000e-01	3.000000e-01	6.318476e-03	1.155561e-04	1.155561e-04
3.000000e-01	4.000000e-01	3.486332e-03	9.253157e-05	9.253157e-05
4.000000e-01	5.000000e-01	2.040160e-03	7.644268e-05	7.644268e-05
5.000000e-01	6.000000e-01	1.375269e-03	6.269177e-05	6.269177e-05
6.000000e-01	7.000000e-01	9.712499e-04	5.236291e-05	5.236291e-05
7.000000e-01	8.000000e-01	6.301084e-04	4.514984e-05	4.514984e-05
8.000000e-01	9.000000e-01	4.428150e-04	3.856514e-05	3.856514e-05
9.000000e-01	1.000000e+00	3.545196e-04	3.418621e-05	3.418621e-05
1.000000e+00	3.000000e+00	8.327865e-05	3.660688e-06	3.660688e-06
3.000000e+00	5.000000e+00	1.097004e-05	1.269158e-06	1.269158e-06
5.000000e+00	7.000000e+00	4.615443e-06	7.597299e-07	7.597299e-07
7.000000e+00	1.000000e+01	1.560778e-06	4.253964e-07	4.253964e-07
1.000000e+01	2.000000e+01	2.943182e-07	1.364303e-07	1.364303e-07
2.000000e+01	3.000000e+01	1.070248e-07	7.079024e-08	7.079024e-08
3.000000e+01	5.000000e+01	7.357955e-08	3.957295e-08	3.957295e-08
# END HISTO1D

