# BEGIN PLOT
LegendOnly=/CMS_2019_I1753680/d33-x01-y04 //eos/home-m/mdessena/CMSSW_eos/CMSSW_11_2_4/src/Final_Results_MCNNTUNES/Tune_PrimordialkT_InverseModel_FxFx_1/Inverse_FxFx.yoda/CMS_2019_I1753680/d33-x01-y04 //eos/home-m/mdessena/CMSSW_eos/CMSSW_11_2_4/src/Final_Results_MCNNTUNES/Tune_PrimordialkT_PerBinModel_FxFx_1/PerBin_FxFx.yoda/CMS_2019_I1753680/d33-x01-y04 //eos/home-m/mdessena/CMSSW_eos/CMSSW_11_2_4/src/Final_Results_MCNNTUNES/Tune_PrimordialkT_CP5_default_FxFx/CP5_default_FxFx.yoda/CMS_2019_I1753680/d33-x01-y04
DrawOnly=/CMS_2019_I1753680/d33-x01-y04 //eos/home-m/mdessena/CMSSW_eos/CMSSW_11_2_4/src/Final_Results_MCNNTUNES/Tune_PrimordialkT_InverseModel_FxFx_1/Inverse_FxFx.yoda/CMS_2019_I1753680/d33-x01-y04 //eos/home-m/mdessena/CMSSW_eos/CMSSW_11_2_4/src/Final_Results_MCNNTUNES/Tune_PrimordialkT_PerBinModel_FxFx_1/PerBin_FxFx.yoda/CMS_2019_I1753680/d33-x01-y04 //eos/home-m/mdessena/CMSSW_eos/CMSSW_11_2_4/src/Final_Results_MCNNTUNES/Tune_PrimordialkT_CP5_default_FxFx/CP5_default_FxFx.yoda/CMS_2019_I1753680/d33-x01-y04
Title=CMS, 13 TeV, $Z \to \ell^+ \ell^-$, $1.2 < |y^{Z}| < 1.6$
RatioPlotReference=/CMS_2019_I1753680/d33-x01-y04
YLabel=$1/\sigma d\sigma/dp_{T}^{Z}$ [1/GeV]
RatioPlot=1
LogX=1
LogY=0
RatioPlotYMax=1.25
XLabel=$p_{T}^{Z}$ [GeV]
RatioPlotSameStyle=0
XMin=0.1
RatioPlotErrorBandColor=grey!40!yellow!60
Legend=1
RatioPlotYMin=0.75
# END PLOT

# BEGIN HISTO1D /CMS_2019_I1753680/d33-x01-y04
ConnectBins=0
ErrorBars=1
IsRef=1
Path=/CMS_2019_I1753680/d33-x01-y04
PolyMarker=*
Title=Data
# xlow	 xhigh	 val	 errminus	 errplus
0.000000e+00	1.000000e+00	2.057100e-02	1.497400e-03	1.497400e-03
1.000000e+00	2.000000e+00	4.671500e-02	2.334300e-03	2.334300e-03
2.000000e+00	3.000000e+00	6.635800e-02	2.356700e-03	2.356700e-03
3.000000e+00	4.000000e+00	7.598700e-02	2.107200e-03	2.107200e-03
4.000000e+00	5.000000e+00	7.786500e-02	1.918600e-03	1.918600e-03
5.000000e+00	6.000000e+00	7.526800e-02	1.787200e-03	1.787200e-03
6.000000e+00	7.000000e+00	7.095300e-02	1.672800e-03	1.672800e-03
7.000000e+00	8.000000e+00	6.634000e-02	1.541600e-03	1.541600e-03
8.000000e+00	9.000000e+00	6.138200e-02	1.385000e-03	1.385000e-03
9.000000e+00	1.000000e+01	5.662000e-02	1.250700e-03	1.250700e-03
1.000000e+01	1.100000e+01	5.206500e-02	1.136800e-03	1.136800e-03
1.100000e+01	1.200000e+01	4.814400e-02	1.046800e-03	1.046800e-03
1.200000e+01	1.300000e+01	4.451200e-02	9.471000e-04	9.471000e-04
1.300000e+01	1.400000e+01	4.115500e-02	8.278300e-04	8.278300e-04
1.400000e+01	1.600000e+01	3.652400e-02	6.929700e-04	6.929700e-04
1.600000e+01	1.800000e+01	3.098900e-02	5.610200e-04	5.610200e-04
1.800000e+01	2.000000e+01	2.724900e-02	4.682500e-04	4.682500e-04
2.000000e+01	2.200000e+01	2.345100e-02	3.786500e-04	3.786500e-04
2.200000e+01	2.500000e+01	1.973000e-02	3.014900e-04	3.014900e-04
2.500000e+01	2.800000e+01	1.610800e-02	2.349200e-04	2.349200e-04
2.800000e+01	3.200000e+01	1.305700e-02	1.842800e-04	1.842800e-04
3.200000e+01	3.700000e+01	1.027700e-02	1.327800e-04	1.327800e-04
3.700000e+01	4.300000e+01	7.557400e-03	8.404800e-05	8.404800e-05
4.300000e+01	5.200000e+01	5.248000e-03	5.637900e-05	5.637900e-05
5.200000e+01	6.500000e+01	3.077500e-03	3.393600e-05	3.393600e-05
6.500000e+01	8.500000e+01	1.596400e-03	1.820400e-05	1.820400e-05
8.500000e+01	1.200000e+02	7.040900e-04	8.997500e-06	8.997500e-06
1.200000e+02	1.600000e+02	2.629900e-04	4.136700e-06	4.136700e-06
1.600000e+02	1.900000e+02	1.124200e-04	2.238100e-06	2.238100e-06
1.900000e+02	2.200000e+02	6.322200e-05	1.569500e-06	1.569500e-06
2.200000e+02	2.500000e+02	3.461400e-05	1.040500e-06	1.040500e-06
2.500000e+02	3.000000e+02	1.731200e-05	5.912500e-07	5.912500e-07
3.000000e+02	4.000000e+02	5.933900e-06	2.269900e-07	2.269900e-07
4.000000e+02	1.500000e+03	2.088800e-07	9.239600e-09	9.239600e-09
# END HISTO1D


# BEGIN HISTO1D //eos/home-m/mdessena/CMSSW_eos/CMSSW_11_2_4/src/Final_Results_MCNNTUNES/Tune_PrimordialkT_InverseModel_FxFx_1/Inverse_FxFx.yoda/CMS_2019_I1753680/d33-x01-y04
ErrorBars=1
LineColor=red
LineStyle=solid
Path=//eos/home-m/mdessena/CMSSW_eos/CMSSW_11_2_4/src/Final_Results_MCNNTUNES/Tune_PrimordialkT_InverseModel_FxFx_1/Inverse_FxFx.yoda/CMS_2019_I1753680/d33-x01-y04
ScaledBy=9.81578776785723233e-09
Title=Inverse_FxFx
# xlow	 xhigh	 val	 errminus	 errplus
0.000000e+00	1.000000e+00	1.707030e-02	1.679015e-03	1.679015e-03
1.000000e+00	2.000000e+00	4.561645e-02	2.759276e-03	2.759276e-03
2.000000e+00	3.000000e+00	7.688810e-02	3.640301e-03	3.640301e-03
3.000000e+00	4.000000e+00	8.205223e-02	3.816902e-03	3.816902e-03
4.000000e+00	5.000000e+00	8.205223e-02	3.746162e-03	3.746162e-03
5.000000e+00	6.000000e+00	8.090464e-02	3.696396e-03	3.696396e-03
6.000000e+00	7.000000e+00	7.459293e-02	3.640301e-03	3.640301e-03
7.000000e+00	8.000000e+00	6.871157e-02	3.504948e-03	3.504948e-03
8.000000e+00	9.000000e+00	6.211296e-02	3.336515e-03	3.336515e-03
9.000000e+00	1.000000e+01	5.565780e-02	3.162369e-03	3.162369e-03
1.000000e+01	1.100000e+01	4.963299e-02	3.049745e-03	3.049745e-03
1.100000e+01	1.200000e+01	4.260404e-02	2.785255e-03	2.785255e-03
1.200000e+01	1.300000e+01	4.088267e-02	2.710369e-03	2.710369e-03
1.300000e+01	1.400000e+01	3.643578e-02	2.645050e-03	2.645050e-03
1.400000e+01	1.600000e+01	3.163027e-02	1.749536e-03	1.749536e-03
1.600000e+01	1.800000e+01	2.890476e-02	1.649651e-03	1.649651e-03
1.800000e+01	2.000000e+01	2.517512e-02	1.579557e-03	1.579557e-03
2.000000e+01	2.200000e+01	2.374063e-02	1.526559e-03	1.526559e-03
2.200000e+01	2.500000e+01	1.778755e-02	1.133551e-03	1.133551e-03
2.500000e+01	2.800000e+01	1.558801e-02	1.113199e-03	1.113199e-03
2.800000e+01	3.200000e+01	1.316135e-02	8.936760e-04	8.936760e-04
3.200000e+01	3.700000e+01	1.070122e-02	7.585128e-04	7.585128e-04
3.700000e+01	4.300000e+01	7.339753e-03	5.986554e-04	5.986554e-04
4.300000e+01	5.200000e+01	4.494702e-03	4.180671e-04	4.180671e-04
5.200000e+01	6.500000e+01	3.078614e-03	2.709628e-04	2.709628e-04
6.500000e+01	8.500000e+01	1.950892e-03	1.718384e-04	1.718384e-04
8.500000e+01	1.200000e+02	7.254369e-04	8.645822e-05	8.645822e-05
1.200000e+02	1.600000e+02	2.295167e-04	4.969183e-05	4.969183e-05
1.600000e+02	1.900000e+02	1.721375e-04	3.765035e-05	3.765035e-05
1.900000e+02	2.200000e+02	9.563200e-06	2.342495e-05	2.342495e-05
2.200000e+02	2.500000e+02	6.694237e-05	2.242768e-05	2.242768e-05
2.500000e+02	3.000000e+02	3.155854e-05	1.111143e-05	1.111143e-05
3.000000e+02	4.000000e+02	-2.868959e-06	5.367331e-06	5.367331e-06
4.000000e+02	1.500000e+03	1.304072e-07	1.304072e-07	1.304072e-07
# END HISTO1D


# BEGIN HISTO1D //eos/home-m/mdessena/CMSSW_eos/CMSSW_11_2_4/src/Final_Results_MCNNTUNES/Tune_PrimordialkT_PerBinModel_FxFx_1/PerBin_FxFx.yoda/CMS_2019_I1753680/d33-x01-y04
ErrorBars=1
LineColor=blue
LineStyle=solid
Path=//eos/home-m/mdessena/CMSSW_eos/CMSSW_11_2_4/src/Final_Results_MCNNTUNES/Tune_PrimordialkT_PerBinModel_FxFx_1/PerBin_FxFx.yoda/CMS_2019_I1753680/d33-x01-y04
ScaledBy=9.74923120971453921e-09
Title=PerBin_FxFx
# xlow	 xhigh	 val	 errminus	 errplus
0.000000e+00	1.000000e+00	1.809436e-02	1.727421e-03	1.727421e-03
1.000000e+00	2.000000e+00	4.089041e-02	2.669274e-03	2.669274e-03
2.000000e+00	3.000000e+00	6.482626e-02	3.326119e-03	3.326119e-03
3.000000e+00	4.000000e+00	8.733736e-02	3.793697e-03	3.793697e-03
4.000000e+00	5.000000e+00	8.548518e-02	3.844193e-03	3.844193e-03
5.000000e+00	6.000000e+00	7.950121e-02	3.753352e-03	3.753352e-03
6.000000e+00	7.000000e+00	7.579686e-02	3.621228e-03	3.621228e-03
7.000000e+00	8.000000e+00	6.667844e-02	3.431259e-03	3.431259e-03
8.000000e+00	9.000000e+00	6.824566e-02	3.527523e-03	3.527523e-03
9.000000e+00	1.000000e+01	5.157606e-02	3.075619e-03	3.075619e-03
1.000000e+01	1.100000e+01	4.986635e-02	3.035760e-03	3.035760e-03
1.100000e+01	1.200000e+01	4.473724e-02	2.919875e-03	2.919875e-03
1.200000e+01	1.300000e+01	3.975061e-02	2.714519e-03	2.714519e-03
1.300000e+01	1.400000e+01	3.804090e-02	2.584268e-03	2.584268e-03
1.400000e+01	1.600000e+01	3.405159e-02	1.793718e-03	1.793718e-03
1.600000e+01	1.800000e+01	3.091714e-02	1.658476e-03	1.658476e-03
1.800000e+01	2.000000e+01	2.493317e-02	1.541106e-03	1.541106e-03
2.000000e+01	2.200000e+01	2.343718e-02	1.509499e-03	1.509499e-03
2.200000e+01	2.500000e+01	1.909169e-02	1.151614e-03	1.151614e-03
2.500000e+01	2.800000e+01	1.614720e-02	1.089209e-03	1.089209e-03
2.800000e+01	3.200000e+01	1.275154e-02	8.940253e-04	8.940253e-04
3.200000e+01	3.700000e+01	9.517350e-03	7.242455e-04	7.242455e-04
3.700000e+01	4.300000e+01	7.883633e-03	6.228487e-04	6.228487e-04
4.300000e+01	5.200000e+01	4.717516e-03	4.134179e-04	4.134179e-04
5.200000e+01	6.500000e+01	2.882385e-03	2.722317e-04	2.722317e-04
6.500000e+01	8.500000e+01	1.688333e-03	1.693299e-04	1.693299e-04
8.500000e+01	1.200000e+02	5.943254e-04	8.302678e-05	8.302678e-05
1.200000e+02	1.600000e+02	2.457699e-04	4.630447e-05	4.630447e-05
1.600000e+02	1.900000e+02	1.757195e-04	4.112908e-05	4.112908e-05
1.900000e+02	2.200000e+02	4.749177e-05	2.421614e-05	2.421614e-05
2.200000e+02	2.500000e+02	5.699010e-05	2.123896e-05	2.123896e-05
2.500000e+02	3.000000e+02	2.849506e-05	1.336537e-05	1.336537e-05
3.000000e+02	4.000000e+02	5.699012e-06	4.029810e-06	4.029810e-06
4.000000e+02	1.500000e+03	-1.295230e-07	2.243404e-07	2.243404e-07
# END HISTO1D


# BEGIN HISTO1D //eos/home-m/mdessena/CMSSW_eos/CMSSW_11_2_4/src/Final_Results_MCNNTUNES/Tune_PrimordialkT_CP5_default_FxFx/CP5_default_FxFx.yoda/CMS_2019_I1753680/d33-x01-y04
ErrorBars=1
LineColor=green
LineStyle=solid
Path=//eos/home-m/mdessena/CMSSW_eos/CMSSW_11_2_4/src/Final_Results_MCNNTUNES/Tune_PrimordialkT_CP5_default_FxFx/CP5_default_FxFx.yoda/CMS_2019_I1753680/d33-x01-y04
ScaledBy=9.76950935316282837e-09
Title=CP5_default_FxFx
# xlow	 xhigh	 val	 errminus	 errplus
0.000000e+00	1.000000e+00	2.684107e-02	2.049159e-03	2.049159e-03
1.000000e+00	2.000000e+00	6.453278e-02	3.317713e-03	3.317713e-03
2.000000e+00	3.000000e+00	8.237923e-02	3.703817e-03	3.703817e-03
3.000000e+00	4.000000e+00	8.651961e-02	3.925571e-03	3.925571e-03
4.000000e+00	5.000000e+00	8.023766e-02	3.701063e-03	3.701063e-03
5.000000e+00	6.000000e+00	7.666837e-02	3.659525e-03	3.659525e-03
6.000000e+00	7.000000e+00	6.853039e-02	3.566434e-03	3.566434e-03
7.000000e+00	8.000000e+00	5.882192e-02	3.255695e-03	3.255695e-03
8.000000e+00	9.000000e+00	5.039839e-02	3.085321e-03	3.085321e-03
9.000000e+00	1.000000e+01	4.882790e-02	2.967453e-03	2.967453e-03
1.000000e+01	1.100000e+01	4.497307e-02	2.866121e-03	2.866121e-03
1.100000e+01	1.200000e+01	4.582969e-02	2.887378e-03	2.887378e-03
1.200000e+01	1.300000e+01	4.154655e-02	2.742554e-03	2.742554e-03
1.300000e+01	1.400000e+01	3.797726e-02	2.693810e-03	2.693810e-03
1.400000e+01	1.600000e+01	3.490766e-02	1.761654e-03	1.761654e-03
1.600000e+01	1.800000e+01	2.662691e-02	1.601017e-03	1.601017e-03
1.800000e+01	2.000000e+01	2.291485e-02	1.526055e-03	1.526055e-03
2.000000e+01	2.200000e+01	2.241515e-02	1.487157e-03	1.487157e-03
2.200000e+01	2.500000e+01	1.951212e-02	1.181166e-03	1.181166e-03
2.500000e+01	2.800000e+01	1.713260e-02	1.085232e-03	1.085232e-03
2.800000e+01	3.200000e+01	1.409870e-02	8.894626e-04	8.894626e-04
3.200000e+01	3.700000e+01	1.042233e-02	7.560159e-04	7.560159e-04
3.700000e+01	4.300000e+01	6.972015e-03	6.015076e-04	6.015076e-04
4.300000e+01	5.200000e+01	5.298414e-03	4.179066e-04	4.179066e-04
5.200000e+01	6.500000e+01	3.053117e-03	2.752190e-04	2.752190e-04
6.500000e+01	8.500000e+01	1.356330e-03	1.637212e-04	1.637212e-04
8.500000e+01	1.200000e+02	7.260957e-04	8.419353e-05	8.419353e-05
1.200000e+02	1.600000e+02	2.177267e-04	4.694669e-05	4.694669e-05
1.600000e+02	1.900000e+02	1.142173e-04	3.807243e-05	3.807243e-05
1.900000e+02	2.200000e+02	6.186770e-05	2.562829e-05	2.562829e-05
2.200000e+02	2.500000e+02	4.759053e-05	1.903622e-05	1.903622e-05
2.500000e+02	3.000000e+02	3.712062e-05	1.308524e-05	1.308524e-05
3.000000e+02	4.000000e+02	1.427717e-06	4.283150e-06	4.283150e-06
4.000000e+02	1.500000e+03	-1.297925e-07	2.248070e-07	2.248070e-07
# END HISTO1D

