# BEGIN PLOT
YMin=0.15
DrawOnly=/CMS_2018_I1680318/d01-x04-y01 //eos/home-m/mdessena/CMSSW_eos/CMSSW_11_2_4/src/UE_with_without_MPI/with_MPI.yoda/CMS_2018_I1680318/d01-x04-y01 //eos/home-m/mdessena/CMSSW_eos/CMSSW_11_2_4/src/UE_with_without_MPI/without_MPI.yoda/CMS_2018_I1680318/d01-x04-y01
YMax=1.8
Title=CMS, 13 TeV, $pp$ Single Diffractive enhanced (One-Side)
RatioPlotReference=/CMS_2018_I1680318/d01-x04-y01
YLabel=$(1/N^{tot}_{events})dN_{ch}/d\eta$ 
RatioPlot=1
LogX=0
LogY=0
RatioPlotYMax=1.4
LegendOnly=/CMS_2018_I1680318/d01-x04-y01 //eos/home-m/mdessena/CMSSW_eos/CMSSW_11_2_4/src/UE_with_without_MPI/with_MPI.yoda/CMS_2018_I1680318/d01-x04-y01 //eos/home-m/mdessena/CMSSW_eos/CMSSW_11_2_4/src/UE_with_without_MPI/without_MPI.yoda/CMS_2018_I1680318/d01-x04-y01
XLabel=$\eta$ 
RatioPlotSameStyle=0
RatioPlotErrorBandColor=grey!40!yellow!60
Legend=1
RatioPlotYMin=0.6
# END PLOT

# BEGIN HISTO1D /CMS_2018_I1680318/d01-x04-y01
ConnectBins=0
ErrorBars=1
Path=/CMS_2018_I1680318/d01-x04-y01
PolyMarker=*
Title=Data
# xlow	 xhigh	 val	 errminus	 errplus
-2.400000e+00	-2.200000e+00	1.185300e+00	7.975588e-02	8.422618e-02
-2.200000e+00	-2.000000e+00	1.166800e+00	8.018435e-02	8.615062e-02
-2.000000e+00	-1.800000e+00	1.129700e+00	7.904758e-02	8.710597e-02
-1.800000e+00	-1.600000e+00	1.068700e+00	7.584458e-02	8.639005e-02
-1.600000e+00	-1.400000e+00	1.050100e+00	7.544693e-02	8.887908e-02
-1.400000e+00	-1.200000e+00	1.003800e+00	7.301781e-02	8.854423e-02
-1.200000e+00	-1.000000e+00	9.534000e-01	7.066774e-02	8.709811e-02
-1.000000e+00	-8.000000e-01	8.768000e-01	6.656906e-02	8.239788e-02
-8.000000e-01	-6.000000e-01	8.153000e-01	6.336592e-02	7.849510e-02
-6.000000e-01	-4.000000e-01	7.748000e-01	6.155485e-02	7.598717e-02
-4.000000e-01	-2.000000e-01	7.370000e-01	5.964436e-02	7.328001e-02
-2.000000e-01	0.000000e+00	6.851000e-01	5.641994e-02	6.866265e-02
0.000000e+00	2.000000e-01	6.566000e-01	5.511669e-02	6.606398e-02
2.000000e-01	4.000000e-01	6.186000e-01	5.290794e-02	6.226146e-02
4.000000e-01	6.000000e-01	5.885000e-01	5.128509e-02	5.914702e-02
6.000000e-01	8.000000e-01	5.484000e-01	4.866796e-02	5.483767e-02
8.000000e-01	1.000000e+00	5.156000e-01	4.644868e-02	5.112583e-02
1.000000e+00	1.200000e+00	4.852000e-01	4.421945e-02	4.740464e-02
1.200000e+00	1.400000e+00	4.648000e-01	4.283702e-02	4.452797e-02
1.400000e+00	1.600000e+00	4.188000e-01	3.932493e-02	3.912608e-02
1.600000e+00	1.800000e+00	3.789000e-01	3.709515e-02	3.470864e-02
1.800000e+00	2.000000e+00	3.408000e-01	3.587116e-02	3.129633e-02
2.000000e+00	2.200000e+00	3.020000e-01	3.524557e-02	2.867909e-02
2.200000e+00	2.400000e+00	2.535000e-01	3.313608e-02	2.567586e-02
# END HISTO1D


# BEGIN HISTO1D //eos/home-m/mdessena/CMSSW_eos/CMSSW_11_2_4/src/UE_with_without_MPI/with_MPI.yoda/CMS_2018_I1680318/d01-x04-y01
ErrorBars=1
LineColor=red
LineStyle=solid
Path=//eos/home-m/mdessena/CMSSW_eos/CMSSW_11_2_4/src/UE_with_without_MPI/with_MPI.yoda/CMS_2018_I1680318/d01-x04-y01
ScaledBy=3.45063181068453648e-06
Title=with_MPI
# xlow	 xhigh	 val	 errminus	 errplus
-2.400000e+00	-2.200000e+00	1.016884e+00	4.188611e-03	4.188611e-03
-2.200000e+00	-2.000000e+00	9.839475e-01	4.120219e-03	4.120219e-03
-2.000000e+00	-1.800000e+00	9.590340e-01	4.067723e-03	4.067723e-03
-1.800000e+00	-1.600000e+00	9.278060e-01	4.000948e-03	4.000948e-03
-1.600000e+00	-1.400000e+00	8.908150e-01	3.920379e-03	3.920379e-03
-1.400000e+00	-1.200000e+00	8.573955e-01	3.846139e-03	3.846139e-03
-1.200000e+00	-1.000000e+00	8.229930e-01	3.768186e-03	3.768186e-03
-1.000000e+00	-8.000000e-01	7.907815e-01	3.693707e-03	3.693707e-03
-8.000000e-01	-6.000000e-01	7.550675e-01	3.609334e-03	3.609334e-03
-6.000000e-01	-4.000000e-01	7.116930e-01	3.504133e-03	3.504133e-03
-4.000000e-01	-2.000000e-01	6.757370e-01	3.414470e-03	3.414470e-03
-2.000000e-01	0.000000e+00	6.481150e-01	3.343954e-03	3.343954e-03
0.000000e+00	2.000000e-01	6.224420e-01	3.277056e-03	3.277056e-03
2.000000e-01	4.000000e-01	5.951650e-01	3.204446e-03	3.204446e-03
4.000000e-01	6.000000e-01	5.667665e-01	3.127061e-03	3.127061e-03
6.000000e-01	8.000000e-01	5.324840e-01	3.031012e-03	3.031012e-03
8.000000e-01	1.000000e+00	5.034990e-01	2.947363e-03	2.947363e-03
1.000000e+00	1.200000e+00	4.807766e-01	2.880089e-03	2.880089e-03
1.200000e+00	1.400000e+00	4.404732e-01	2.756729e-03	2.756729e-03
1.400000e+00	1.600000e+00	4.073816e-01	2.651154e-03	2.651154e-03
1.600000e+00	1.800000e+00	3.676994e-01	2.518725e-03	2.518725e-03
1.800000e+00	2.000000e+00	3.262055e-01	2.372356e-03	2.372356e-03
2.000000e+00	2.200000e+00	2.829863e-01	2.209617e-03	2.209617e-03
2.200000e+00	2.400000e+00	2.396292e-01	2.033313e-03	2.033313e-03
# END HISTO1D


# BEGIN HISTO1D //eos/home-m/mdessena/CMSSW_eos/CMSSW_11_2_4/src/UE_with_without_MPI/without_MPI.yoda/CMS_2018_I1680318/d01-x04-y01
ErrorBars=1
LineColor=blue
LineStyle=solid
Path=//eos/home-m/mdessena/CMSSW_eos/CMSSW_11_2_4/src/UE_with_without_MPI/without_MPI.yoda/CMS_2018_I1680318/d01-x04-y01
ScaledBy=3.25215943386408592e-06
Title=without_MPI
# xlow	 xhigh	 val	 errminus	 errplus
-2.400000e+00	-2.200000e+00	9.433540e-01	3.916591e-03	3.916591e-03
-2.200000e+00	-2.000000e+00	9.096780e-01	3.846048e-03	3.846048e-03
-2.000000e+00	-1.800000e+00	8.939375e-01	3.812628e-03	3.812628e-03
-1.800000e+00	-1.600000e+00	8.676600e-01	3.756174e-03	3.756174e-03
-1.600000e+00	-1.400000e+00	8.448460e-01	3.706463e-03	3.706463e-03
-1.400000e+00	-1.200000e+00	8.134790e-01	3.637006e-03	3.637006e-03
-1.200000e+00	-1.000000e+00	7.806645e-01	3.562896e-03	3.562896e-03
-1.000000e+00	-8.000000e-01	7.468585e-01	3.484898e-03	3.484898e-03
-8.000000e-01	-6.000000e-01	7.240770e-01	3.431336e-03	3.431336e-03
-6.000000e-01	-4.000000e-01	6.837015e-01	3.334296e-03	3.334296e-03
-4.000000e-01	-2.000000e-01	6.576840e-01	3.270240e-03	3.270240e-03
-2.000000e-01	0.000000e+00	6.277805e-01	3.195029e-03	3.195029e-03
0.000000e+00	2.000000e-01	5.979910e-01	3.118302e-03	3.118302e-03
2.000000e-01	4.000000e-01	5.751605e-01	3.058197e-03	3.058197e-03
4.000000e-01	6.000000e-01	5.433060e-01	2.972303e-03	2.972303e-03
6.000000e-01	8.000000e-01	5.212235e-01	2.911273e-03	2.911273e-03
8.000000e-01	1.000000e+00	4.938242e-01	2.833721e-03	2.833721e-03
1.000000e+00	1.200000e+00	4.667012e-01	2.754802e-03	2.754802e-03
1.200000e+00	1.400000e+00	4.389928e-01	2.671773e-03	2.671773e-03
1.400000e+00	1.600000e+00	4.062109e-01	2.570081e-03	2.570081e-03
1.600000e+00	1.800000e+00	3.761285e-01	2.473085e-03	2.473085e-03
1.800000e+00	2.000000e+00	3.408263e-01	2.354168e-03	2.354168e-03
2.000000e+00	2.200000e+00	3.078656e-01	2.237441e-03	2.237441e-03
2.200000e+00	2.400000e+00	2.719944e-01	2.103056e-03	2.103056e-03
# END HISTO1D

