# BEGIN PLOT
YMin=0.
DrawOnly=/CMS_2018_I1680318/d01-x01-y01 //eos/home-m/mdessena/CMSSW_eos/CMSSW_11_2_4/src/UE_with_without_MPI/with_MPI.yoda/CMS_2018_I1680318/d01-x01-y01 //eos/home-m/mdessena/CMSSW_eos/CMSSW_11_2_4/src/UE_with_without_MPI/without_MPI.yoda/CMS_2018_I1680318/d01-x01-y01
YMax=5.
Title=CMS, 13 TeV, $pp$ Inelastic
RatioPlotReference=/CMS_2018_I1680318/d01-x01-y01
YLabel=$(1/N^{tot}_{events})dN_{ch}/d\eta$ 
RatioPlot=1
LogX=0
LogY=0
RatioPlotYMax=1.4
LegendOnly=/CMS_2018_I1680318/d01-x01-y01 //eos/home-m/mdessena/CMSSW_eos/CMSSW_11_2_4/src/UE_with_without_MPI/with_MPI.yoda/CMS_2018_I1680318/d01-x01-y01 //eos/home-m/mdessena/CMSSW_eos/CMSSW_11_2_4/src/UE_with_without_MPI/without_MPI.yoda/CMS_2018_I1680318/d01-x01-y01
XLabel=$\eta$ 
RatioPlotSameStyle=0
RatioPlotErrorBandColor=grey!40!yellow!60
Legend=1
RatioPlotYMin=0.6
# END PLOT

# BEGIN HISTO1D /CMS_2018_I1680318/d01-x01-y01
ConnectBins=0
ErrorBars=1
Path=/CMS_2018_I1680318/d01-x01-y01
PolyMarker=*
Title=Data
# xlow	 xhigh	 val	 errminus	 errplus
-2.400000e+00	-2.200000e+00	2.837300e+00	1.204037e-01	1.139153e-01
-2.200000e+00	-2.000000e+00	2.923500e+00	1.241974e-01	1.174089e-01
-2.000000e+00	-1.800000e+00	2.939100e+00	1.250018e-01	1.180138e-01
-1.800000e+00	-1.600000e+00	2.984500e+00	1.269044e-01	1.198165e-01
-1.600000e+00	-1.400000e+00	3.011200e+00	1.279085e-01	1.209206e-01
-1.400000e+00	-1.200000e+00	3.049100e+00	1.292064e-01	1.224179e-01
-1.200000e+00	-1.000000e+00	3.013700e+00	1.275035e-01	1.210144e-01
-1.000000e+00	-8.000000e-01	2.948100e+00	1.245026e-01	1.184130e-01
-8.000000e-01	-6.000000e-01	2.951400e+00	1.246024e-01	1.185129e-01
-6.000000e-01	-4.000000e-01	2.955000e+00	1.248021e-01	1.186127e-01
-4.000000e-01	-2.000000e-01	2.943900e+00	1.244028e-01	1.182134e-01
-2.000000e-01	0.000000e+00	2.908600e+00	1.228995e-01	1.168099e-01
0.000000e+00	2.000000e-01	2.908600e+00	1.228995e-01	1.168099e-01
2.000000e-01	4.000000e-01	2.943900e+00	1.244028e-01	1.182134e-01
4.000000e-01	6.000000e-01	2.955000e+00	1.248021e-01	1.186127e-01
6.000000e-01	8.000000e-01	2.951400e+00	1.246024e-01	1.185129e-01
8.000000e-01	1.000000e+00	2.948100e+00	1.245026e-01	1.184130e-01
1.000000e+00	1.200000e+00	3.013700e+00	1.275035e-01	1.210144e-01
1.200000e+00	1.400000e+00	3.049100e+00	1.292064e-01	1.224179e-01
1.400000e+00	1.600000e+00	3.011200e+00	1.279085e-01	1.209206e-01
1.600000e+00	1.800000e+00	2.984500e+00	1.269044e-01	1.198165e-01
1.800000e+00	2.000000e+00	2.939100e+00	1.250018e-01	1.180138e-01
2.000000e+00	2.200000e+00	2.923500e+00	1.241974e-01	1.174089e-01
2.200000e+00	2.400000e+00	2.837300e+00	1.204037e-01	1.139153e-01
# END HISTO1D


# BEGIN HISTO1D //eos/home-m/mdessena/CMSSW_eos/CMSSW_11_2_4/src/UE_with_without_MPI/with_MPI.yoda/CMS_2018_I1680318/d01-x01-y01
ErrorBars=1
LineColor=red
LineStyle=solid
Path=//eos/home-m/mdessena/CMSSW_eos/CMSSW_11_2_4/src/UE_with_without_MPI/with_MPI.yoda/CMS_2018_I1680318/d01-x01-y01
ScaledBy=3.38386572820790497e-07
Title=with_MPI
# xlow	 xhigh	 val	 errminus	 errplus
-2.400000e+00	-2.200000e+00	2.948056e+00	2.233363e-03	2.233363e-03
-2.200000e+00	-2.000000e+00	2.955453e+00	2.236164e-03	2.236164e-03
-2.000000e+00	-1.800000e+00	2.963630e+00	2.239255e-03	2.239255e-03
-1.800000e+00	-1.600000e+00	2.955259e+00	2.236090e-03	2.236090e-03
-1.600000e+00	-1.400000e+00	2.944587e+00	2.232050e-03	2.232050e-03
-1.400000e+00	-1.200000e+00	2.928325e+00	2.225877e-03	2.225877e-03
-1.200000e+00	-1.000000e+00	2.900755e+00	2.215374e-03	2.215374e-03
-1.000000e+00	-8.000000e-01	2.880015e+00	2.207440e-03	2.207440e-03
-8.000000e-01	-6.000000e-01	2.850893e+00	2.196251e-03	2.196251e-03
-6.000000e-01	-4.000000e-01	2.827110e+00	2.187071e-03	2.187071e-03
-4.000000e-01	-2.000000e-01	2.810826e+00	2.180764e-03	2.180764e-03
-2.000000e-01	0.000000e+00	2.792919e+00	2.173806e-03	2.173806e-03
0.000000e+00	2.000000e-01	2.794841e+00	2.174554e-03	2.174554e-03
2.000000e-01	4.000000e-01	2.808651e+00	2.179919e-03	2.179919e-03
4.000000e-01	6.000000e-01	2.827188e+00	2.187101e-03	2.187101e-03
6.000000e-01	8.000000e-01	2.855226e+00	2.197920e-03	2.197920e-03
8.000000e-01	1.000000e+00	2.883898e+00	2.208928e-03	2.208928e-03
1.000000e+00	1.200000e+00	2.906743e+00	2.217659e-03	2.217659e-03
1.200000e+00	1.400000e+00	2.928081e+00	2.225785e-03	2.225785e-03
1.400000e+00	1.600000e+00	2.946863e+00	2.232912e-03	2.232912e-03
1.600000e+00	1.800000e+00	2.952921e+00	2.235205e-03	2.235205e-03
1.800000e+00	2.000000e+00	2.958863e+00	2.237453e-03	2.237453e-03
2.000000e+00	2.200000e+00	2.956779e+00	2.236665e-03	2.236665e-03
2.200000e+00	2.400000e+00	2.946857e+00	2.232909e-03	2.232909e-03
# END HISTO1D


# BEGIN HISTO1D //eos/home-m/mdessena/CMSSW_eos/CMSSW_11_2_4/src/UE_with_without_MPI/without_MPI.yoda/CMS_2018_I1680318/d01-x01-y01
ErrorBars=1
LineColor=blue
LineStyle=solid
Path=//eos/home-m/mdessena/CMSSW_eos/CMSSW_11_2_4/src/UE_with_without_MPI/without_MPI.yoda/CMS_2018_I1680318/d01-x01-y01
ScaledBy=3.43246639529587330e-07
Title=without_MPI
# xlow	 xhigh	 val	 errminus	 errplus
-2.400000e+00	-2.200000e+00	1.039433e+00	1.335631e-03	1.335631e-03
-2.200000e+00	-2.000000e+00	1.046027e+00	1.339861e-03	1.339861e-03
-2.000000e+00	-1.800000e+00	1.054789e+00	1.345460e-03	1.345460e-03
-1.800000e+00	-1.600000e+00	1.056798e+00	1.346741e-03	1.346741e-03
-1.600000e+00	-1.400000e+00	1.057205e+00	1.347000e-03	1.347000e-03
-1.400000e+00	-1.200000e+00	1.057886e+00	1.347434e-03	1.347434e-03
-1.200000e+00	-1.000000e+00	1.054154e+00	1.345055e-03	1.345055e-03
-1.000000e+00	-8.000000e-01	1.049449e+00	1.342050e-03	1.342050e-03
-8.000000e-01	-6.000000e-01	1.042773e+00	1.337775e-03	1.337775e-03
-6.000000e-01	-4.000000e-01	1.034295e+00	1.332325e-03	1.332325e-03
-4.000000e-01	-2.000000e-01	1.033618e+00	1.331890e-03	1.331890e-03
-2.000000e-01	0.000000e+00	1.025602e+00	1.326715e-03	1.326715e-03
0.000000e+00	2.000000e-01	1.026805e+00	1.327493e-03	1.327493e-03
2.000000e-01	4.000000e-01	1.030463e+00	1.329855e-03	1.329855e-03
4.000000e-01	6.000000e-01	1.034223e+00	1.332279e-03	1.332279e-03
6.000000e-01	8.000000e-01	1.044637e+00	1.338970e-03	1.338970e-03
8.000000e-01	1.000000e+00	1.048634e+00	1.341529e-03	1.341529e-03
1.000000e+00	1.200000e+00	1.056050e+00	1.346264e-03	1.346264e-03
1.200000e+00	1.400000e+00	1.058199e+00	1.347633e-03	1.347633e-03
1.400000e+00	1.600000e+00	1.058258e+00	1.347672e-03	1.347672e-03
1.600000e+00	1.800000e+00	1.057509e+00	1.347194e-03	1.347194e-03
1.800000e+00	2.000000e+00	1.054674e+00	1.345387e-03	1.345387e-03
2.000000e+00	2.200000e+00	1.049521e+00	1.342097e-03	1.342097e-03
2.200000e+00	2.400000e+00	1.040209e+00	1.336129e-03	1.336129e-03
# END HISTO1D

