# BEGIN PLOT
LegendOnly=/CMS_2015_PAS_FSQ_15_007/d09-x01-y01 //eos/home-m/mdessena/CMSSW_eos/CMSSW_11_2_4/src/Final_Results_MCNNTUNES/Tune_MinBias_PerBinModel_Merged_1/PerBin.yoda/CMS_2015_PAS_FSQ_15_007/d09-x01-y01
DrawOnly=/CMS_2015_PAS_FSQ_15_007/d09-x01-y01 //eos/home-m/mdessena/CMSSW_eos/CMSSW_11_2_4/src/Final_Results_MCNNTUNES/Tune_MinBias_PerBinModel_Merged_1/PerBin.yoda/CMS_2015_PAS_FSQ_15_007/d09-x01-y01
XLabelSep=4.4
ConnectBins=0
RatioPlot=1
LogY=0
YLabelSep=5.4
RatioPlotSameStyle=0
RatioPlotErrorBandColor=grey!40!yellow!60
XTwosidedTicks=1
YTwosidedTicks=1
RatioPlotReference=/CMS_2015_PAS_FSQ_15_007/d09-x01-y01
Title=\large{CMS, 13 TeV, MB, TransMIN charged $p_\text{T}^{\text{sum}}$ density}
LegendXPos=0.40
XLabel=\large{$p_\text{T}^{\text{jet}}$[GeV]}
XMax=52
YLabel=\large{$(1/N_\text{events})\; dp_\text{T}^{\text{sum}}\,/d\eta\, d\phi$}
LegendYPos=0.50
Legend=1
# END PLOT

# BEGIN HISTO1D /CMS_2015_PAS_FSQ_15_007/d09-x01-y01
ConnectBins=0
ErrorBars=1
Path=/CMS_2015_PAS_FSQ_15_007/d09-x01-y01
PolyMarker=*
Title=Data
# xlow	 xhigh	 val	 errminus	 errplus
5.000000e-01	1.000000e+00	0.000000e+00	0.000000e+00	0.000000e+00
1.000000e+00	1.500000e+00	3.213844e-02	7.435367e-04	7.435367e-04
1.500000e+00	2.000000e+00	7.626259e-02	2.647409e-03	2.647409e-03
2.000000e+00	2.500000e+00	1.398612e-01	4.279173e-03	4.279173e-03
2.500000e+00	3.000000e+00	2.175880e-01	4.254699e-03	4.254699e-03
3.000000e+00	3.500000e+00	2.986169e-01	3.294380e-03	3.294380e-03
3.500000e+00	4.000000e+00	3.765424e-01	6.878926e-03	6.878926e-03
4.000000e+00	4.500000e+00	4.551002e-01	1.138465e-02	1.138465e-02
4.500000e+00	5.000000e+00	5.289475e-01	1.757939e-02	1.757939e-02
5.000000e+00	6.000000e+00	6.141819e-01	3.176189e-02	3.176189e-02
6.000000e+00	7.000000e+00	7.242491e-01	3.626247e-02	3.626247e-02
7.000000e+00	8.000000e+00	8.156991e-01	4.074610e-02	4.074610e-02
8.000000e+00	9.000000e+00	8.927450e-01	4.409109e-02	4.409109e-02
9.000000e+00	1.000000e+01	9.423196e-01	4.652950e-02	4.652950e-02
1.000000e+01	1.200000e+01	9.939624e-01	5.082739e-02	5.082739e-02
1.200000e+01	1.400000e+01	1.045096e+00	5.368638e-02	5.368638e-02
1.400000e+01	1.600000e+01	1.091634e+00	5.644263e-02	5.644263e-02
1.600000e+01	1.800000e+01	1.152919e+00	6.036140e-02	6.036140e-02
1.800000e+01	2.000000e+01	1.066101e+00	5.699157e-02	5.699157e-02
2.000000e+01	2.400000e+01	1.112437e+00	6.072076e-02	6.072076e-02
2.400000e+01	2.800000e+01	1.079897e+00	6.358735e-02	6.358735e-02
2.800000e+01	3.200000e+01	1.070928e+00	7.018664e-02	7.018664e-02
3.200000e+01	3.600000e+01	1.020461e+00	8.512088e-02	8.512088e-02
3.600000e+01	4.000000e+01	1.137136e+00	1.052140e-01	1.052140e-01
4.000000e+01	4.400000e+01	1.045076e+00	1.379332e-01	1.379332e-01
4.400000e+01	4.800000e+01	9.236458e-01	1.383364e-01	1.383364e-01
4.800000e+01	5.200000e+01	1.000963e+00	1.815486e-01	1.815486e-01
5.200000e+01	5.600000e+01	8.939610e-01	2.022367e-01	2.022367e-01
5.600000e+01	6.000000e+01	1.017198e+00	1.573492e-01	1.573492e-01
6.000000e+01	6.400000e+01	1.452337e+00	3.161622e-01	3.161622e-01
6.400000e+01	6.800000e+01	9.349529e-01	2.961583e-01	2.961583e-01
6.800000e+01	7.200000e+01	6.547269e-01	2.381644e-01	2.381644e-01
7.200000e+01	8.000000e+01	2.297357e+00	4.480640e-01	4.480640e-01
# END HISTO1D


# BEGIN HISTO1D //eos/home-m/mdessena/CMSSW_eos/CMSSW_11_2_4/src/Final_Results_MCNNTUNES/Tune_MinBias_PerBinModel_Merged_1/PerBin.yoda/CMS_2015_PAS_FSQ_15_007/d09-x01-y01
ErrorBars=1
LineColor=red
LineStyle=solid
Path=//eos/home-m/mdessena/CMSSW_eos/CMSSW_11_2_4/src/Final_Results_MCNNTUNES/Tune_MinBias_PerBinModel_Merged_1/PerBin.yoda/CMS_2015_PAS_FSQ_15_007/d09-x01-y01
Title=PerBin
# xlow	 xhigh	 val	 errminus	 errplus
5.000000e-01	1.000000e+00	nan	nan	nan
1.000000e+00	1.500000e+00	3.021542e-02	1.006330e-04	1.006330e-04
1.500000e+00	2.000000e+00	6.965634e-02	2.108015e-04	2.108015e-04
2.000000e+00	2.500000e+00	1.213992e-01	3.717601e-04	3.717601e-04
2.500000e+00	3.000000e+00	1.793846e-01	5.690700e-04	5.690700e-04
3.000000e+00	3.500000e+00	2.463857e-01	8.069587e-04	8.069587e-04
3.500000e+00	4.000000e+00	3.155144e-01	1.068715e-03	1.068715e-03
4.000000e+00	4.500000e+00	3.879410e-01	1.356763e-03	1.356763e-03
4.500000e+00	5.000000e+00	4.583957e-01	1.666773e-03	1.666773e-03
5.000000e+00	6.000000e+00	5.521933e-01	1.527044e-03	1.527044e-03
6.000000e+00	7.000000e+00	6.643874e-01	2.052617e-03	2.052617e-03
7.000000e+00	8.000000e+00	7.607886e-01	2.704333e-03	2.704333e-03
8.000000e+00	9.000000e+00	8.251509e-01	3.411882e-03	3.411882e-03
9.000000e+00	1.000000e+01	8.875009e-01	4.266651e-03	4.266651e-03
1.000000e+01	1.200000e+01	9.330808e-01	4.045400e-03	4.045400e-03
1.200000e+01	1.400000e+01	9.889149e-01	5.918455e-03	5.918455e-03
1.400000e+01	1.600000e+01	9.993730e-01	8.297941e-03	8.297941e-03
1.600000e+01	1.800000e+01	1.030801e+00	1.127141e-02	1.127141e-02
1.800000e+01	2.000000e+01	9.945029e-01	1.441173e-02	1.441173e-02
2.000000e+01	2.400000e+01	1.040731e+00	1.508039e-02	1.508039e-02
2.400000e+01	2.800000e+01	1.025571e+00	2.305390e-02	2.305390e-02
2.800000e+01	3.200000e+01	9.885332e-01	3.156530e-02	3.156530e-02
3.200000e+01	3.600000e+01	1.179902e+00	5.124957e-02	5.124957e-02
3.600000e+01	4.000000e+01	1.033663e+00	6.529321e-02	6.529321e-02
4.000000e+01	4.400000e+01	9.065815e-01	7.310132e-02	7.310132e-02
4.400000e+01	4.800000e+01	1.045436e+00	1.119436e-01	1.119436e-01
4.800000e+01	5.200000e+01	1.180862e+00	2.428134e-01	2.428134e-01
5.200000e+01	5.600000e+01	7.137039e-01	9.791599e-02	9.791599e-02
5.600000e+01	6.000000e+01	1.354920e+00	2.439621e-01	2.439621e-01
6.000000e+01	6.400000e+01	1.306332e+00	2.570283e-01	2.570283e-01
6.400000e+01	6.800000e+01	1.252332e+00	3.448371e-01	3.448371e-01
6.800000e+01	7.200000e+01	9.495050e-01	3.027605e-01	3.027605e-01
7.200000e+01	8.000000e+01	6.924934e-01	1.902836e-01	1.902836e-01
# END HISTO1D

