# BEGIN PLOT
XTwosidedTicks=1
YTwosidedTicks=1
XMax=52
XLabelSep=4.4
RatioPlotReference=/CMS_2015_PAS_FSQ_15_007/d14-x01-y01
ConnectBins=0
RatioPlot=1
LogY=0
LegendXPos=0.40
XLabel=\large{$p_\text{T}^{\text{jet}}$[GeV]}
YLabelSep=5.4
YLabel=\large{$(1/N_\text{events})\; dN_\text{ch}\,/d\eta\, d\phi$}
Title=\large{CMS, 13 TeV, MB, TransMAX charged-particle density}
DrawOnly=/CMS_2015_PAS_FSQ_15_007/d14-x01-y01 //afs/cern.ch/user/m/mdessena/MCNNTUNES_result1/CMSSW_11_2_4/src/Plots_Totali_ext/CP5.yoda/CMS_2015_PAS_FSQ_15_007/d14-x01-y01 //afs/cern.ch/user/m/mdessena/MCNNTUNES_result1/CMSSW_11_2_4/src/Plots_Totali_ext/Inverse.yoda/CMS_2015_PAS_FSQ_15_007/d14-x01-y01
RatioPlotErrorBandColor=grey!40!yellow!60
LegendYPos=0.50
Legend=1
LegendOnly=/CMS_2015_PAS_FSQ_15_007/d14-x01-y01 //afs/cern.ch/user/m/mdessena/MCNNTUNES_result1/CMSSW_11_2_4/src/Plots_Totali_ext/CP5.yoda/CMS_2015_PAS_FSQ_15_007/d14-x01-y01 //afs/cern.ch/user/m/mdessena/MCNNTUNES_result1/CMSSW_11_2_4/src/Plots_Totali_ext/Inverse.yoda/CMS_2015_PAS_FSQ_15_007/d14-x01-y01
# END PLOT

# BEGIN HISTO1D /CMS_2015_PAS_FSQ_15_007/d14-x01-y01
ConnectBins=0
ErrorBars=1
Path=/CMS_2015_PAS_FSQ_15_007/d14-x01-y01
PolyMarker=*
Title=Data
# xlow	 xhigh	 val	 errminus	 errplus
5.000000e-01	1.000000e+00	0.000000e+00	0.000000e+00	0.000000e+00
1.000000e+00	1.500000e+00	1.778027e-01	5.129934e-03	5.129934e-03
1.500000e+00	2.000000e+00	3.022119e-01	6.712646e-03	6.712646e-03
2.000000e+00	2.500000e+00	4.362091e-01	8.058280e-03	8.058280e-03
2.500000e+00	3.000000e+00	5.736316e-01	9.745253e-03	9.745253e-03
3.000000e+00	3.500000e+00	6.999518e-01	8.707248e-03	8.707248e-03
3.500000e+00	4.000000e+00	8.213019e-01	1.055280e-02	1.055280e-02
4.000000e+00	4.500000e+00	9.306478e-01	9.606992e-03	9.606992e-03
4.500000e+00	5.000000e+00	1.030028e+00	1.423866e-02	1.423866e-02
5.000000e+00	6.000000e+00	1.142252e+00	2.409866e-02	2.409866e-02
6.000000e+00	7.000000e+00	1.275381e+00	2.754304e-02	2.754304e-02
7.000000e+00	8.000000e+00	1.382809e+00	3.012364e-02	3.012364e-02
8.000000e+00	9.000000e+00	1.465215e+00	2.297056e-02	2.297056e-02
9.000000e+00	1.000000e+01	1.521875e+00	2.905091e-02	2.905091e-02
1.000000e+01	1.200000e+01	1.570492e+00	2.329502e-02	2.329502e-02
1.200000e+01	1.400000e+01	1.624074e+00	2.476095e-02	2.476095e-02
1.400000e+01	1.600000e+01	1.677672e+00	2.642320e-02	2.642320e-02
1.600000e+01	1.800000e+01	1.712843e+00	2.862373e-02	2.862373e-02
1.800000e+01	2.000000e+01	1.645250e+00	2.972903e-02	2.972903e-02
2.000000e+01	2.400000e+01	1.671373e+00	3.204253e-02	3.204253e-02
2.400000e+01	2.800000e+01	1.709688e+00	3.898180e-02	3.898180e-02
2.800000e+01	3.200000e+01	1.818962e+00	4.993604e-02	4.993604e-02
3.200000e+01	3.600000e+01	1.743262e+00	6.219391e-02	6.219391e-02
3.600000e+01	4.000000e+01	1.695767e+00	6.793551e-02	6.793551e-02
4.000000e+01	4.400000e+01	1.697561e+00	1.088528e-01	1.088528e-01
4.400000e+01	4.800000e+01	1.656266e+00	1.394125e-01	1.394125e-01
4.800000e+01	5.200000e+01	1.688305e+00	1.827950e-01	1.827950e-01
5.200000e+01	5.600000e+01	1.766284e+00	1.685264e-01	1.685264e-01
5.600000e+01	6.000000e+01	1.990730e+00	2.198470e-01	2.198470e-01
6.000000e+01	6.400000e+01	1.565690e+00	2.150387e-01	2.150387e-01
6.400000e+01	6.800000e+01	1.417086e+00	6.999483e-01	6.999483e-01
6.800000e+01	7.200000e+01	1.379769e+00	4.352526e-01	4.352526e-01
7.200000e+01	8.000000e+01	1.384032e+00	3.306222e-01	3.306222e-01
# END HISTO1D


# BEGIN HISTO1D //afs/cern.ch/user/m/mdessena/MCNNTUNES_result1/CMSSW_11_2_4/src/Plots_Totali_ext/CP5.yoda/CMS_2015_PAS_FSQ_15_007/d14-x01-y01
LineColor=red
LineStyle=solid
Path=//afs/cern.ch/user/m/mdessena/MCNNTUNES_result1/CMSSW_11_2_4/src/Plots_Totali_ext/CP5.yoda/CMS_2015_PAS_FSQ_15_007/d14-x01-y01
Title=CP5
# xlow	 xhigh	 val	 errminus	 errplus
5.000000e-01	1.000000e+00	nan	nan	nan
1.000000e+00	1.500000e+00	1.941951e-01	2.516184e-04	2.516184e-04
1.500000e+00	2.000000e+00	3.250627e-01	4.368116e-04	4.368116e-04
2.000000e+00	2.500000e+00	4.580466e-01	6.661679e-04	6.661679e-04
2.500000e+00	3.000000e+00	5.854390e-01	9.184901e-04	9.184901e-04
3.000000e+00	3.500000e+00	7.097321e-01	1.185939e-03	1.185939e-03
3.500000e+00	4.000000e+00	8.295241e-01	1.442529e-03	1.442529e-03
4.000000e+00	4.500000e+00	9.421894e-01	1.716449e-03	1.716449e-03
4.500000e+00	5.000000e+00	1.046122e+00	2.001623e-03	2.001623e-03
5.000000e+00	6.000000e+00	1.175200e+00	1.727136e-03	1.727136e-03
6.000000e+00	7.000000e+00	1.311832e+00	2.199108e-03	2.199108e-03
7.000000e+00	8.000000e+00	1.419070e+00	2.756373e-03	2.756373e-03
8.000000e+00	9.000000e+00	1.496746e+00	3.414945e-03	3.414945e-03
9.000000e+00	1.000000e+01	1.557600e+00	4.195684e-03	4.195684e-03
1.000000e+01	1.200000e+01	1.603118e+00	3.912626e-03	3.912626e-03
1.200000e+01	1.400000e+01	1.651207e+00	5.659931e-03	5.659931e-03
1.400000e+01	1.600000e+01	1.669738e+00	7.923364e-03	7.923364e-03
1.600000e+01	1.800000e+01	1.682357e+00	1.031707e-02	1.031707e-02
1.800000e+01	2.000000e+01	1.687872e+00	1.377789e-02	1.377789e-02
2.000000e+01	2.400000e+01	1.680818e+00	1.378865e-02	1.378865e-02
2.400000e+01	2.800000e+01	1.691711e+00	2.097758e-02	2.097758e-02
2.800000e+01	3.200000e+01	1.763436e+00	2.846166e-02	2.846166e-02
3.200000e+01	3.600000e+01	1.671536e+00	4.067350e-02	4.067350e-02
3.600000e+01	4.000000e+01	1.711404e+00	5.193267e-02	5.193267e-02
4.000000e+01	4.400000e+01	1.704899e+00	7.055665e-02	7.055665e-02
4.400000e+01	4.800000e+01	1.777589e+00	8.196512e-02	8.196512e-02
4.800000e+01	5.200000e+01	1.718874e+00	1.029282e-01	1.029282e-01
5.200000e+01	5.600000e+01	1.767283e+00	1.187725e-01	1.187725e-01
5.600000e+01	6.000000e+01	1.750704e+00	1.938030e-01	1.938030e-01
6.000000e+01	6.400000e+01	1.984463e+00	1.921847e-01	1.921847e-01
6.400000e+01	6.800000e+01	1.834470e+00	2.338326e-01	2.338326e-01
6.800000e+01	7.200000e+01	1.836403e+00	2.788070e-01	2.788070e-01
7.200000e+01	8.000000e+01	1.940998e+00	2.485809e-01	2.485809e-01
# END HISTO1D


# BEGIN HISTO1D //afs/cern.ch/user/m/mdessena/MCNNTUNES_result1/CMSSW_11_2_4/src/Plots_Totali_ext/Inverse.yoda/CMS_2015_PAS_FSQ_15_007/d14-x01-y01
LineColor=blue
LineStyle=solid
Path=//afs/cern.ch/user/m/mdessena/MCNNTUNES_result1/CMSSW_11_2_4/src/Plots_Totali_ext/Inverse.yoda/CMS_2015_PAS_FSQ_15_007/d14-x01-y01
Title=Inverse
# xlow	 xhigh	 val	 errminus	 errplus
5.000000e-01	1.000000e+00	nan	nan	nan
1.000000e+00	1.500000e+00	1.920526e-01	2.463717e-04	2.463717e-04
1.500000e+00	2.000000e+00	3.103442e-01	4.082818e-04	4.082818e-04
2.000000e+00	2.500000e+00	4.258346e-01	6.002083e-04	6.002083e-04
2.500000e+00	3.000000e+00	5.284774e-01	8.072010e-04	8.072010e-04
3.000000e+00	3.500000e+00	6.180548e-01	1.008707e-03	1.008707e-03
3.500000e+00	4.000000e+00	7.022274e-01	1.228630e-03	1.228630e-03
4.000000e+00	4.500000e+00	7.731969e-01	1.439353e-03	1.439353e-03
4.500000e+00	5.000000e+00	8.374454e-01	1.688087e-03	1.688087e-03
5.000000e+00	6.000000e+00	9.149226e-01	1.462864e-03	1.462864e-03
6.000000e+00	7.000000e+00	9.999540e-01	1.888085e-03	1.888085e-03
7.000000e+00	8.000000e+00	1.055641e+00	2.372040e-03	2.372040e-03
8.000000e+00	9.000000e+00	1.108381e+00	2.983935e-03	2.983935e-03
9.000000e+00	1.000000e+01	1.134143e+00	3.643844e-03	3.643844e-03
1.000000e+01	1.200000e+01	1.177589e+00	3.449027e-03	3.449027e-03
1.200000e+01	1.400000e+01	1.213597e+00	4.875973e-03	4.875973e-03
1.400000e+01	1.600000e+01	1.229588e+00	6.722216e-03	6.722216e-03
1.600000e+01	1.800000e+01	1.264490e+00	9.056930e-03	9.056930e-03
1.800000e+01	2.000000e+01	1.275489e+00	1.208787e-02	1.208787e-02
2.000000e+01	2.400000e+01	1.286190e+00	1.149580e-02	1.149580e-02
2.400000e+01	2.800000e+01	1.315536e+00	1.835691e-02	1.835691e-02
2.800000e+01	3.200000e+01	1.287079e+00	2.495369e-02	2.495369e-02
3.200000e+01	3.600000e+01	1.340105e+00	3.227835e-02	3.227835e-02
3.600000e+01	4.000000e+01	1.273481e+00	4.426066e-02	4.426066e-02
4.000000e+01	4.400000e+01	1.350152e+00	5.511732e-02	5.511732e-02
4.400000e+01	4.800000e+01	1.411784e+00	7.323166e-02	7.323166e-02
4.800000e+01	5.200000e+01	1.429410e+00	9.698237e-02	9.698237e-02
5.200000e+01	5.600000e+01	1.332923e+00	8.931429e-02	8.931429e-02
5.600000e+01	6.000000e+01	1.200684e+00	1.335212e-01	1.335212e-01
6.000000e+01	6.400000e+01	1.387229e+00	1.574896e-01	1.574896e-01
6.400000e+01	6.800000e+01	1.193662e+00	1.588401e-01	1.588401e-01
6.800000e+01	7.200000e+01	1.643041e+00	2.333013e-01	2.333013e-01
7.200000e+01	8.000000e+01	1.338977e+00	1.966916e-01	1.966916e-01
# END HISTO1D

