# BEGIN PLOT
LegendOnly=/CMS_2019_I1753680/d27-x01-y03 //eos/home-m/mdessena/CMSSW_eos/CMSSW_11_2_4/src/Final_Results_MCNNTUNES/Tune_PrimordialkT_PerBinModel_1/PerBin.yoda/CMS_2019_I1753680/d27-x01-y03 //eos/home-m/mdessena/CMSSW_eos/CMSSW_11_2_4/src/Final_Results_MCNNTUNES/Tune_PrimordialkT_InverseModel_2/Inverse.yoda/CMS_2019_I1753680/d27-x01-y03 //eos/home-m/mdessena/CMSSW_eos/CMSSW_11_2_4/src/Final_Results_MCNNTUNES/Tune_PrimordialkT_CP5_default/CP5_default.yoda/CMS_2019_I1753680/d27-x01-y03
DrawOnly=/CMS_2019_I1753680/d27-x01-y03 //eos/home-m/mdessena/CMSSW_eos/CMSSW_11_2_4/src/Final_Results_MCNNTUNES/Tune_PrimordialkT_PerBinModel_1/PerBin.yoda/CMS_2019_I1753680/d27-x01-y03 //eos/home-m/mdessena/CMSSW_eos/CMSSW_11_2_4/src/Final_Results_MCNNTUNES/Tune_PrimordialkT_InverseModel_2/Inverse.yoda/CMS_2019_I1753680/d27-x01-y03 //eos/home-m/mdessena/CMSSW_eos/CMSSW_11_2_4/src/Final_Results_MCNNTUNES/Tune_PrimordialkT_CP5_default/CP5_default.yoda/CMS_2019_I1753680/d27-x01-y03
Title=CMS, 13 TeV, $Z \to \ell^+ \ell^-$
RatioPlotReference=/CMS_2019_I1753680/d27-x01-y03
RatioPlot=1
LogX=1
LogY=0
RatioPlotYMax=1.25
XLabel=$p_{T}^{Z}$ [GeV]
YLabel=$d\sigma/dp_{T}^{Z}$ [pb/GeV]
XMin=0.1
Legend=1
RatioPlotYMin=0.75
# END PLOT

# BEGIN HISTO1D /CMS_2019_I1753680/d27-x01-y03
ConnectBins=0
ErrorBars=1
IsRef=1
Path=/CMS_2019_I1753680/d27-x01-y03
PolyMarker=*
Title=Data
# xlow	 xhigh	 val	 errminus	 errplus
0.000000e+00	1.000000e+00	9.282100e+00	2.977800e-01	2.977800e-01
1.000000e+00	2.000000e+00	2.278600e+01	7.076500e-01	7.076500e-01
2.000000e+00	3.000000e+00	3.206200e+01	9.636700e-01	9.636700e-01
3.000000e+00	4.000000e+00	3.622500e+01	1.062100e+00	1.062100e+00
4.000000e+00	5.000000e+00	3.688200e+01	1.068100e+00	1.068100e+00
5.000000e+00	6.000000e+00	3.557900e+01	1.024600e+00	1.024600e+00
6.000000e+00	7.000000e+00	3.354700e+01	9.626400e-01	9.626400e-01
7.000000e+00	8.000000e+00	3.132400e+01	8.955400e-01	8.955400e-01
8.000000e+00	9.000000e+00	2.908900e+01	8.277300e-01	8.277300e-01
9.000000e+00	1.000000e+01	2.693300e+01	7.627800e-01	7.627800e-01
1.000000e+01	1.100000e+01	2.476700e+01	7.000900e-01	7.000900e-01
1.100000e+01	1.200000e+01	2.275400e+01	6.414300e-01	6.414300e-01
1.200000e+01	1.300000e+01	2.114300e+01	5.927800e-01	5.927800e-01
1.300000e+01	1.400000e+01	1.959900e+01	5.482400e-01	5.482400e-01
1.400000e+01	1.600000e+01	1.725500e+01	4.821300e-01	4.821300e-01
1.600000e+01	1.800000e+01	1.485000e+01	4.141800e-01	4.141800e-01
1.800000e+01	2.000000e+01	1.289500e+01	3.595400e-01	3.595400e-01
2.000000e+01	2.200000e+01	1.120600e+01	3.118600e-01	3.118600e-01
2.200000e+01	2.500000e+01	9.509500e+00	2.638600e-01	2.638600e-01
2.500000e+01	2.800000e+01	7.873400e+00	2.184800e-01	2.184800e-01
2.800000e+01	3.200000e+01	6.353100e+00	1.769300e-01	1.769300e-01
3.200000e+01	3.700000e+01	4.973200e+00	1.390000e-01	1.390000e-01
3.700000e+01	4.300000e+01	3.710000e+00	1.037000e-01	1.037000e-01
4.300000e+01	5.200000e+01	2.583600e+00	7.246800e-02	7.246800e-02
5.200000e+01	6.500000e+01	1.539200e+00	4.367400e-02	4.367400e-02
6.500000e+01	8.500000e+01	7.941400e-01	2.296900e-02	2.296900e-02
8.500000e+01	1.200000e+02	3.424800e-01	1.024100e-02	1.024100e-02
1.200000e+02	1.600000e+02	1.284200e-01	4.018900e-03	4.018900e-03
1.600000e+02	1.900000e+02	5.587000e-02	1.821000e-03	1.821000e-03
1.900000e+02	2.200000e+02	3.049900e-02	1.027400e-03	1.027400e-03
2.200000e+02	2.500000e+02	1.726400e-02	6.009800e-04	6.009800e-04
2.500000e+02	3.000000e+02	8.788700e-03	3.149700e-04	3.149700e-04
3.000000e+02	4.000000e+02	2.970400e-03	1.151900e-04	1.151900e-04
4.000000e+02	5.000000e+02	8.051500e-04	3.815700e-05	3.815700e-05
5.000000e+02	8.000000e+02	1.268300e-04	8.329400e-06	8.329400e-06
8.000000e+02	1.500000e+03	5.274400e-06	4.971200e-07	4.971200e-07
# END HISTO1D


# BEGIN HISTO1D //eos/home-m/mdessena/CMSSW_eos/CMSSW_11_2_4/src/Final_Results_MCNNTUNES/Tune_PrimordialkT_PerBinModel_1/PerBin.yoda/CMS_2019_I1753680/d27-x01-y03
ErrorBars=1
LineColor=red
LineStyle=solid
Path=//eos/home-m/mdessena/CMSSW_eos/CMSSW_11_2_4/src/Final_Results_MCNNTUNES/Tune_PrimordialkT_PerBinModel_1/PerBin.yoda/CMS_2019_I1753680/d27-x01-y03
ScaledBy=2.18938705745894179e-03
Title=PerBin
# xlow	 xhigh	 val	 errminus	 errplus
0.000000e+00	1.000000e+00	7.748241e+00	1.302455e-01	1.302455e-01
1.000000e+00	2.000000e+00	2.145380e+01	2.167272e-01	2.167272e-01
2.000000e+00	3.000000e+00	3.188404e+01	2.642092e-01	2.642092e-01
3.000000e+00	4.000000e+00	3.742538e+01	2.862493e-01	2.862493e-01
4.000000e+00	5.000000e+00	3.871274e+01	2.911309e-01	2.911309e-01
5.000000e+00	6.000000e+00	3.813474e+01	2.889493e-01	2.889493e-01
6.000000e+00	7.000000e+00	3.518783e+01	2.775604e-01	2.775604e-01
7.000000e+00	8.000000e+00	3.205919e+01	2.649339e-01	2.649339e-01
8.000000e+00	9.000000e+00	2.902470e+01	2.520839e-01	2.520839e-01
9.000000e+00	1.000000e+01	2.593767e+01	2.383015e-01	2.383015e-01
1.000000e+01	1.100000e+01	2.379207e+01	2.282324e-01	2.282324e-01
1.100000e+01	1.200000e+01	2.140783e+01	2.164948e-01	2.164948e-01
1.200000e+01	1.300000e+01	1.958188e+01	2.070563e-01	2.070563e-01
1.300000e+01	1.400000e+01	1.765741e+01	1.966187e-01	1.966187e-01
1.400000e+01	1.600000e+01	1.582817e+01	1.316321e-01	1.316321e-01
1.600000e+01	1.800000e+01	1.339467e+01	1.210911e-01	1.210911e-01
1.800000e+01	2.000000e+01	1.140014e+01	1.117124e-01	1.117124e-01
2.000000e+01	2.200000e+01	9.801885e+00	1.035860e-01	1.035860e-01
2.200000e+01	2.500000e+01	8.491173e+00	7.871989e-02	7.871989e-02
2.500000e+01	2.800000e+01	7.049827e+00	7.172819e-02	7.172819e-02
2.800000e+01	3.200000e+01	5.702257e+00	5.586692e-02	5.586692e-02
3.200000e+01	3.700000e+01	4.204936e+00	4.290975e-02	4.290975e-02
3.700000e+01	4.300000e+01	3.007853e+00	3.312943e-02	3.312943e-02
4.300000e+01	5.200000e+01	1.904037e+00	2.152175e-02	2.152175e-02
5.200000e+01	6.500000e+01	1.030865e+00	1.317621e-02	1.317621e-02
6.500000e+01	8.500000e+01	4.822125e-01	7.265501e-03	7.265501e-03
8.500000e+01	1.200000e+02	1.909771e-01	3.456352e-03	3.456352e-03
1.200000e+02	1.600000e+02	6.715945e-02	1.917277e-03	1.917277e-03
1.600000e+02	1.900000e+02	3.138121e-02	1.513337e-03	1.513337e-03
1.900000e+02	2.200000e+02	1.466889e-02	1.034664e-03	1.034664e-03
2.200000e+02	2.500000e+02	9.779263e-03	8.447996e-04	8.447996e-04
2.500000e+02	3.000000e+02	4.597712e-03	4.486908e-04	4.486908e-04
3.000000e+02	4.000000e+02	1.379314e-03	1.737772e-04	1.737772e-04
4.000000e+02	5.000000e+02	4.159835e-04	9.543317e-05	9.543317e-05
5.000000e+02	8.000000e+02	2.919183e-05	1.459591e-05	1.459591e-05
8.000000e+02	1.500000e+03	3.127696e-06	3.127696e-06	3.127696e-06
# END HISTO1D


# BEGIN HISTO1D //eos/home-m/mdessena/CMSSW_eos/CMSSW_11_2_4/src/Final_Results_MCNNTUNES/Tune_PrimordialkT_InverseModel_2/Inverse.yoda/CMS_2019_I1753680/d27-x01-y03
ErrorBars=1
LineColor=blue
LineStyle=solid
Path=//eos/home-m/mdessena/CMSSW_eos/CMSSW_11_2_4/src/Final_Results_MCNNTUNES/Tune_PrimordialkT_InverseModel_2/Inverse.yoda/CMS_2019_I1753680/d27-x01-y03
ScaledBy=2.18938705745894179e-03
Title=Inverse
# xlow	 xhigh	 val	 errminus	 errplus
0.000000e+00	1.000000e+00	7.481136e+00	1.279809e-01	1.279809e-01
1.000000e+00	2.000000e+00	2.179535e+01	2.184455e-01	2.184455e-01
2.000000e+00	3.000000e+00	3.206795e+01	2.649701e-01	2.649701e-01
3.000000e+00	4.000000e+00	3.769687e+01	2.872856e-01	2.872856e-01
4.000000e+00	5.000000e+00	3.947465e+01	2.939818e-01	2.939818e-01
5.000000e+00	6.000000e+00	3.786983e+01	2.879439e-01	2.879439e-01
6.000000e+00	7.000000e+00	3.491634e+01	2.764876e-01	2.764876e-01
7.000000e+00	8.000000e+00	3.167605e+01	2.633460e-01	2.633460e-01
8.000000e+00	9.000000e+00	2.894589e+01	2.517414e-01	2.517414e-01
9.000000e+00	1.000000e+01	2.603619e+01	2.387536e-01	2.387536e-01
1.000000e+01	1.100000e+01	2.355343e+01	2.270849e-01	2.270849e-01
1.100000e+01	1.200000e+01	2.132025e+01	2.160516e-01	2.160516e-01
1.200000e+01	1.300000e+01	1.941986e+01	2.061980e-01	2.061980e-01
1.300000e+01	1.400000e+01	1.772747e+01	1.970084e-01	1.970084e-01
1.400000e+01	1.600000e+01	1.562237e+01	1.307735e-01	1.307735e-01
1.600000e+01	1.800000e+01	1.355888e+01	1.218311e-01	1.218311e-01
1.800000e+01	2.000000e+01	1.167709e+01	1.130612e-01	1.130612e-01
2.000000e+01	2.200000e+01	1.001973e+01	1.047308e-01	1.047308e-01
2.200000e+01	2.500000e+01	8.496280e+00	7.874357e-02	7.874357e-02
2.500000e+01	2.800000e+01	6.856430e+00	7.073750e-02	7.073750e-02
2.800000e+01	3.200000e+01	5.542433e+00	5.507843e-02	5.507843e-02
3.200000e+01	3.700000e+01	4.181292e+00	4.278894e-02	4.278894e-02
3.700000e+01	4.300000e+01	3.033032e+00	3.326780e-02	3.326780e-02
4.300000e+01	5.200000e+01	1.902821e+00	2.151488e-02	2.151488e-02
5.200000e+01	6.500000e+01	1.032380e+00	1.318589e-02	1.318589e-02
6.500000e+01	8.500000e+01	4.897659e-01	7.322182e-03	7.322182e-03
8.500000e+01	1.200000e+02	1.957312e-01	3.499108e-03	3.499108e-03
1.200000e+02	1.600000e+02	6.896570e-02	1.942888e-03	1.942888e-03
1.600000e+02	1.900000e+02	2.926481e-02	1.461415e-03	1.461415e-03
1.900000e+02	2.200000e+02	1.430400e-02	1.021714e-03	1.021714e-03
2.200000e+02	2.500000e+02	1.058204e-02	8.787904e-04	8.787904e-04
2.500000e+02	3.000000e+02	4.510138e-03	4.443970e-04	4.443970e-04
3.000000e+02	4.000000e+02	1.423102e-03	1.765140e-04	1.765140e-04
4.000000e+02	5.000000e+02	3.940897e-04	9.288782e-05	9.288782e-05
5.000000e+02	8.000000e+02	2.919183e-05	1.459591e-05	1.459591e-05
8.000000e+02	1.500000e+03	3.127696e-06	3.127696e-06	3.127696e-06
# END HISTO1D


# BEGIN HISTO1D //eos/home-m/mdessena/CMSSW_eos/CMSSW_11_2_4/src/Final_Results_MCNNTUNES/Tune_PrimordialkT_CP5_default/CP5_default.yoda/CMS_2019_I1753680/d27-x01-y03
ErrorBars=1
LineColor=green
LineStyle=solid
Path=//eos/home-m/mdessena/CMSSW_eos/CMSSW_11_2_4/src/Final_Results_MCNNTUNES/Tune_PrimordialkT_CP5_default/CP5_default.yoda/CMS_2019_I1753680/d27-x01-y03
ScaledBy=2.18938705745894179e-03
Title=CP5_default
# xlow	 xhigh	 val	 errminus	 errplus
0.000000e+00	1.000000e+00	1.084403e+01	1.540837e-01	1.540837e-01
1.000000e+00	2.000000e+00	2.851896e+01	2.498780e-01	2.498780e-01
2.000000e+00	3.000000e+00	3.849161e+01	2.902982e-01	2.902982e-01
3.000000e+00	4.000000e+00	4.109480e+01	2.999540e-01	2.999540e-01
4.000000e+00	5.000000e+00	4.022342e+01	2.967569e-01	2.967569e-01
5.000000e+00	6.000000e+00	3.648176e+01	2.826176e-01	2.826176e-01
6.000000e+00	7.000000e+00	3.206357e+01	2.649520e-01	2.649520e-01
7.000000e+00	8.000000e+00	2.890867e+01	2.515795e-01	2.515795e-01
8.000000e+00	9.000000e+00	2.664484e+01	2.415282e-01	2.415282e-01
9.000000e+00	1.000000e+01	2.410077e+01	2.297083e-01	2.297083e-01
1.000000e+01	1.100000e+01	2.188511e+01	2.188949e-01	2.188949e-01
1.100000e+01	1.200000e+01	2.032627e+01	2.109551e-01	2.109551e-01
1.200000e+01	1.300000e+01	1.860103e+01	2.018040e-01	2.018040e-01
1.300000e+01	1.400000e+01	1.712539e+01	1.936339e-01	1.936339e-01
1.400000e+01	1.600000e+01	1.513304e+01	1.287091e-01	1.287091e-01
1.600000e+01	1.800000e+01	1.316698e+01	1.200575e-01	1.200575e-01
1.800000e+01	2.000000e+01	1.126549e+01	1.110507e-01	1.110507e-01
2.000000e+01	2.200000e+01	9.749340e+00	1.033080e-01	1.033080e-01
2.200000e+01	2.500000e+01	8.235013e+00	7.752340e-02	7.752340e-02
2.500000e+01	2.800000e+01	6.979767e+00	7.137089e-02	7.137089e-02
2.800000e+01	3.200000e+01	5.502478e+00	5.487953e-02	5.487953e-02
3.200000e+01	3.700000e+01	4.215884e+00	4.296557e-02	4.296557e-02
3.700000e+01	4.300000e+01	2.925752e+00	3.267415e-02	3.267415e-02
4.300000e+01	5.200000e+01	1.864141e+00	2.129509e-02	2.129509e-02
5.200000e+01	6.500000e+01	1.027833e+00	1.315682e-02	1.315682e-02
6.500000e+01	8.500000e+01	4.903132e-01	7.326273e-03	7.326273e-03
8.500000e+01	1.200000e+02	1.921656e-01	3.467090e-03	3.467090e-03
1.200000e+02	1.600000e+02	6.715945e-02	1.917277e-03	1.917277e-03
1.600000e+02	1.900000e+02	3.043248e-02	1.490285e-03	1.490285e-03
1.900000e+02	2.200000e+02	1.466889e-02	1.034664e-03	1.034664e-03
2.200000e+02	2.500000e+02	9.852243e-03	8.479459e-04	8.479459e-04
2.500000e+02	3.000000e+02	4.597712e-03	4.486908e-04	4.486908e-04
3.000000e+02	4.000000e+02	1.444995e-03	1.778666e-04	1.778666e-04
4.000000e+02	5.000000e+02	3.721958e-04	9.027074e-05	9.027074e-05
5.000000e+02	8.000000e+02	2.919183e-05	1.459591e-05	1.459591e-05
8.000000e+02	1.500000e+03	3.127696e-06	3.127696e-06	3.127696e-06
# END HISTO1D

