# BEGIN PLOT
LegendOnly=/CMS_2019_I1753680/d27-x01-y02 //eos/home-m/mdessena/CMSSW_eos/CMSSW_11_2_4/src/Final_Results_MCNNTUNES/Tune_PrimordialkT_PerBinModel_1/PerBin.yoda/CMS_2019_I1753680/d27-x01-y02 //eos/home-m/mdessena/CMSSW_eos/CMSSW_11_2_4/src/Final_Results_MCNNTUNES/Tune_PrimordialkT_InverseModel_2/Inverse.yoda/CMS_2019_I1753680/d27-x01-y02 //eos/home-m/mdessena/CMSSW_eos/CMSSW_11_2_4/src/Final_Results_MCNNTUNES/Tune_PrimordialkT_CP5_default/CP5_default.yoda/CMS_2019_I1753680/d27-x01-y02
DrawOnly=/CMS_2019_I1753680/d27-x01-y02 //eos/home-m/mdessena/CMSSW_eos/CMSSW_11_2_4/src/Final_Results_MCNNTUNES/Tune_PrimordialkT_PerBinModel_1/PerBin.yoda/CMS_2019_I1753680/d27-x01-y02 //eos/home-m/mdessena/CMSSW_eos/CMSSW_11_2_4/src/Final_Results_MCNNTUNES/Tune_PrimordialkT_InverseModel_2/Inverse.yoda/CMS_2019_I1753680/d27-x01-y02 //eos/home-m/mdessena/CMSSW_eos/CMSSW_11_2_4/src/Final_Results_MCNNTUNES/Tune_PrimordialkT_CP5_default/CP5_default.yoda/CMS_2019_I1753680/d27-x01-y02
Title=CMS, 13 TeV, $Z \to e^+ e^-$
RatioPlotReference=/CMS_2019_I1753680/d27-x01-y02
RatioPlot=1
LogX=1
LogY=0
RatioPlotYMax=1.25
XLabel=$p_{T}^{Z}$ [GeV]
YLabel=$d\sigma/dp_{T}^{Z}$ [pb/GeV]
XMin=0.1
Legend=1
RatioPlotYMin=0.75
# END PLOT

# BEGIN HISTO1D /CMS_2019_I1753680/d27-x01-y02
ConnectBins=0
ErrorBars=1
IsRef=1
Path=/CMS_2019_I1753680/d27-x01-y02
PolyMarker=*
Title=Data
# xlow	 xhigh	 val	 errminus	 errplus
0.000000e+00	1.000000e+00	9.004200e+00	2.959600e-01	2.959600e-01
1.000000e+00	2.000000e+00	2.348200e+01	7.559700e-01	7.559700e-01
2.000000e+00	3.000000e+00	3.284800e+01	1.043700e+00	1.043700e+00
3.000000e+00	4.000000e+00	3.702500e+01	1.168100e+00	1.168100e+00
4.000000e+00	5.000000e+00	3.757800e+01	1.178500e+00	1.178500e+00
5.000000e+00	6.000000e+00	3.620100e+01	1.130200e+00	1.130200e+00
6.000000e+00	7.000000e+00	3.427500e+01	1.067300e+00	1.067300e+00
7.000000e+00	8.000000e+00	3.220000e+01	1.000300e+00	1.000300e+00
8.000000e+00	9.000000e+00	2.983400e+01	9.249100e-01	9.249100e-01
9.000000e+00	1.000000e+01	2.736900e+01	8.475100e-01	8.475100e-01
1.000000e+01	1.100000e+01	2.497300e+01	7.726500e-01	7.726500e-01
1.100000e+01	1.200000e+01	2.334000e+01	7.217100e-01	7.217100e-01
1.200000e+01	1.300000e+01	2.167800e+01	6.698100e-01	6.698100e-01
1.300000e+01	1.400000e+01	1.970700e+01	6.076400e-01	6.076400e-01
1.400000e+01	1.600000e+01	1.756100e+01	5.401800e-01	5.401800e-01
1.600000e+01	1.800000e+01	1.522100e+01	4.677100e-01	4.677100e-01
1.800000e+01	2.000000e+01	1.311900e+01	4.030800e-01	4.030800e-01
2.000000e+01	2.200000e+01	1.135400e+01	3.492600e-01	3.492600e-01
2.200000e+01	2.500000e+01	9.736000e+00	3.003700e-01	3.003700e-01
2.500000e+01	2.800000e+01	7.967900e+00	2.467000e-01	2.467000e-01
2.800000e+01	3.200000e+01	6.485600e+00	2.017000e-01	2.017000e-01
3.200000e+01	3.700000e+01	5.067100e+00	1.582100e-01	1.582100e-01
3.700000e+01	4.300000e+01	3.717200e+00	1.163500e-01	1.163500e-01
4.300000e+01	5.200000e+01	2.604300e+00	8.202800e-02	8.202800e-02
5.200000e+01	6.500000e+01	1.552400e+00	4.934600e-02	4.934600e-02
6.500000e+01	8.500000e+01	8.006900e-01	2.571200e-02	2.571200e-02
8.500000e+01	1.200000e+02	3.465500e-01	1.139800e-02	1.139800e-02
1.200000e+02	1.600000e+02	1.289300e-01	4.463100e-03	4.463100e-03
1.600000e+02	1.900000e+02	5.587200e-02	2.060600e-03	2.060600e-03
1.900000e+02	2.200000e+02	3.032100e-02	1.169600e-03	1.169600e-03
2.200000e+02	2.500000e+02	1.730800e-02	6.857500e-04	6.857500e-04
2.500000e+02	3.000000e+02	8.817400e-03	3.589800e-04	3.589800e-04
3.000000e+02	4.000000e+02	2.931200e-03	1.305100e-04	1.305100e-04
4.000000e+02	5.000000e+02	8.039300e-04	4.285600e-05	4.285600e-05
5.000000e+02	8.000000e+02	1.338700e-04	9.139000e-06	9.139000e-06
8.000000e+02	1.500000e+03	5.860300e-06	5.333100e-07	5.333100e-07
# END HISTO1D


# BEGIN HISTO1D //eos/home-m/mdessena/CMSSW_eos/CMSSW_11_2_4/src/Final_Results_MCNNTUNES/Tune_PrimordialkT_PerBinModel_1/PerBin.yoda/CMS_2019_I1753680/d27-x01-y02
ErrorBars=1
LineColor=red
LineStyle=solid
Path=//eos/home-m/mdessena/CMSSW_eos/CMSSW_11_2_4/src/Final_Results_MCNNTUNES/Tune_PrimordialkT_PerBinModel_1/PerBin.yoda/CMS_2019_I1753680/d27-x01-y02
ScaledBy=4.37877411491788358e-03
Title=PerBin
# xlow	 xhigh	 val	 errminus	 errplus
0.000000e+00	1.000000e+00	7.470189e+00	1.808598e-01	1.808598e-01
1.000000e+00	2.000000e+00	2.117137e+01	3.044744e-01	3.044744e-01
2.000000e+00	3.000000e+00	3.186872e+01	3.735584e-01	3.735584e-01
3.000000e+00	4.000000e+00	3.709260e+01	4.030138e-01	4.030138e-01
4.000000e+00	5.000000e+00	3.914624e+01	4.140199e-01	4.140199e-01
5.000000e+00	6.000000e+00	3.798587e+01	4.078376e-01	4.078376e-01
6.000000e+00	7.000000e+00	3.523162e+01	3.927739e-01	3.927739e-01
7.000000e+00	8.000000e+00	3.195191e+01	3.740457e-01	3.740457e-01
8.000000e+00	9.000000e+00	2.926335e+01	3.579631e-01	3.579631e-01
9.000000e+00	1.000000e+01	2.625951e+01	3.390936e-01	3.390936e-01
1.000000e+01	1.100000e+01	2.370668e+01	3.221897e-01	3.221897e-01
1.100000e+01	1.200000e+01	2.096995e+01	3.030226e-01	3.030226e-01
1.200000e+01	1.300000e+01	1.945051e+01	2.918380e-01	2.918380e-01
1.300000e+01	1.400000e+01	1.795297e+01	2.803784e-01	2.803784e-01
1.400000e+01	1.600000e+01	1.591685e+01	1.866765e-01	1.866765e-01
1.600000e+01	1.800000e+01	1.333118e+01	1.708423e-01	1.708423e-01
1.800000e+01	2.000000e+01	1.145925e+01	1.583943e-01	1.583943e-01
2.000000e+01	2.200000e+01	9.734015e+00	1.459847e-01	1.459847e-01
2.200000e+01	2.500000e+01	8.481687e+00	1.112645e-01	1.112645e-01
2.500000e+01	2.800000e+01	7.096533e+00	1.017745e-01	1.017745e-01
2.800000e+01	3.200000e+01	5.643145e+00	7.859717e-02	7.859717e-02
3.200000e+01	3.700000e+01	4.235150e+00	6.090118e-02	6.090118e-02
3.700000e+01	4.300000e+01	3.024273e+00	4.697980e-02	4.697980e-02
4.300000e+01	5.200000e+01	1.848329e+00	2.998780e-02	2.998780e-02
5.200000e+01	6.500000e+01	1.020592e+00	1.854089e-02	1.854089e-02
6.500000e+01	8.500000e+01	4.851681e-01	1.030641e-02	1.030641e-02
8.500000e+01	1.200000e+02	1.925409e-01	4.907992e-03	4.907992e-03
1.200000e+02	1.600000e+02	6.863727e-02	2.741109e-03	2.741109e-03
1.600000e+02	1.900000e+02	3.240293e-02	2.174742e-03	2.174742e-03
1.900000e+02	2.200000e+02	1.444995e-02	1.452275e-03	1.452275e-03
2.200000e+02	2.500000e+02	9.925220e-03	1.203610e-03	1.203610e-03
2.500000e+02	3.000000e+02	4.904228e-03	6.553549e-04	6.553549e-04
3.000000e+02	4.000000e+02	1.488783e-03	2.553242e-04	2.553242e-04
4.000000e+02	5.000000e+02	5.254529e-04	1.516852e-04	1.516852e-04
5.000000e+02	8.000000e+02	1.459591e-05	1.459591e-05	1.459591e-05
8.000000e+02	1.500000e+03	6.255391e-06	6.255391e-06	6.255391e-06
# END HISTO1D


# BEGIN HISTO1D //eos/home-m/mdessena/CMSSW_eos/CMSSW_11_2_4/src/Final_Results_MCNNTUNES/Tune_PrimordialkT_InverseModel_2/Inverse.yoda/CMS_2019_I1753680/d27-x01-y02
ErrorBars=1
LineColor=blue
LineStyle=solid
Path=//eos/home-m/mdessena/CMSSW_eos/CMSSW_11_2_4/src/Final_Results_MCNNTUNES/Tune_PrimordialkT_InverseModel_2/Inverse.yoda/CMS_2019_I1753680/d27-x01-y02
ScaledBy=4.37877411491788358e-03
Title=Inverse
# xlow	 xhigh	 val	 errminus	 errplus
0.000000e+00	1.000000e+00	7.452674e+00	1.806476e-01	1.806476e-01
1.000000e+00	2.000000e+00	2.131587e+01	3.055117e-01	3.055117e-01
2.000000e+00	3.000000e+00	3.174611e+01	3.728392e-01	3.728392e-01
3.000000e+00	4.000000e+00	3.788515e+01	4.072966e-01	4.072966e-01
4.000000e+00	5.000000e+00	3.978116e+01	4.173640e-01	4.173640e-01
5.000000e+00	6.000000e+00	3.727650e+01	4.040116e-01	4.040116e-01
6.000000e+00	7.000000e+00	3.541115e+01	3.937733e-01	3.937733e-01
7.000000e+00	8.000000e+00	3.157972e+01	3.718609e-01	3.718609e-01
8.000000e+00	9.000000e+00	2.885174e+01	3.554368e-01	3.554368e-01
9.000000e+00	1.000000e+01	2.622448e+01	3.388674e-01	3.388674e-01
1.000000e+01	1.100000e+01	2.381177e+01	3.229031e-01	3.229031e-01
1.100000e+01	1.200000e+01	2.137718e+01	3.059507e-01	3.059507e-01
1.200000e+01	1.300000e+01	1.942424e+01	2.916408e-01	2.916408e-01
1.300000e+01	1.400000e+01	1.767273e+01	2.781814e-01	2.781814e-01
1.400000e+01	1.600000e+01	1.570885e+01	1.854528e-01	1.854528e-01
1.600000e+01	1.800000e+01	1.364207e+01	1.728230e-01	1.728230e-01
1.800000e+01	2.000000e+01	1.159938e+01	1.593597e-01	1.593597e-01
2.000000e+01	2.200000e+01	9.974845e+00	1.477796e-01	1.477796e-01
2.200000e+01	2.500000e+01	8.474387e+00	1.112167e-01	1.112167e-01
2.500000e+01	2.800000e+01	6.845483e+00	9.995804e-02	9.995804e-02
2.800000e+01	3.200000e+01	5.533675e+00	7.783110e-02	7.783110e-02
3.200000e+01	3.700000e+01	4.136190e+00	6.018545e-02	6.018545e-02
3.700000e+01	4.300000e+01	3.003110e+00	4.681513e-02	4.681513e-02
4.300000e+01	5.200000e+01	1.899414e+00	3.039939e-02	3.039939e-02
5.200000e+01	6.500000e+01	1.021602e+00	1.855006e-02	1.855006e-02
6.500000e+01	8.500000e+01	4.904227e-01	1.036207e-02	1.036207e-02
8.500000e+01	1.200000e+02	1.952933e-01	4.942947e-03	4.942947e-03
1.200000e+02	1.600000e+02	7.148347e-02	2.797365e-03	2.797365e-03
1.600000e+02	1.900000e+02	2.875395e-02	2.048634e-03	2.048634e-03
1.900000e+02	2.200000e+02	1.517975e-02	1.488497e-03	1.488497e-03
2.200000e+02	2.500000e+02	1.050906e-02	1.238504e-03	1.238504e-03
2.500000e+02	3.000000e+02	5.079378e-03	6.669549e-04	6.669549e-04
3.000000e+02	4.000000e+02	1.532571e-03	2.590518e-04	2.590518e-04
4.000000e+02	5.000000e+02	4.816652e-04	1.452275e-04	1.452275e-04
5.000000e+02	8.000000e+02	1.459591e-05	1.459591e-05	1.459591e-05
8.000000e+02	1.500000e+03	6.255391e-06	6.255391e-06	6.255391e-06
# END HISTO1D


# BEGIN HISTO1D //eos/home-m/mdessena/CMSSW_eos/CMSSW_11_2_4/src/Final_Results_MCNNTUNES/Tune_PrimordialkT_CP5_default/CP5_default.yoda/CMS_2019_I1753680/d27-x01-y02
ErrorBars=1
LineColor=green
LineStyle=solid
Path=//eos/home-m/mdessena/CMSSW_eos/CMSSW_11_2_4/src/Final_Results_MCNNTUNES/Tune_PrimordialkT_CP5_default/CP5_default.yoda/CMS_2019_I1753680/d27-x01-y02
ScaledBy=4.37877411491788358e-03
Title=CP5_default
# xlow	 xhigh	 val	 errminus	 errplus
0.000000e+00	1.000000e+00	1.071924e+01	2.166498e-01	2.166498e-01
1.000000e+00	2.000000e+00	2.830877e+01	3.520763e-01	3.520763e-01
2.000000e+00	3.000000e+00	3.855948e+01	4.109055e-01	4.109055e-01
3.000000e+00	4.000000e+00	4.056058e+01	4.214328e-01	4.214328e-01
4.000000e+00	5.000000e+00	4.015336e+01	4.193119e-01	4.193119e-01
5.000000e+00	6.000000e+00	3.704005e+01	4.027282e-01	4.027282e-01
6.000000e+00	7.000000e+00	3.222778e+01	3.756570e-01	3.756570e-01
7.000000e+00	8.000000e+00	2.865032e+01	3.541939e-01	3.541939e-01
8.000000e+00	9.000000e+00	2.630767e+01	3.394045e-01	3.394045e-01
9.000000e+00	1.000000e+01	2.364538e+01	3.217729e-01	3.217729e-01
1.000000e+01	1.100000e+01	2.201210e+01	3.104609e-01	3.104609e-01
1.100000e+01	1.200000e+01	2.032189e+01	2.983035e-01	2.983035e-01
1.200000e+01	1.300000e+01	1.874991e+01	2.865338e-01	2.865338e-01
1.300000e+01	1.400000e+01	1.741876e+01	2.761754e-01	2.761754e-01
1.400000e+01	1.600000e+01	1.498635e+01	1.811379e-01	1.811379e-01
1.600000e+01	1.800000e+01	1.331585e+01	1.707441e-01	1.707441e-01
1.800000e+01	2.000000e+01	1.118339e+01	1.564761e-01	1.564761e-01
2.000000e+01	2.200000e+01	9.653010e+00	1.453760e-01	1.453760e-01
2.200000e+01	2.500000e+01	8.313833e+00	1.101581e-01	1.101581e-01
2.500000e+01	2.800000e+01	7.030850e+00	1.013024e-01	1.013024e-01
2.800000e+01	3.200000e+01	5.516160e+00	7.770782e-02	7.770782e-02
3.200000e+01	3.700000e+01	4.261422e+00	6.108978e-02	6.108978e-02
3.700000e+01	4.300000e+01	2.980485e+00	4.663846e-02	4.663846e-02
4.300000e+01	5.200000e+01	1.849789e+00	2.999964e-02	2.999964e-02
5.200000e+01	6.500000e+01	1.036085e+00	1.868110e-02	1.868110e-02
6.500000e+01	8.500000e+01	4.845114e-01	1.029943e-02	1.029943e-02
8.500000e+01	1.200000e+02	1.920405e-01	4.901609e-03	4.901609e-03
1.200000e+02	1.600000e+02	6.743313e-02	2.716958e-03	2.716958e-03
1.600000e+02	1.900000e+02	2.992162e-02	2.089817e-03	2.089817e-03
1.900000e+02	2.200000e+02	1.605551e-02	1.530832e-03	1.530832e-03
2.200000e+02	2.500000e+02	9.195427e-03	1.158515e-03	1.158515e-03
2.500000e+02	3.000000e+02	5.166954e-03	6.726800e-04	6.726800e-04
3.000000e+02	4.000000e+02	1.576359e-03	2.627265e-04	2.627265e-04
4.000000e+02	5.000000e+02	4.378774e-04	1.384690e-04	1.384690e-04
5.000000e+02	8.000000e+02	1.459591e-05	1.459591e-05	1.459591e-05
8.000000e+02	1.500000e+03	6.255391e-06	6.255391e-06	6.255391e-06
# END HISTO1D

