# BEGIN PLOT
LegendOnly=/CMS_2019_I1753680/d28-x01-y03 //eos/home-m/mdessena/CMSSW_eos/CMSSW_11_2_4/src/Final_Results_MCNNTUNES/Tune_PrimordialkT_PerBinModel_1/PerBin.yoda/CMS_2019_I1753680/d28-x01-y03 //eos/home-m/mdessena/CMSSW_eos/CMSSW_11_2_4/src/Final_Results_MCNNTUNES/Tune_PrimordialkT_InverseModel_2/Inverse.yoda/CMS_2019_I1753680/d28-x01-y03 //eos/home-m/mdessena/CMSSW_eos/CMSSW_11_2_4/src/Final_Results_MCNNTUNES/Tune_PrimordialkT_CP5_default/CP5_default.yoda/CMS_2019_I1753680/d28-x01-y03
DrawOnly=/CMS_2019_I1753680/d28-x01-y03 //eos/home-m/mdessena/CMSSW_eos/CMSSW_11_2_4/src/Final_Results_MCNNTUNES/Tune_PrimordialkT_PerBinModel_1/PerBin.yoda/CMS_2019_I1753680/d28-x01-y03 //eos/home-m/mdessena/CMSSW_eos/CMSSW_11_2_4/src/Final_Results_MCNNTUNES/Tune_PrimordialkT_InverseModel_2/Inverse.yoda/CMS_2019_I1753680/d28-x01-y03 //eos/home-m/mdessena/CMSSW_eos/CMSSW_11_2_4/src/Final_Results_MCNNTUNES/Tune_PrimordialkT_CP5_default/CP5_default.yoda/CMS_2019_I1753680/d28-x01-y03
Title=CMS, 13 TeV, $Z \to \ell^+ \ell^-$
RatioPlotReference=/CMS_2019_I1753680/d28-x01-y03
RatioPlot=1
LogX=1
LogY=0
RatioPlotYMax=1.25
XLabel=$\phi^{*}_{\eta}$
YLabel=$d\sigma/d\phi^{*}_{\eta}$ [pb]
XMin=0.001
Legend=1
RatioPlotYMin=0.75
# END PLOT

# BEGIN HISTO1D /CMS_2019_I1753680/d28-x01-y03
ConnectBins=0
ErrorBars=1
IsRef=1
Path=/CMS_2019_I1753680/d28-x01-y03
PolyMarker=*
Title=Data
# xlow	 xhigh	 val	 errminus	 errplus
1.000000e-03	2.000000e-03	6.099800e+03	1.620600e+02	1.620600e+02
2.000000e-03	3.000000e-03	6.032700e+03	1.582700e+02	1.582700e+02
3.000000e-03	4.000000e-03	5.983300e+03	1.556200e+02	1.556200e+02
4.000000e-03	5.000000e-03	5.951000e+03	1.540300e+02	1.540300e+02
5.000000e-03	6.000000e-03	5.932400e+03	1.533200e+02	1.533200e+02
6.000000e-03	7.000000e-03	5.920300e+03	1.531900e+02	1.531900e+02
7.000000e-03	8.000000e-03	5.902200e+03	1.529100e+02	1.529100e+02
8.000000e-03	9.000000e-03	5.875700e+03	1.522100e+02	1.522100e+02
9.000000e-03	1.000000e-02	5.844800e+03	1.512800e+02	1.512800e+02
1.000000e-02	2.000000e-02	5.669600e+03	1.466500e+02	1.466500e+02
2.000000e-02	3.000000e-02	5.170000e+03	1.337200e+02	1.337200e+02
3.000000e-02	4.000000e-02	4.621800e+03	1.195900e+02	1.195900e+02
4.000000e-02	5.000000e-02	4.094900e+03	1.060300e+02	1.060300e+02
5.000000e-02	6.000000e-02	3.609700e+03	9.355100e+01	9.355100e+01
6.000000e-02	7.000000e-02	3.182900e+03	8.257200e+01	8.257200e+01
7.000000e-02	8.000000e-02	2.812500e+03	7.301200e+01	7.301200e+01
8.000000e-02	9.000000e-02	2.508400e+03	6.515200e+01	6.515200e+01
9.000000e-02	1.000000e-01	2.239600e+03	5.823400e+01	5.823400e+01
1.000000e-01	2.000000e-01	1.347000e+03	3.515700e+01	3.515700e+01
2.000000e-01	3.000000e-01	5.986100e+02	1.574000e+01	1.574000e+01
3.000000e-01	4.000000e-01	3.203700e+02	8.503800e+00	8.503800e+00
4.000000e-01	5.000000e-01	1.937500e+02	5.196400e+00	5.196400e+00
5.000000e-01	6.000000e-01	1.267300e+02	3.435600e+00	3.435600e+00
6.000000e-01	7.000000e-01	8.647200e+01	2.371000e+00	2.371000e+00
7.000000e-01	8.000000e-01	6.260300e+01	1.736200e+00	1.736200e+00
8.000000e-01	9.000000e-01	4.614200e+01	1.293800e+00	1.293800e+00
9.000000e-01	1.000000e+00	3.507600e+01	1.000000e+00	1.000000e+00
1.000000e+00	3.000000e+00	7.919300e+00	2.322100e-01	2.322100e-01
3.000000e+00	5.000000e+00	9.295700e-01	2.809200e-02	2.809200e-02
5.000000e+00	7.000000e+00	3.439900e-01	1.058100e-02	1.058100e-02
7.000000e+00	1.000000e+01	1.642400e-01	5.077300e-03	5.077300e-03
1.000000e+01	2.000000e+01	5.575600e-02	1.731200e-03	1.731200e-03
2.000000e+01	3.000000e+01	1.838100e-02	5.749900e-04	5.749900e-04
3.000000e+01	5.000000e+01	1.800700e-02	5.653300e-04	5.653300e-04
# END HISTO1D


# BEGIN HISTO1D //eos/home-m/mdessena/CMSSW_eos/CMSSW_11_2_4/src/Final_Results_MCNNTUNES/Tune_PrimordialkT_PerBinModel_1/PerBin.yoda/CMS_2019_I1753680/d28-x01-y03
ErrorBars=1
LineColor=red
LineStyle=solid
Path=//eos/home-m/mdessena/CMSSW_eos/CMSSW_11_2_4/src/Final_Results_MCNNTUNES/Tune_PrimordialkT_PerBinModel_1/PerBin.yoda/CMS_2019_I1753680/d28-x01-y03
ScaledBy=2.18938705745894179e-03
Title=PerBin
# xlow	 xhigh	 val	 errminus	 errplus
1.000000e-03	2.000000e-03	5.904777e+03	1.137007e+02	1.137007e+02
2.000000e-03	3.000000e-03	5.622346e+03	1.109481e+02	1.109481e+02
3.000000e-03	4.000000e-03	5.633293e+03	1.110561e+02	1.110561e+02
4.000000e-03	5.000000e-03	5.959512e+03	1.142264e+02	1.142264e+02
5.000000e-03	6.000000e-03	5.880694e+03	1.134685e+02	1.134685e+02
6.000000e-03	7.000000e-03	5.663944e+03	1.113578e+02	1.113578e+02
7.000000e-03	8.000000e-03	5.677081e+03	1.114869e+02	1.114869e+02
8.000000e-03	9.000000e-03	5.646429e+03	1.111855e+02	1.111855e+02
9.000000e-03	1.000000e-02	5.554475e+03	1.102765e+02	1.102765e+02
1.000000e-02	2.000000e-02	5.531924e+03	3.480161e+01	3.480161e+01
2.000000e-02	3.000000e-02	5.124260e+03	3.349476e+01	3.349476e+01
3.000000e-02	4.000000e-02	4.639749e+03	3.187195e+01	3.187195e+01
4.000000e-02	5.000000e-02	4.141445e+03	3.011183e+01	3.011183e+01
5.000000e-02	6.000000e-02	3.661969e+03	2.831513e+01	2.831513e+01
6.000000e-02	7.000000e-02	3.097764e+03	2.604266e+01	2.604266e+01
7.000000e-02	8.000000e-02	2.732136e+03	2.445752e+01	2.445752e+01
8.000000e-02	9.000000e-02	2.382053e+03	2.283689e+01	2.283689e+01
9.000000e-02	1.000000e-01	2.116043e+03	2.152402e+01	2.152402e+01
1.000000e-01	2.000000e-01	1.208542e+03	5.143894e+00	5.143894e+00
2.000000e-01	3.000000e-01	5.279269e+02	3.399759e+00	3.399759e+00
3.000000e-01	4.000000e-01	2.752060e+02	2.454654e+00	2.454654e+00
4.000000e-01	5.000000e-01	1.428794e+02	1.768667e+00	1.768667e+00
5.000000e-01	6.000000e-01	8.775063e+01	1.386074e+00	1.386074e+00
6.000000e-01	7.000000e-01	5.681459e+01	1.115299e+00	1.115299e+00
7.000000e-01	8.000000e-01	3.778882e+01	9.095842e-01	9.095842e-01
8.000000e-01	9.000000e-01	2.822120e+01	7.860479e-01	7.860479e-01
9.000000e-01	1.000000e+00	2.139031e+01	6.843367e-01	6.843367e-01
1.000000e+00	3.000000e+00	4.328418e+00	6.883526e-02	6.883526e-02
3.000000e+00	5.000000e+00	4.849492e-01	2.304063e-02	2.304063e-02
5.000000e+00	7.000000e+00	2.003289e-01	1.480874e-02	1.480874e-02
7.000000e+00	1.000000e+01	8.830527e-02	8.027753e-03	8.027753e-03
1.000000e+01	2.000000e+01	3.087036e-02	2.599753e-03	2.599753e-03
2.000000e+01	3.000000e+01	7.881793e-03	1.313632e-03	1.313632e-03
3.000000e+01	5.000000e+01	3.831428e-03	6.476293e-04	6.476293e-04
# END HISTO1D


# BEGIN HISTO1D //eos/home-m/mdessena/CMSSW_eos/CMSSW_11_2_4/src/Final_Results_MCNNTUNES/Tune_PrimordialkT_InverseModel_2/Inverse.yoda/CMS_2019_I1753680/d28-x01-y03
ErrorBars=1
LineColor=blue
LineStyle=solid
Path=//eos/home-m/mdessena/CMSSW_eos/CMSSW_11_2_4/src/Final_Results_MCNNTUNES/Tune_PrimordialkT_InverseModel_2/Inverse.yoda/CMS_2019_I1753680/d28-x01-y03
ScaledBy=2.18938705745894179e-03
Title=Inverse
# xlow	 xhigh	 val	 errminus	 errplus
1.000000e-03	2.000000e-03	5.784361e+03	1.125353e+02	1.125353e+02
2.000000e-03	3.000000e-03	5.867557e+03	1.133417e+02	1.133417e+02
3.000000e-03	4.000000e-03	5.860989e+03	1.132783e+02	1.132783e+02
4.000000e-03	5.000000e-03	5.839095e+03	1.130665e+02	1.130665e+02
5.000000e-03	6.000000e-03	5.769035e+03	1.123862e+02	1.123862e+02
6.000000e-03	7.000000e-03	5.725247e+03	1.119588e+02	1.119588e+02
7.000000e-03	8.000000e-03	5.771224e+03	1.124075e+02	1.124075e+02
8.000000e-03	9.000000e-03	5.539149e+03	1.101242e+02	1.101242e+02
9.000000e-03	1.000000e-02	5.698975e+03	1.117017e+02	1.117017e+02
1.000000e-02	2.000000e-02	5.565860e+03	3.490819e+01	3.490819e+01
2.000000e-02	3.000000e-02	5.128420e+03	3.350836e+01	3.350836e+01
3.000000e-02	4.000000e-02	4.633838e+03	3.185162e+01	3.185162e+01
4.000000e-02	5.000000e-02	4.135971e+03	3.009193e+01	3.009193e+01
5.000000e-02	6.000000e-02	3.628033e+03	2.818363e+01	2.818363e+01
6.000000e-02	7.000000e-02	3.155783e+03	2.628541e+01	2.628541e+01
7.000000e-02	8.000000e-02	2.713526e+03	2.437408e+01	2.437408e+01
8.000000e-02	9.000000e-02	2.351183e+03	2.268843e+01	2.268843e+01
9.000000e-02	1.000000e-01	2.093273e+03	2.140791e+01	2.140791e+01
1.000000e-01	2.000000e-01	1.218065e+03	5.164123e+00	5.164123e+00
2.000000e-01	3.000000e-01	5.179433e+02	3.367459e+00	3.367459e+00
3.000000e-01	4.000000e-01	2.699295e+02	2.431008e+00	2.431008e+00
4.000000e-01	5.000000e-01	1.467108e+02	1.792224e+00	1.792224e+00
5.000000e-01	6.000000e-01	8.744412e+01	1.383651e+00	1.383651e+00
6.000000e-01	7.000000e-01	5.668323e+01	1.114009e+00	1.114009e+00
7.000000e-01	8.000000e-01	3.888351e+01	9.226649e-01	9.226649e-01
8.000000e-01	9.000000e-01	2.822120e+01	7.860479e-01	7.860479e-01
9.000000e-01	1.000000e+00	2.095243e+01	6.772960e-01	6.772960e-01
1.000000e+00	3.000000e+00	4.406142e+00	6.945052e-02	6.945052e-02
3.000000e+00	5.000000e+00	5.035590e-01	2.347856e-02	2.347856e-02
5.000000e+00	7.000000e+00	1.926661e-01	1.452275e-02	1.452275e-02
7.000000e+00	1.000000e+01	8.830527e-02	8.027753e-03	8.027753e-03
1.000000e+01	2.000000e+01	3.152717e-02	2.627265e-03	2.627265e-03
2.000000e+01	3.000000e+01	1.072800e-02	1.532571e-03	1.532571e-03
3.000000e+01	5.000000e+01	4.378774e-03	6.923449e-04	6.923449e-04
# END HISTO1D


# BEGIN HISTO1D //eos/home-m/mdessena/CMSSW_eos/CMSSW_11_2_4/src/Final_Results_MCNNTUNES/Tune_PrimordialkT_CP5_default/CP5_default.yoda/CMS_2019_I1753680/d28-x01-y03
ErrorBars=1
LineColor=green
LineStyle=solid
Path=//eos/home-m/mdessena/CMSSW_eos/CMSSW_11_2_4/src/Final_Results_MCNNTUNES/Tune_PrimordialkT_CP5_default/CP5_default.yoda/CMS_2019_I1753680/d28-x01-y03
ScaledBy=2.18938705745894179e-03
Title=CP5_default
# xlow	 xhigh	 val	 errminus	 errplus
1.000000e-03	2.000000e-03	6.493722e+03	1.192362e+02	1.192362e+02
2.000000e-03	3.000000e-03	6.535320e+03	1.196175e+02	1.196175e+02
3.000000e-03	4.000000e-03	6.618517e+03	1.203765e+02	1.203765e+02
4.000000e-03	5.000000e-03	6.550646e+03	1.197577e+02	1.197577e+02
5.000000e-03	6.000000e-03	6.421472e+03	1.185710e+02	1.185710e+02
6.000000e-03	7.000000e-03	6.371116e+03	1.181052e+02	1.181052e+02
7.000000e-03	8.000000e-03	6.596623e+03	1.201772e+02	1.201772e+02
8.000000e-03	9.000000e-03	6.329518e+03	1.177190e+02	1.177190e+02
9.000000e-03	1.000000e-02	6.592244e+03	1.201373e+02	1.201373e+02
1.000000e-02	2.000000e-02	6.054969e+03	3.640971e+01	3.640971e+01
2.000000e-02	3.000000e-02	5.431869e+03	3.448545e+01	3.448545e+01
3.000000e-02	4.000000e-02	4.719662e+03	3.214525e+01	3.214525e+01
4.000000e-02	5.000000e-02	4.040076e+03	2.974103e+01	2.974103e+01
5.000000e-02	6.000000e-02	3.444782e+03	2.746263e+01	2.746263e+01
6.000000e-02	7.000000e-02	2.924802e+03	2.530519e+01	2.530519e+01
7.000000e-02	8.000000e-02	2.511227e+03	2.344792e+01	2.344792e+01
8.000000e-02	9.000000e-02	2.238648e+03	2.213881e+01	2.213881e+01
9.000000e-02	1.000000e-01	1.935637e+03	2.058606e+01	2.058606e+01
1.000000e-01	2.000000e-01	1.165148e+03	5.050703e+00	5.050703e+00
2.000000e-01	3.000000e-01	5.175711e+02	3.366249e+00	3.366249e+00
3.000000e-01	4.000000e-01	2.660324e+02	2.413396e+00	2.413396e+00
4.000000e-01	5.000000e-01	1.463167e+02	1.789816e+00	1.789816e+00
5.000000e-01	6.000000e-01	8.468549e+01	1.361651e+00	1.361651e+00
6.000000e-01	7.000000e-01	5.596073e+01	1.106886e+00	1.106886e+00
7.000000e-01	8.000000e-01	3.811723e+01	9.135282e-01	9.135282e-01
8.000000e-01	9.000000e-01	2.931589e+01	8.011482e-01	8.011482e-01
9.000000e-01	1.000000e+00	1.948554e+01	6.531569e-01	6.531569e-01
1.000000e+00	3.000000e+00	4.428036e+00	6.962286e-02	6.962286e-02
3.000000e+00	5.000000e+00	4.948014e-01	2.327350e-02	2.327350e-02
5.000000e+00	7.000000e+00	1.893820e-01	1.439845e-02	1.439845e-02
7.000000e+00	1.000000e+01	9.341383e-02	8.256696e-03	8.256696e-03
1.000000e+01	2.000000e+01	3.108930e-02	2.608956e-03	2.608956e-03
2.000000e+01	3.000000e+01	9.633303e-03	1.452275e-03	1.452275e-03
3.000000e+01	5.000000e+01	4.050366e-03	6.658761e-04	6.658761e-04
# END HISTO1D

