# BEGIN PLOT
LegendOnly=/CMS_2019_I1753680/d33-x01-y04 //eos/home-m/mdessena/CMSSW_eos/CMSSW_11_2_4/src/Final_Results_MCNNTUNES/Tune_PrimordialkT_PerBinModel_1/PerBin.yoda/CMS_2019_I1753680/d33-x01-y04 //eos/home-m/mdessena/CMSSW_eos/CMSSW_11_2_4/src/Final_Results_MCNNTUNES/Tune_PrimordialkT_InverseModel_2/Inverse.yoda/CMS_2019_I1753680/d33-x01-y04 //eos/home-m/mdessena/CMSSW_eos/CMSSW_11_2_4/src/Final_Results_MCNNTUNES/Tune_PrimordialkT_CP5_default/CP5_default.yoda/CMS_2019_I1753680/d33-x01-y04
DrawOnly=/CMS_2019_I1753680/d33-x01-y04 //eos/home-m/mdessena/CMSSW_eos/CMSSW_11_2_4/src/Final_Results_MCNNTUNES/Tune_PrimordialkT_PerBinModel_1/PerBin.yoda/CMS_2019_I1753680/d33-x01-y04 //eos/home-m/mdessena/CMSSW_eos/CMSSW_11_2_4/src/Final_Results_MCNNTUNES/Tune_PrimordialkT_InverseModel_2/Inverse.yoda/CMS_2019_I1753680/d33-x01-y04 //eos/home-m/mdessena/CMSSW_eos/CMSSW_11_2_4/src/Final_Results_MCNNTUNES/Tune_PrimordialkT_CP5_default/CP5_default.yoda/CMS_2019_I1753680/d33-x01-y04
Title=CMS, 13 TeV, $Z \to \ell^+ \ell^-$, $1.2 < |y^{Z}| < 1.6$
RatioPlotReference=/CMS_2019_I1753680/d33-x01-y04
RatioPlot=1
LogX=1
LogY=0
RatioPlotYMax=1.25
XLabel=$p_{T}^{Z}$ [GeV]
YLabel=$1/\sigma d\sigma/dp_{T}^{Z}$ [1/GeV]
XMin=0.1
Legend=1
RatioPlotYMin=0.75
# END PLOT

# BEGIN HISTO1D /CMS_2019_I1753680/d33-x01-y04
ConnectBins=0
ErrorBars=1
IsRef=1
Path=/CMS_2019_I1753680/d33-x01-y04
PolyMarker=*
Title=Data
# xlow	 xhigh	 val	 errminus	 errplus
0.000000e+00	1.000000e+00	2.057100e-02	1.497400e-03	1.497400e-03
1.000000e+00	2.000000e+00	4.671500e-02	2.334300e-03	2.334300e-03
2.000000e+00	3.000000e+00	6.635800e-02	2.356700e-03	2.356700e-03
3.000000e+00	4.000000e+00	7.598700e-02	2.107200e-03	2.107200e-03
4.000000e+00	5.000000e+00	7.786500e-02	1.918600e-03	1.918600e-03
5.000000e+00	6.000000e+00	7.526800e-02	1.787200e-03	1.787200e-03
6.000000e+00	7.000000e+00	7.095300e-02	1.672800e-03	1.672800e-03
7.000000e+00	8.000000e+00	6.634000e-02	1.541600e-03	1.541600e-03
8.000000e+00	9.000000e+00	6.138200e-02	1.385000e-03	1.385000e-03
9.000000e+00	1.000000e+01	5.662000e-02	1.250700e-03	1.250700e-03
1.000000e+01	1.100000e+01	5.206500e-02	1.136800e-03	1.136800e-03
1.100000e+01	1.200000e+01	4.814400e-02	1.046800e-03	1.046800e-03
1.200000e+01	1.300000e+01	4.451200e-02	9.471000e-04	9.471000e-04
1.300000e+01	1.400000e+01	4.115500e-02	8.278300e-04	8.278300e-04
1.400000e+01	1.600000e+01	3.652400e-02	6.929700e-04	6.929700e-04
1.600000e+01	1.800000e+01	3.098900e-02	5.610200e-04	5.610200e-04
1.800000e+01	2.000000e+01	2.724900e-02	4.682500e-04	4.682500e-04
2.000000e+01	2.200000e+01	2.345100e-02	3.786500e-04	3.786500e-04
2.200000e+01	2.500000e+01	1.973000e-02	3.014900e-04	3.014900e-04
2.500000e+01	2.800000e+01	1.610800e-02	2.349200e-04	2.349200e-04
2.800000e+01	3.200000e+01	1.305700e-02	1.842800e-04	1.842800e-04
3.200000e+01	3.700000e+01	1.027700e-02	1.327800e-04	1.327800e-04
3.700000e+01	4.300000e+01	7.557400e-03	8.404800e-05	8.404800e-05
4.300000e+01	5.200000e+01	5.248000e-03	5.637900e-05	5.637900e-05
5.200000e+01	6.500000e+01	3.077500e-03	3.393600e-05	3.393600e-05
6.500000e+01	8.500000e+01	1.596400e-03	1.820400e-05	1.820400e-05
8.500000e+01	1.200000e+02	7.040900e-04	8.997500e-06	8.997500e-06
1.200000e+02	1.600000e+02	2.629900e-04	4.136700e-06	4.136700e-06
1.600000e+02	1.900000e+02	1.124200e-04	2.238100e-06	2.238100e-06
1.900000e+02	2.200000e+02	6.322200e-05	1.569500e-06	1.569500e-06
2.200000e+02	2.500000e+02	3.461400e-05	1.040500e-06	1.040500e-06
2.500000e+02	3.000000e+02	1.731200e-05	5.912500e-07	5.912500e-07
3.000000e+02	4.000000e+02	5.933900e-06	2.269900e-07	2.269900e-07
4.000000e+02	1.500000e+03	2.088800e-07	9.239600e-09	9.239600e-09
# END HISTO1D


# BEGIN HISTO1D //eos/home-m/mdessena/CMSSW_eos/CMSSW_11_2_4/src/Final_Results_MCNNTUNES/Tune_PrimordialkT_PerBinModel_1/PerBin.yoda/CMS_2019_I1753680/d33-x01-y04
ErrorBars=1
LineColor=red
LineStyle=solid
Path=//eos/home-m/mdessena/CMSSW_eos/CMSSW_11_2_4/src/Final_Results_MCNNTUNES/Tune_PrimordialkT_PerBinModel_1/PerBin.yoda/CMS_2019_I1753680/d33-x01-y04
ScaledBy=2.49621726618633827e-05
Title=PerBin
# xlow	 xhigh	 val	 errminus	 errplus
0.000000e+00	1.000000e+00	1.774810e-02	6.656060e-04	6.656060e-04
1.000000e+00	2.000000e+00	4.637972e-02	1.075982e-03	1.075982e-03
2.000000e+00	3.000000e+00	6.899545e-02	1.312355e-03	1.312355e-03
3.000000e+00	4.000000e+00	8.080255e-02	1.420214e-03	1.420214e-03
4.000000e+00	5.000000e+00	8.289938e-02	1.438523e-03	1.438523e-03
5.000000e+00	6.000000e+00	8.334869e-02	1.442416e-03	1.442416e-03
6.000000e+00	7.000000e+00	7.788198e-02	1.394311e-03	1.394311e-03
7.000000e+00	8.000000e+00	6.809681e-02	1.303781e-03	1.303781e-03
8.000000e+00	9.000000e+00	6.522616e-02	1.276004e-03	1.276004e-03
9.000000e+00	1.000000e+01	5.746292e-02	1.197664e-03	1.197664e-03
1.000000e+01	1.100000e+01	5.094779e-02	1.127727e-03	1.127727e-03
1.100000e+01	1.200000e+01	4.745309e-02	1.088362e-03	1.088362e-03
1.200000e+01	1.300000e+01	4.108774e-02	1.012738e-03	1.012738e-03
1.300000e+01	1.400000e+01	3.734341e-02	9.654909e-04	9.654909e-04
1.400000e+01	1.600000e+01	3.383622e-02	6.498559e-04	6.498559e-04
1.600000e+01	1.800000e+01	2.789523e-02	5.900532e-04	5.900532e-04
1.800000e+01	2.000000e+01	2.427571e-02	5.504428e-04	5.504428e-04
2.000000e+01	2.200000e+01	2.078101e-02	5.092833e-04	5.092833e-04
2.200000e+01	2.500000e+01	1.808925e-02	3.879635e-04	3.879635e-04
2.500000e+01	2.800000e+01	1.490242e-02	3.521348e-04	3.521348e-04
2.800000e+01	3.200000e+01	1.208793e-02	2.746548e-04	2.746548e-04
3.200000e+01	3.700000e+01	8.621934e-03	2.074715e-04	2.074715e-04
3.700000e+01	4.300000e+01	6.003403e-03	1.580390e-04	1.580390e-04
4.300000e+01	5.200000e+01	4.160362e-03	1.074201e-04	1.074201e-04
5.200000e+01	6.500000e+01	1.995054e-03	6.189375e-05	6.189375e-05
6.500000e+01	8.500000e+01	1.010968e-03	3.552180e-05	3.552180e-05
8.500000e+01	1.200000e+02	3.915494e-04	1.671093e-05	1.671093e-05
1.200000e+02	1.600000e+02	1.410363e-04	9.381594e-06	9.381594e-06
1.600000e+02	1.900000e+02	6.822993e-05	7.534737e-06	7.534737e-06
1.900000e+02	2.200000e+02	2.829046e-05	4.851774e-06	4.851774e-06
2.200000e+02	2.500000e+02	2.662632e-05	4.706912e-06	4.706912e-06
2.500000e+02	3.000000e+02	8.487138e-06	2.058433e-06	2.058433e-06
3.000000e+02	4.000000e+02	2.496217e-06	7.893732e-07	7.893732e-07
4.000000e+02	1.500000e+03	0.000000e+00	0.000000e+00	0.000000e+00
# END HISTO1D


# BEGIN HISTO1D //eos/home-m/mdessena/CMSSW_eos/CMSSW_11_2_4/src/Final_Results_MCNNTUNES/Tune_PrimordialkT_InverseModel_2/Inverse.yoda/CMS_2019_I1753680/d33-x01-y04
ErrorBars=1
LineColor=blue
LineStyle=solid
Path=//eos/home-m/mdessena/CMSSW_eos/CMSSW_11_2_4/src/Final_Results_MCNNTUNES/Tune_PrimordialkT_InverseModel_2/Inverse.yoda/CMS_2019_I1753680/d33-x01-y04
ScaledBy=2.48827254779595331e-05
Title=Inverse
# xlow	 xhigh	 val	 errminus	 errplus
0.000000e+00	1.000000e+00	1.659678e-02	6.426298e-04	6.426298e-04
1.000000e+00	2.000000e+00	4.742647e-02	1.086324e-03	1.086324e-03
2.000000e+00	3.000000e+00	6.977116e-02	1.317610e-03	1.317610e-03
3.000000e+00	4.000000e+00	7.955007e-02	1.406920e-03	1.406920e-03
4.000000e+00	5.000000e+00	8.746278e-02	1.475233e-03	1.475233e-03
5.000000e+00	6.000000e+00	8.392943e-02	1.445127e-03	1.445127e-03
6.000000e+00	7.000000e+00	7.313033e-02	1.348956e-03	1.348956e-03
7.000000e+00	8.000000e+00	7.146319e-02	1.333491e-03	1.333491e-03
8.000000e+00	9.000000e+00	6.340118e-02	1.256023e-03	1.256023e-03
9.000000e+00	1.000000e+01	5.695656e-02	1.190476e-03	1.190476e-03
1.000000e+01	1.100000e+01	4.874526e-02	1.101324e-03	1.101324e-03
1.100000e+01	1.200000e+01	4.498797e-02	1.058028e-03	1.058028e-03
1.200000e+01	1.300000e+01	4.177810e-02	1.019585e-03	1.019585e-03
1.300000e+01	1.400000e+01	3.946400e-02	9.909450e-04	9.909450e-04
1.400000e+01	1.600000e+01	3.372853e-02	6.477878e-04	6.477878e-04
1.600000e+01	1.800000e+01	2.877687e-02	5.983506e-04	5.983506e-04
1.800000e+01	2.000000e+01	2.508178e-02	5.586157e-04	5.586157e-04
2.000000e+01	2.200000e+01	2.124985e-02	5.141760e-04	5.141760e-04
2.200000e+01	2.500000e+01	1.772479e-02	3.834238e-04	3.834238e-04
2.500000e+01	2.800000e+01	1.461445e-02	3.481606e-04	3.481606e-04
2.800000e+01	3.200000e+01	1.140873e-02	2.664021e-04	2.664021e-04
3.200000e+01	3.700000e+01	8.684072e-03	2.078862e-04	2.078862e-04
3.700000e+01	4.300000e+01	6.428037e-03	1.632723e-04	1.632723e-04
4.300000e+01	5.200000e+01	3.912118e-03	1.040001e-04	1.040001e-04
5.200000e+01	6.500000e+01	2.059524e-03	6.278570e-05	6.278570e-05
6.500000e+01	8.500000e+01	9.965530e-04	3.521148e-05	3.521148e-05
8.500000e+01	1.200000e+02	3.995454e-04	1.685381e-05	1.685381e-05
1.200000e+02	1.600000e+02	1.436978e-04	9.454619e-06	9.454619e-06
1.600000e+02	1.900000e+02	6.552450e-05	7.372083e-06	7.372083e-06
1.900000e+02	2.200000e+02	2.654157e-05	4.691932e-06	4.691932e-06
2.200000e+02	2.500000e+02	2.239445e-05	4.309814e-06	4.309814e-06
2.500000e+02	3.000000e+02	1.094840e-05	2.334207e-06	2.334207e-06
3.000000e+02	4.000000e+02	2.737100e-06	8.252666e-07	8.252666e-07
4.000000e+02	1.500000e+03	0.000000e+00	0.000000e+00	0.000000e+00
# END HISTO1D


# BEGIN HISTO1D //eos/home-m/mdessena/CMSSW_eos/CMSSW_11_2_4/src/Final_Results_MCNNTUNES/Tune_PrimordialkT_CP5_default/CP5_default.yoda/CMS_2019_I1753680/d33-x01-y04
ErrorBars=1
LineColor=green
LineStyle=solid
Path=//eos/home-m/mdessena/CMSSW_eos/CMSSW_11_2_4/src/Final_Results_MCNNTUNES/Tune_PrimordialkT_CP5_default/CP5_default.yoda/CMS_2019_I1753680/d33-x01-y04
ScaledBy=2.46933141152897708e-05
Title=CP5_default
# xlow	 xhigh	 val	 errminus	 errplus
0.000000e+00	1.000000e+00	2.281662e-02	7.506118e-04	7.506118e-04
1.000000e+00	2.000000e+00	6.030107e-02	1.220259e-03	1.220259e-03
2.000000e+00	3.000000e+00	8.442644e-02	1.443873e-03	1.443873e-03
3.000000e+00	4.000000e+00	8.961204e-02	1.487554e-03	1.487554e-03
4.000000e+00	5.000000e+00	8.427828e-02	1.442605e-03	1.442605e-03
5.000000e+00	6.000000e+00	7.729007e-02	1.381502e-03	1.381502e-03
6.000000e+00	7.000000e+00	6.948699e-02	1.309910e-03	1.309910e-03
7.000000e+00	8.000000e+00	6.030107e-02	1.220259e-03	1.220259e-03
8.000000e+00	9.000000e+00	5.800459e-02	1.196798e-03	1.196798e-03
9.000000e+00	1.000000e+01	5.269553e-02	1.140713e-03	1.140713e-03
1.000000e+01	1.100000e+01	4.743586e-02	1.082289e-03	1.082289e-03
1.100000e+01	1.200000e+01	4.508999e-02	1.055188e-03	1.055188e-03
1.200000e+01	1.300000e+01	4.104029e-02	1.006688e-03	1.006688e-03
1.300000e+01	1.400000e+01	3.684242e-02	9.538142e-04	9.538142e-04
1.400000e+01	1.600000e+01	3.216304e-02	6.301635e-04	6.301635e-04
1.600000e+01	1.800000e+01	2.884179e-02	5.967409e-04	5.967409e-04
1.800000e+01	2.000000e+01	2.402660e-02	5.446540e-04	5.446540e-04
2.000000e+01	2.200000e+01	2.010036e-02	4.981689e-04	4.981689e-04
2.200000e+01	2.500000e+01	1.733471e-02	3.777351e-04	3.777351e-04
2.500000e+01	2.800000e+01	1.471722e-02	3.480501e-04	3.480501e-04
2.800000e+01	3.200000e+01	1.130954e-02	2.642300e-04	2.642300e-04
3.200000e+01	3.700000e+01	8.459930e-03	2.044033e-04	2.044033e-04
3.700000e+01	4.300000e+01	5.897587e-03	1.557942e-04	1.557942e-04
4.300000e+01	5.200000e+01	3.860388e-03	1.029162e-04	1.029162e-04
5.200000e+01	6.500000e+01	2.036248e-03	6.219184e-05	6.219184e-05
6.500000e+01	8.500000e+01	9.963750e-04	3.507407e-05	3.507407e-05
8.500000e+01	1.200000e+02	3.661666e-04	1.607293e-05	1.607293e-05
1.200000e+02	1.600000e+02	1.351959e-04	9.135692e-06	9.135692e-06
1.600000e+02	1.900000e+02	6.667193e-05	7.407994e-06	7.407994e-06
1.900000e+02	2.200000e+02	2.880887e-05	4.869587e-06	4.869587e-06
2.200000e+02	2.500000e+02	2.304709e-05	4.355491e-06	4.355491e-06
2.500000e+02	3.000000e+02	1.284052e-05	2.518234e-06	2.518234e-06
3.000000e+02	4.000000e+02	2.222398e-06	7.407994e-07	7.407994e-07
4.000000e+02	1.500000e+03	0.000000e+00	0.000000e+00	0.000000e+00
# END HISTO1D

