# BEGIN PLOT
LegendOnly=/CMS_2019_I1753680/d28-x01-y01 //eos/home-m/mdessena/CMSSW_eos/CMSSW_11_2_4/src/Final_Results_MCNNTUNES/PerBin_FxFx.yoda/CMS_2019_I1753680/d28-x01-y01 //eos/home-m/mdessena/CMSSW_eos/CMSSW_11_2_4/src/Final_Results_MCNNTUNES/Tune_PrimordialkT_FxFx_ext_CP5/CP5_default_FxFx.yoda/CMS_2019_I1753680/d28-x01-y01 //eos/home-m/mdessena/CMSSW_eos/CMSSW_11_2_4/src/Final_Results_MCNNTUNES/Tune_PrimordialkT_FxFx_ext_InverseModel/Inverse_FxFx.yoda/CMS_2019_I1753680/d28-x01-y01
DrawOnly=/CMS_2019_I1753680/d28-x01-y01 //eos/home-m/mdessena/CMSSW_eos/CMSSW_11_2_4/src/Final_Results_MCNNTUNES/PerBin_FxFx.yoda/CMS_2019_I1753680/d28-x01-y01 //eos/home-m/mdessena/CMSSW_eos/CMSSW_11_2_4/src/Final_Results_MCNNTUNES/Tune_PrimordialkT_FxFx_ext_CP5/CP5_default_FxFx.yoda/CMS_2019_I1753680/d28-x01-y01 //eos/home-m/mdessena/CMSSW_eos/CMSSW_11_2_4/src/Final_Results_MCNNTUNES/Tune_PrimordialkT_FxFx_ext_InverseModel/Inverse_FxFx.yoda/CMS_2019_I1753680/d28-x01-y01
Title=CMS, 13 TeV, $Z \to \mu^+ \mu^-$
RatioPlotReference=/CMS_2019_I1753680/d28-x01-y01
YLabel=$d\sigma/d\phi^{*}_{\eta}$ [pb]
RatioPlot=1
LogX=1
LogY=0
RatioPlotYMax=1.25
XLabel=$\phi^{*}_{\eta}$
RatioPlotSameStyle=0
XMin=0.001
RatioPlotErrorBandColor=grey!40!yellow!60
Legend=1
RatioPlotYMin=0.75
# END PLOT

# BEGIN HISTO1D /CMS_2019_I1753680/d28-x01-y01
ConnectBins=0
ErrorBars=1
IsRef=1
Path=/CMS_2019_I1753680/d28-x01-y01
PolyMarker=*
Title=Data
# xlow	 xhigh	 val	 errminus	 errplus
1.000000e-03	2.000000e-03	5.938000e+03	1.539000e+02	1.539000e+02
2.000000e-03	3.000000e-03	5.920900e+03	1.534600e+02	1.534600e+02
3.000000e-03	4.000000e-03	5.908600e+03	1.531400e+02	1.531400e+02
4.000000e-03	5.000000e-03	5.895400e+03	1.528000e+02	1.528000e+02
5.000000e-03	6.000000e-03	5.882600e+03	1.524700e+02	1.524700e+02
6.000000e-03	7.000000e-03	5.871300e+03	1.521800e+02	1.521800e+02
7.000000e-03	8.000000e-03	5.850800e+03	1.516500e+02	1.516500e+02
8.000000e-03	9.000000e-03	5.821500e+03	1.508800e+02	1.508800e+02
9.000000e-03	1.000000e-02	5.782500e+03	1.498500e+02	1.498500e+02
1.000000e-02	2.000000e-02	5.591800e+03	1.448700e+02	1.448700e+02
2.000000e-02	3.000000e-02	5.119200e+03	1.326200e+02	1.326200e+02
3.000000e-02	4.000000e-02	4.568300e+03	1.183900e+02	1.183900e+02
4.000000e-02	5.000000e-02	4.048100e+03	1.049900e+02	1.049900e+02
5.000000e-02	6.000000e-02	3.571800e+03	9.278200e+01	9.278200e+01
6.000000e-02	7.000000e-02	3.150100e+03	8.198600e+01	8.198600e+01
7.000000e-02	8.000000e-02	2.781700e+03	7.248200e+01	7.248200e+01
8.000000e-02	9.000000e-02	2.485300e+03	6.480300e+01	6.480300e+01
9.000000e-02	1.000000e-01	2.218400e+03	5.793300e+01	5.793300e+01
1.000000e-01	2.000000e-01	1.334000e+03	3.506600e+01	3.506600e+01
2.000000e-01	3.000000e-01	5.920000e+02	1.577100e+01	1.577100e+01
3.000000e-01	4.000000e-01	3.192600e+02	8.654700e+00	8.654700e+00
4.000000e-01	5.000000e-01	1.928300e+02	5.333200e+00	5.333200e+00
5.000000e-01	6.000000e-01	1.260400e+02	3.560200e+00	3.560200e+00
6.000000e-01	7.000000e-01	8.607900e+01	2.484600e+00	2.484600e+00
7.000000e-01	8.000000e-01	6.204900e+01	1.832300e+00	1.832300e+00
8.000000e-01	9.000000e-01	4.566500e+01	1.379500e+00	1.379500e+00
9.000000e-01	1.000000e+00	3.473000e+01	1.080600e+00	1.080600e+00
1.000000e+00	3.000000e+00	7.866800e+00	2.561900e-01	2.561900e-01
3.000000e+00	5.000000e+00	9.233200e-01	3.149200e-02	3.149200e-02
5.000000e+00	7.000000e+00	3.403500e-01	1.189100e-02	1.189100e-02
7.000000e+00	1.000000e+01	1.647000e-01	5.791700e-03	5.791700e-03
1.000000e+01	2.000000e+01	5.534300e-02	1.961300e-03	1.961300e-03
2.000000e+01	3.000000e+01	1.823400e-02	6.530000e-04	6.530000e-04
3.000000e+01	5.000000e+01	1.777700e-02	6.394300e-04	6.394300e-04
# END HISTO1D


# BEGIN HISTO1D //eos/home-m/mdessena/CMSSW_eos/CMSSW_11_2_4/src/Final_Results_MCNNTUNES/PerBin_FxFx.yoda/CMS_2019_I1753680/d28-x01-y01
ErrorBars=1
LineColor=red
LineStyle=solid
Path=//eos/home-m/mdessena/CMSSW_eos/CMSSW_11_2_4/src/Final_Results_MCNNTUNES/PerBin_FxFx.yoda/CMS_2019_I1753680/d28-x01-y01
ScaledBy=2.20519206296751565e-08
Title=PerBin_FxFx
# xlow	 xhigh	 val	 errminus	 errplus
1.000000e-03	2.000000e-03	6.156586e+03	4.954322e+01	4.954322e+01
2.000000e-03	3.000000e-03	6.222650e+03	4.949813e+01	4.949813e+01
3.000000e-03	4.000000e-03	6.279047e+03	5.000019e+01	5.000019e+01
4.000000e-03	5.000000e-03	6.189457e+03	4.954741e+01	4.954741e+01
5.000000e-03	6.000000e-03	6.198480e+03	4.949079e+01	4.949079e+01
6.000000e-03	7.000000e-03	6.141761e+03	4.934998e+01	4.934998e+01
7.000000e-03	8.000000e-03	6.142406e+03	4.938575e+01	4.938575e+01
8.000000e-03	9.000000e-03	6.117914e+03	4.936682e+01	4.936682e+01
9.000000e-03	1.000000e-02	6.158197e+03	4.954007e+01	4.954007e+01
1.000000e-02	2.000000e-02	5.961485e+03	1.539113e+01	1.539113e+01
2.000000e-02	3.000000e-02	5.540218e+03	1.488231e+01	1.488231e+01
3.000000e-02	4.000000e-02	5.016599e+03	1.420506e+01	1.420506e+01
4.000000e-02	5.000000e-02	4.442738e+03	1.341780e+01	1.341780e+01
5.000000e-02	6.000000e-02	3.889696e+03	1.261773e+01	1.261773e+01
6.000000e-02	7.000000e-02	3.363757e+03	1.180465e+01	1.180465e+01
7.000000e-02	8.000000e-02	2.934659e+03	1.105394e+01	1.105394e+01
8.000000e-02	9.000000e-02	2.543845e+03	1.036257e+01	1.036257e+01
9.000000e-02	1.000000e-01	2.252484e+03	9.790815e+00	9.790815e+00
1.000000e-01	2.000000e-01	1.340649e+03	2.456320e+00	2.456320e+00
2.000000e-01	3.000000e-01	6.318492e+02	1.796348e+00	1.796348e+00
3.000000e-01	4.000000e-01	3.518252e+02	1.457102e+00	1.457102e+00
4.000000e-01	5.000000e-01	2.138208e+02	1.196609e+00	1.196609e+00
5.000000e-01	6.000000e-01	1.352844e+02	9.854886e-01	9.854886e-01
6.000000e-01	7.000000e-01	9.488180e+01	8.268767e-01	8.268767e-01
7.000000e-01	8.000000e-01	6.887164e+01	7.117721e-01	7.117721e-01
8.000000e-01	9.000000e-01	5.154980e+01	6.143559e-01	6.143559e-01
9.000000e-01	1.000000e+00	3.915542e+01	5.348659e-01	5.348659e-01
1.000000e+00	3.000000e+00	8.390860e+00	5.682598e-02	5.682598e-02
3.000000e+00	5.000000e+00	1.116332e+00	2.018610e-02	2.018610e-02
5.000000e+00	7.000000e+00	4.532683e-01	1.244697e-02	1.244697e-02
7.000000e+00	1.000000e+01	2.000203e-01	6.516558e-03	6.516558e-03
1.000000e+01	2.000000e+01	6.442114e-02	2.083798e-03	2.083798e-03
2.000000e+01	3.000000e+01	2.294540e-02	1.229692e-03	1.229692e-03
3.000000e+01	5.000000e+01	8.072785e-03	5.771635e-04	5.771635e-04
# END HISTO1D


# BEGIN HISTO1D //eos/home-m/mdessena/CMSSW_eos/CMSSW_11_2_4/src/Final_Results_MCNNTUNES/Tune_PrimordialkT_FxFx_ext_CP5/CP5_default_FxFx.yoda/CMS_2019_I1753680/d28-x01-y01
ErrorBars=1
LineColor=blue
LineStyle=solid
Path=//eos/home-m/mdessena/CMSSW_eos/CMSSW_11_2_4/src/Final_Results_MCNNTUNES/Tune_PrimordialkT_FxFx_ext_CP5/CP5_default_FxFx.yoda/CMS_2019_I1753680/d28-x01-y01
ScaledBy=2.66681679067397186e-08
Title=CP5_default_FxFx
# xlow	 xhigh	 val	 errminus	 errplus
1.000000e-03	2.000000e-03	6.989784e+03	5.779428e+01	5.779428e+01
2.000000e-03	3.000000e-03	6.956657e+03	5.768248e+01	5.768248e+01
3.000000e-03	4.000000e-03	7.024470e+03	5.786651e+01	5.786651e+01
4.000000e-03	5.000000e-03	6.928207e+03	5.735636e+01	5.735636e+01
5.000000e-03	6.000000e-03	6.950811e+03	5.762320e+01	5.762320e+01
6.000000e-03	7.000000e-03	7.003814e+03	5.769170e+01	5.769170e+01
7.000000e-03	8.000000e-03	6.895080e+03	5.737357e+01	5.737357e+01
8.000000e-03	9.000000e-03	6.837400e+03	5.706033e+01	5.706033e+01
9.000000e-03	1.000000e-02	6.958995e+03	5.752427e+01	5.752427e+01
1.000000e-02	2.000000e-02	6.552313e+03	1.771826e+01	1.771826e+01
2.000000e-02	3.000000e-02	5.890476e+03	1.683145e+01	1.683145e+01
3.000000e-02	4.000000e-02	5.086895e+03	1.571839e+01	1.571839e+01
4.000000e-02	5.000000e-02	4.275908e+03	1.454189e+01	1.454189e+01
5.000000e-02	6.000000e-02	3.631648e+03	1.348022e+01	1.348022e+01
6.000000e-02	7.000000e-02	3.121805e+03	1.256281e+01	1.256281e+01
7.000000e-02	8.000000e-02	2.721631e+03	1.175986e+01	1.175986e+01
8.000000e-02	9.000000e-02	2.387361e+03	1.108386e+01	1.108386e+01
9.000000e-02	1.000000e-01	2.123826e+03	1.051784e+01	1.051784e+01
1.000000e-01	2.000000e-01	1.303350e+03	2.663575e+00	2.663575e+00
2.000000e-01	3.000000e-01	6.256899e+02	1.964677e+00	1.964677e+00
3.000000e-01	4.000000e-01	3.517107e+02	1.605744e+00	1.605744e+00
4.000000e-01	5.000000e-01	2.124216e+02	1.312356e+00	1.312356e+00
5.000000e-01	6.000000e-01	1.350215e+02	1.086574e+00	1.086574e+00
6.000000e-01	7.000000e-01	9.564721e+01	9.106484e-01	9.106484e-01
7.000000e-01	8.000000e-01	6.812068e+01	7.776528e-01	7.776528e-01
8.000000e-01	9.000000e-01	5.150265e+01	6.769286e-01	6.769286e-01
9.000000e-01	1.000000e+00	3.823238e+01	5.838131e-01	5.838131e-01
1.000000e+00	3.000000e+00	8.252310e+00	6.257026e-02	6.257026e-02
3.000000e+00	5.000000e+00	1.136449e+00	2.213748e-02	2.213748e-02
5.000000e+00	7.000000e+00	4.620233e-01	1.357493e-02	1.357493e-02
7.000000e+00	1.000000e+01	2.066861e-01	7.215538e-03	7.215538e-03
1.000000e+01	2.000000e+01	6.551339e-02	2.263448e-03	2.263448e-03
2.000000e+01	3.000000e+01	2.385140e-02	1.359031e-03	1.359031e-03
3.000000e+01	5.000000e+01	8.125845e-03	6.377156e-04	6.377156e-04
# END HISTO1D


# BEGIN HISTO1D //eos/home-m/mdessena/CMSSW_eos/CMSSW_11_2_4/src/Final_Results_MCNNTUNES/Tune_PrimordialkT_FxFx_ext_InverseModel/Inverse_FxFx.yoda/CMS_2019_I1753680/d28-x01-y01
ErrorBars=1
LineColor=green
LineStyle=solid
Path=//eos/home-m/mdessena/CMSSW_eos/CMSSW_11_2_4/src/Final_Results_MCNNTUNES/Tune_PrimordialkT_FxFx_ext_InverseModel/Inverse_FxFx.yoda/CMS_2019_I1753680/d28-x01-y01
ScaledBy=2.66680989213737227e-08
Title=Inverse_FxFx
# xlow	 xhigh	 val	 errminus	 errplus
1.000000e-03	2.000000e-03	6.247335e+03	5.476471e+01	5.476471e+01
2.000000e-03	3.000000e-03	6.280851e+03	5.495851e+01	5.495851e+01
3.000000e-03	4.000000e-03	6.225120e+03	5.469395e+01	5.469395e+01
4.000000e-03	5.000000e-03	6.270329e+03	5.487693e+01	5.487693e+01
5.000000e-03	6.000000e-03	6.134703e+03	5.442390e+01	5.442390e+01
6.000000e-03	7.000000e-03	6.300727e+03	5.473558e+01	5.473558e+01
7.000000e-03	8.000000e-03	6.167830e+03	5.455909e+01	5.455909e+01
8.000000e-03	9.000000e-03	6.131975e+03	5.439460e+01	5.439460e+01
9.000000e-03	1.000000e-02	6.191214e+03	5.455352e+01	5.455352e+01
1.000000e-02	2.000000e-02	5.990465e+03	1.695602e+01	1.695602e+01
2.000000e-02	3.000000e-02	5.561453e+03	1.639392e+01	1.639392e+01
3.000000e-02	4.000000e-02	5.011898e+03	1.561432e+01	1.561432e+01
4.000000e-02	5.000000e-02	4.434244e+03	1.473944e+01	1.473944e+01
5.000000e-02	6.000000e-02	3.852068e+03	1.380802e+01	1.380802e+01
6.000000e-02	7.000000e-02	3.338368e+03	1.292434e+01	1.292434e+01
7.000000e-02	8.000000e-02	2.904952e+03	1.212661e+01	1.212661e+01
8.000000e-02	9.000000e-02	2.544922e+03	1.139512e+01	1.139512e+01
9.000000e-02	1.000000e-01	2.251574e+03	1.078884e+01	1.078884e+01
1.000000e-01	2.000000e-01	1.341369e+03	2.698951e+00	2.698951e+00
2.000000e-01	3.000000e-01	6.291647e+02	1.972326e+00	1.972326e+00
3.000000e-01	4.000000e-01	3.517994e+02	1.602487e+00	1.602487e+00
4.000000e-01	5.000000e-01	2.135045e+02	1.314376e+00	1.314376e+00
5.000000e-01	6.000000e-01	1.383027e+02	1.091968e+00	1.091968e+00
6.000000e-01	7.000000e-01	9.276688e+01	9.093358e-01	9.093358e-01
7.000000e-01	8.000000e-01	7.011591e+01	7.823243e-01	7.823243e-01
8.000000e-01	9.000000e-01	5.006831e+01	6.716106e-01	6.716106e-01
9.000000e-01	1.000000e+00	3.977171e+01	5.895203e-01	5.895203e-01
1.000000e+00	3.000000e+00	8.345825e+00	6.261561e-02	6.261561e-02
3.000000e+00	5.000000e+00	1.132743e+00	2.227167e-02	2.227167e-02
5.000000e+00	7.000000e+00	4.707910e-01	1.357909e-02	1.357909e-02
7.000000e+00	1.000000e+01	2.066856e-01	7.243531e-03	7.243531e-03
1.000000e+01	2.000000e+01	6.294102e-02	2.248631e-03	2.248631e-03
2.000000e+01	3.000000e+01	2.244831e-02	1.367939e-03	1.367939e-03
3.000000e+01	5.000000e+01	8.885790e-03	6.314309e-04	6.314309e-04
# END HISTO1D

