# BEGIN PLOT
LegendOnly=/CMS_2019_I1753680/d31-x01-y01 //eos/home-m/mdessena/CMSSW_eos/CMSSW_11_2_4/src/Final_Results_MCNNTUNES/PerBin_FxFx.yoda/CMS_2019_I1753680/d31-x01-y01 //eos/home-m/mdessena/CMSSW_eos/CMSSW_11_2_4/src/Final_Results_MCNNTUNES/Tune_PrimordialkT_FxFx_ext_CP5/CP5_default_FxFx.yoda/CMS_2019_I1753680/d31-x01-y01 //eos/home-m/mdessena/CMSSW_eos/CMSSW_11_2_4/src/Final_Results_MCNNTUNES/Tune_PrimordialkT_FxFx_ext_InverseModel/Inverse_FxFx.yoda/CMS_2019_I1753680/d31-x01-y01
DrawOnly=/CMS_2019_I1753680/d31-x01-y01 //eos/home-m/mdessena/CMSSW_eos/CMSSW_11_2_4/src/Final_Results_MCNNTUNES/PerBin_FxFx.yoda/CMS_2019_I1753680/d31-x01-y01 //eos/home-m/mdessena/CMSSW_eos/CMSSW_11_2_4/src/Final_Results_MCNNTUNES/Tune_PrimordialkT_FxFx_ext_CP5/CP5_default_FxFx.yoda/CMS_2019_I1753680/d31-x01-y01 //eos/home-m/mdessena/CMSSW_eos/CMSSW_11_2_4/src/Final_Results_MCNNTUNES/Tune_PrimordialkT_FxFx_ext_InverseModel/Inverse_FxFx.yoda/CMS_2019_I1753680/d31-x01-y01
Title=CMS, 13 TeV, $Z \to \ell^+ \ell^-$
RatioPlotReference=/CMS_2019_I1753680/d31-x01-y01
YLabel=$1/\sigma d\sigma/d\phi^{*}_{\eta}$
RatioPlot=1
LogX=1
LogY=0
RatioPlotYMax=1.25
XLabel=$\phi^{*}_{\eta}$
RatioPlotSameStyle=0
XMin=0.001
RatioPlotErrorBandColor=grey!40!yellow!60
Legend=1
RatioPlotYMin=0.75
# END PLOT

# BEGIN HISTO1D /CMS_2019_I1753680/d31-x01-y01
ConnectBins=0
ErrorBars=1
IsRef=1
Path=/CMS_2019_I1753680/d31-x01-y01
PolyMarker=*
Title=Data
# xlow	 xhigh	 val	 errminus	 errplus
1.000000e-03	2.000000e-03	6.756700e-02	5.914700e-04	5.914700e-04
2.000000e-03	3.000000e-03	6.682400e-02	6.144600e-04	6.144600e-04
3.000000e-03	4.000000e-03	6.627700e-02	6.577000e-04	6.577000e-04
4.000000e-03	5.000000e-03	6.591900e-02	6.809400e-04	6.809400e-04
5.000000e-03	6.000000e-03	6.571300e-02	6.908100e-04	6.908100e-04
6.000000e-03	7.000000e-03	6.557900e-02	6.988300e-04	6.988300e-04
7.000000e-03	8.000000e-03	6.537900e-02	6.982400e-04	6.982400e-04
8.000000e-03	9.000000e-03	6.508500e-02	6.888600e-04	6.888600e-04
9.000000e-03	1.000000e-02	6.474200e-02	6.881500e-04	6.881500e-04
1.000000e-02	2.000000e-02	6.280100e-02	6.591500e-04	6.591500e-04
2.000000e-02	3.000000e-02	5.726800e-02	5.961700e-04	5.961700e-04
3.000000e-02	4.000000e-02	5.119500e-02	5.321000e-04	5.321000e-04
4.000000e-02	5.000000e-02	4.535900e-02	4.672200e-04	4.672200e-04
5.000000e-02	6.000000e-02	3.998400e-02	4.098800e-04	4.098800e-04
6.000000e-02	7.000000e-02	3.525700e-02	3.621300e-04	3.621300e-04
7.000000e-02	8.000000e-02	3.115300e-02	3.202700e-04	3.202700e-04
8.000000e-02	9.000000e-02	2.778500e-02	2.801100e-04	2.801100e-04
9.000000e-02	1.000000e-01	2.480800e-02	2.500100e-04	2.500100e-04
1.000000e-01	2.000000e-01	1.492000e-02	1.454900e-04	1.454900e-04
2.000000e-01	3.000000e-01	6.630800e-03	6.188100e-05	6.188100e-05
3.000000e-01	4.000000e-01	3.548700e-03	3.168000e-05	3.168000e-05
4.000000e-01	5.000000e-01	2.146100e-03	1.900800e-05	1.900800e-05
5.000000e-01	6.000000e-01	1.403800e-03	1.235200e-05	1.235200e-05
6.000000e-01	7.000000e-01	9.578500e-04	8.733100e-06	8.733100e-06
7.000000e-01	8.000000e-01	6.934500e-04	6.471800e-06	6.471800e-06
8.000000e-01	9.000000e-01	5.111100e-04	4.815200e-06	4.815200e-06
9.000000e-01	1.000000e+00	3.885400e-04	3.824200e-06	3.824200e-06
1.000000e+00	3.000000e+00	8.772200e-05	8.760900e-07	8.760900e-07
3.000000e+00	5.000000e+00	1.029700e-05	1.149700e-07	1.149700e-07
5.000000e+00	7.000000e+00	3.810300e-06	4.743900e-08	4.743900e-08
7.000000e+00	1.000000e+01	1.819300e-06	2.395900e-08	2.395900e-08
1.000000e+01	2.000000e+01	6.176000e-07	7.890000e-09	7.890000e-09
2.000000e+01	3.000000e+01	2.036000e-07	3.571800e-09	3.571800e-09
3.000000e+01	5.000000e+01	1.994600e-07	2.845800e-09	2.845800e-09
# END HISTO1D


# BEGIN HISTO1D //eos/home-m/mdessena/CMSSW_eos/CMSSW_11_2_4/src/Final_Results_MCNNTUNES/PerBin_FxFx.yoda/CMS_2019_I1753680/d31-x01-y01
ErrorBars=1
LineColor=red
LineStyle=solid
Path=//eos/home-m/mdessena/CMSSW_eos/CMSSW_11_2_4/src/Final_Results_MCNNTUNES/PerBin_FxFx.yoda/CMS_2019_I1753680/d31-x01-y01
ScaledBy=1.16002598072568953e-13
Title=PerBin_FxFx
# xlow	 xhigh	 val	 errminus	 errplus
1.000000e-03	2.000000e-03	6.517266e-02	3.699480e-04	3.699480e-04
2.000000e-03	3.000000e-03	6.558122e-02	3.702237e-04	3.702237e-04
3.000000e-03	4.000000e-03	6.617287e-02	3.714056e-04	3.714056e-04
4.000000e-03	5.000000e-03	6.524895e-02	3.688862e-04	3.688862e-04
5.000000e-03	6.000000e-03	6.558122e-02	3.691586e-04	3.691586e-04
6.000000e-03	7.000000e-03	6.548798e-02	3.689602e-04	3.689602e-04
7.000000e-03	8.000000e-03	6.485565e-02	3.684028e-04	3.684028e-04
8.000000e-03	9.000000e-03	6.527608e-02	3.693066e-04	3.693066e-04
9.000000e-03	1.000000e-02	6.492855e-02	3.694350e-04	3.694350e-04
1.000000e-02	2.000000e-02	6.314276e-02	1.148905e-04	1.148905e-04
2.000000e-02	3.000000e-02	5.857453e-02	1.110003e-04	1.110003e-04
3.000000e-02	4.000000e-02	5.311715e-02	1.060014e-04	1.060014e-04
4.000000e-02	5.000000e-02	4.716847e-02	1.002236e-04	1.002236e-04
5.000000e-02	6.000000e-02	4.118521e-02	9.409225e-05	9.409225e-05
6.000000e-02	7.000000e-02	3.562526e-02	8.800780e-05	8.800780e-05
7.000000e-02	8.000000e-02	3.108450e-02	8.254605e-05	8.254605e-05
8.000000e-02	9.000000e-02	2.698908e-02	7.740149e-05	7.740149e-05
9.000000e-02	1.000000e-01	2.381182e-02	7.308272e-05	7.308272e-05
1.000000e-01	2.000000e-01	1.420386e-02	1.830621e-05	1.830621e-05
2.000000e-01	3.000000e-01	6.693455e-03	1.339248e-05	1.339248e-05
3.000000e-01	4.000000e-01	3.711946e-03	1.086739e-05	1.086739e-05
4.000000e-01	5.000000e-01	2.261514e-03	8.915726e-06	8.915726e-06
5.000000e-01	6.000000e-01	1.437888e-03	7.359196e-06	7.359196e-06
6.000000e-01	7.000000e-01	9.884227e-04	6.157024e-06	6.157024e-06
7.000000e-01	8.000000e-01	6.983633e-04	5.253863e-06	5.253863e-06
8.000000e-01	9.000000e-01	5.089347e-04	4.557167e-06	4.557167e-06
9.000000e-01	1.000000e+00	3.856383e-04	3.962420e-06	3.962420e-06
1.000000e+00	3.000000e+00	8.711275e-05	4.239495e-07	4.239495e-07
3.000000e+00	5.000000e+00	1.128621e-05	1.489204e-07	1.489204e-07
5.000000e+00	7.000000e+00	4.568732e-06	9.286882e-08	9.286882e-08
7.000000e+00	1.000000e+01	2.108906e-06	5.182810e-08	5.182810e-08
1.000000e+01	2.000000e+01	6.250432e-07	1.616022e-08	1.616022e-08
2.000000e+01	3.000000e+01	2.214013e-07	9.319318e-09	9.319318e-09
3.000000e+01	5.000000e+01	8.586505e-08	4.292898e-09	4.292898e-09
# END HISTO1D


# BEGIN HISTO1D //eos/home-m/mdessena/CMSSW_eos/CMSSW_11_2_4/src/Final_Results_MCNNTUNES/Tune_PrimordialkT_FxFx_ext_CP5/CP5_default_FxFx.yoda/CMS_2019_I1753680/d31-x01-y01
ErrorBars=1
LineColor=blue
LineStyle=solid
Path=//eos/home-m/mdessena/CMSSW_eos/CMSSW_11_2_4/src/Final_Results_MCNNTUNES/Tune_PrimordialkT_FxFx_ext_CP5/CP5_default_FxFx.yoda/CMS_2019_I1753680/d31-x01-y01
ScaledBy=1.30944800017046100e-13
Title=CP5_default_FxFx
# xlow	 xhigh	 val	 errminus	 errplus
1.000000e-03	2.000000e-03	6.989142e-02	4.042106e-04	4.042106e-04
2.000000e-03	3.000000e-03	6.851361e-02	4.010546e-04	4.010546e-04
3.000000e-03	4.000000e-03	6.941876e-02	4.026629e-04	4.026629e-04
4.000000e-03	5.000000e-03	6.870880e-02	4.003600e-04	4.003600e-04
5.000000e-03	6.000000e-03	6.794144e-02	3.988433e-04	3.988433e-04
6.000000e-03	7.000000e-03	6.925993e-02	4.014744e-04	4.014744e-04
7.000000e-03	8.000000e-03	6.878152e-02	4.000214e-04	4.000214e-04
8.000000e-03	9.000000e-03	6.746686e-02	3.975743e-04	3.975743e-04
9.000000e-03	1.000000e-02	6.816533e-02	3.991141e-04	3.991141e-04
1.000000e-02	2.000000e-02	6.475180e-02	1.233211e-04	1.233211e-04
2.000000e-02	3.000000e-02	5.799919e-02	1.170363e-04	1.170363e-04
3.000000e-02	4.000000e-02	5.014508e-02	1.093484e-04	1.093484e-04
4.000000e-02	5.000000e-02	4.244809e-02	1.012687e-04	1.012687e-04
5.000000e-02	6.000000e-02	3.583000e-02	9.376776e-05	9.376776e-05
6.000000e-02	7.000000e-02	3.075525e-02	8.733714e-05	8.733714e-05
7.000000e-02	8.000000e-02	2.687078e-02	8.191981e-05	8.191981e-05
8.000000e-02	9.000000e-02	2.359273e-02	7.725749e-05	7.725749e-05
9.000000e-02	1.000000e-01	2.094485e-02	7.320095e-05	7.320095e-05
1.000000e-01	2.000000e-01	1.291928e-02	1.855169e-05	1.855169e-05
2.000000e-01	3.000000e-01	6.181993e-03	1.366956e-05	1.366956e-05
3.000000e-01	4.000000e-01	3.449123e-03	1.116552e-05	1.116552e-05
4.000000e-01	5.000000e-01	2.110215e-03	9.140793e-06	9.140793e-06
5.000000e-01	6.000000e-01	1.343137e-03	7.565633e-06	7.565633e-06
6.000000e-01	7.000000e-01	9.285687e-04	6.314566e-06	6.314566e-06
7.000000e-01	8.000000e-01	6.548625e-04	5.385732e-06	5.385732e-06
8.000000e-01	9.000000e-01	4.649733e-04	4.664936e-06	4.664936e-06
9.000000e-01	1.000000e+00	3.633979e-04	4.053910e-06	4.053910e-06
1.000000e+00	3.000000e+00	8.108135e-05	4.358043e-07	4.358043e-07
3.000000e+00	5.000000e+00	1.053261e-05	1.528089e-07	1.528089e-07
5.000000e+00	7.000000e+00	4.466407e-06	9.524024e-08	9.524024e-08
7.000000e+00	1.000000e+01	2.056512e-06	5.370294e-08	5.370294e-08
1.000000e+01	2.000000e+01	5.815515e-07	1.643827e-08	1.643827e-08
2.000000e+01	3.000000e+01	2.034186e-07	9.485496e-09	9.485496e-09
3.000000e+01	5.000000e+01	8.238165e-08	4.460231e-09	4.460231e-09
# END HISTO1D


# BEGIN HISTO1D //eos/home-m/mdessena/CMSSW_eos/CMSSW_11_2_4/src/Final_Results_MCNNTUNES/Tune_PrimordialkT_FxFx_ext_InverseModel/Inverse_FxFx.yoda/CMS_2019_I1753680/d31-x01-y01
ErrorBars=1
LineColor=green
LineStyle=solid
Path=//eos/home-m/mdessena/CMSSW_eos/CMSSW_11_2_4/src/Final_Results_MCNNTUNES/Tune_PrimordialkT_FxFx_ext_InverseModel/Inverse_FxFx.yoda/CMS_2019_I1753680/d31-x01-y01
ScaledBy=1.39907475228881404e-13
Title=Inverse_FxFx
# xlow	 xhigh	 val	 errminus	 errplus
1.000000e-03	2.000000e-03	6.614717e-02	4.075905e-04	4.075905e-04
2.000000e-03	3.000000e-03	6.602653e-02	4.076572e-04	4.076572e-04
3.000000e-03	4.000000e-03	6.532932e-02	4.058534e-04	4.058534e-04
4.000000e-03	5.000000e-03	6.596724e-02	4.072109e-04	4.072109e-04
5.000000e-03	6.000000e-03	6.521891e-02	4.057504e-04	4.057504e-04
6.000000e-03	7.000000e-03	6.599791e-02	4.063012e-04	4.063012e-04
7.000000e-03	8.000000e-03	6.582412e-02	4.068000e-04	4.068000e-04
8.000000e-03	9.000000e-03	6.471390e-02	4.046930e-04	4.046930e-04
9.000000e-03	1.000000e-02	6.501036e-02	4.044295e-04	4.044295e-04
1.000000e-02	2.000000e-02	6.318923e-02	1.261222e-04	1.261222e-04
2.000000e-02	3.000000e-02	5.859541e-02	1.218043e-04	1.218043e-04
3.000000e-02	4.000000e-02	5.285803e-02	1.160192e-04	1.160192e-04
4.000000e-02	5.000000e-02	4.689616e-02	1.097120e-04	1.097120e-04
5.000000e-02	6.000000e-02	4.070815e-02	1.027765e-04	1.027765e-04
6.000000e-02	7.000000e-02	3.527522e-02	9.624482e-05	9.624482e-05
7.000000e-02	8.000000e-02	3.074621e-02	9.026361e-05	9.026361e-05
8.000000e-02	9.000000e-02	2.684898e-02	8.477164e-05	8.477164e-05
9.000000e-02	1.000000e-01	2.369108e-02	8.018749e-05	8.018749e-05
1.000000e-01	2.000000e-01	1.418805e-02	2.009082e-05	2.009082e-05
2.000000e-01	3.000000e-01	6.656345e-03	1.467411e-05	1.467411e-05
3.000000e-01	4.000000e-01	3.706813e-03	1.191084e-05	1.191084e-05
4.000000e-01	5.000000e-01	2.262584e-03	9.774190e-06	9.774190e-06
5.000000e-01	6.000000e-01	1.455659e-03	8.104055e-06	8.104055e-06
6.000000e-01	7.000000e-01	9.825161e-04	6.743737e-06	6.743737e-06
7.000000e-01	8.000000e-01	7.071687e-04	5.767644e-06	5.767644e-06
8.000000e-01	9.000000e-01	4.911967e-04	4.972982e-06	4.972982e-06
9.000000e-01	1.000000e+00	3.998027e-04	4.356887e-06	4.356887e-06
1.000000e+00	3.000000e+00	8.696640e-05	4.660193e-07	4.660193e-07
3.000000e+00	5.000000e+00	1.128726e-05	1.641141e-07	1.641141e-07
5.000000e+00	7.000000e+00	4.645350e-06	1.015020e-07	1.015020e-07
7.000000e+00	1.000000e+01	2.118896e-06	5.682965e-08	5.682965e-08
1.000000e+01	2.000000e+01	6.007059e-07	1.744759e-08	1.744759e-08
2.000000e+01	3.000000e+01	2.298140e-07	1.032881e-08	1.032881e-08
3.000000e+01	5.000000e+01	9.221185e-08	4.733610e-09	4.733610e-09
# END HISTO1D

