# BEGIN PLOT
LegendOnly=/CMS_2019_I1753680/d33-x01-y01 //eos/home-m/mdessena/CMSSW_eos/CMSSW_11_2_4/src/Final_Results_MCNNTUNES/PerBin_FxFx.yoda/CMS_2019_I1753680/d33-x01-y01 //eos/home-m/mdessena/CMSSW_eos/CMSSW_11_2_4/src/Final_Results_MCNNTUNES/Tune_PrimordialkT_FxFx_ext_CP5/CP5_default_FxFx.yoda/CMS_2019_I1753680/d33-x01-y01 //eos/home-m/mdessena/CMSSW_eos/CMSSW_11_2_4/src/Final_Results_MCNNTUNES/Tune_PrimordialkT_FxFx_ext_InverseModel/Inverse_FxFx.yoda/CMS_2019_I1753680/d33-x01-y01
DrawOnly=/CMS_2019_I1753680/d33-x01-y01 //eos/home-m/mdessena/CMSSW_eos/CMSSW_11_2_4/src/Final_Results_MCNNTUNES/PerBin_FxFx.yoda/CMS_2019_I1753680/d33-x01-y01 //eos/home-m/mdessena/CMSSW_eos/CMSSW_11_2_4/src/Final_Results_MCNNTUNES/Tune_PrimordialkT_FxFx_ext_CP5/CP5_default_FxFx.yoda/CMS_2019_I1753680/d33-x01-y01 //eos/home-m/mdessena/CMSSW_eos/CMSSW_11_2_4/src/Final_Results_MCNNTUNES/Tune_PrimordialkT_FxFx_ext_InverseModel/Inverse_FxFx.yoda/CMS_2019_I1753680/d33-x01-y01
Title=CMS, 13 TeV, $Z \to \ell^+ \ell^-$, $0 < |y^{Z}| < 0.4$
RatioPlotReference=/CMS_2019_I1753680/d33-x01-y01
YLabel=$1/\sigma d\sigma/dp_{T}^{Z}$ [1/GeV]
RatioPlot=1
LogX=1
LogY=0
RatioPlotYMax=1.25
XLabel=$p_{T}^{Z}$ [GeV]
RatioPlotSameStyle=0
XMin=0.1
RatioPlotErrorBandColor=grey!40!yellow!60
Legend=1
RatioPlotYMin=0.75
# END PLOT

# BEGIN HISTO1D /CMS_2019_I1753680/d33-x01-y01
ConnectBins=0
ErrorBars=1
IsRef=1
Path=/CMS_2019_I1753680/d33-x01-y01
PolyMarker=*
Title=Data
# xlow	 xhigh	 val	 errminus	 errplus
0.000000e+00	1.000000e+00	1.915600e-02	2.689900e-04	2.689900e-04
1.000000e+00	2.000000e+00	4.823100e-02	6.772300e-04	6.772300e-04
2.000000e+00	3.000000e+00	6.749400e-02	9.175500e-04	9.175500e-04
3.000000e+00	4.000000e+00	7.638300e-02	9.721000e-04	9.721000e-04
4.000000e+00	5.000000e+00	7.792100e-02	9.590200e-04	9.590200e-04
5.000000e+00	6.000000e+00	7.503300e-02	9.234800e-04	9.234800e-04
6.000000e+00	7.000000e+00	7.079700e-02	8.761400e-04	8.761400e-04
7.000000e+00	8.000000e+00	6.607500e-02	8.273000e-04	8.273000e-04
8.000000e+00	9.000000e+00	6.165700e-02	7.742400e-04	7.742400e-04
9.000000e+00	1.000000e+01	5.667400e-02	7.003300e-04	7.003300e-04
1.000000e+01	1.100000e+01	5.176600e-02	6.261500e-04	6.261500e-04
1.100000e+01	1.200000e+01	4.752700e-02	5.683500e-04	5.683500e-04
1.200000e+01	1.300000e+01	4.460700e-02	5.301200e-04	5.301200e-04
1.300000e+01	1.400000e+01	4.130200e-02	4.889700e-04	4.889700e-04
1.400000e+01	1.600000e+01	3.607400e-02	4.259100e-04	4.259100e-04
1.600000e+01	1.800000e+01	3.083200e-02	3.623400e-04	3.623400e-04
1.800000e+01	2.000000e+01	2.692400e-02	3.134900e-04	3.134900e-04
2.000000e+01	2.200000e+01	2.328200e-02	2.667900e-04	2.667900e-04
2.200000e+01	2.500000e+01	1.956600e-02	2.212900e-04	2.212900e-04
2.500000e+01	2.800000e+01	1.638000e-02	1.821300e-04	1.821300e-04
2.800000e+01	3.200000e+01	1.295800e-02	1.395400e-04	1.395400e-04
3.200000e+01	3.700000e+01	1.025000e-02	1.069200e-04	1.069200e-04
3.700000e+01	4.300000e+01	7.631800e-03	7.813400e-05	7.813400e-05
4.300000e+01	5.200000e+01	5.319500e-03	5.403800e-05	5.403800e-05
5.200000e+01	6.500000e+01	3.239900e-03	3.330700e-05	3.330700e-05
6.500000e+01	8.500000e+01	1.685800e-03	1.819700e-05	1.819700e-05
8.500000e+01	1.200000e+02	7.235000e-04	8.534100e-06	8.534100e-06
1.200000e+02	1.600000e+02	2.690600e-04	3.680700e-06	3.680700e-06
1.600000e+02	1.900000e+02	1.172300e-04	1.912700e-06	1.912700e-06
1.900000e+02	2.200000e+02	6.235700e-05	1.205600e-06	1.205600e-06
2.200000e+02	2.500000e+02	3.519900e-05	7.955200e-07	7.955200e-07
2.500000e+02	3.000000e+02	1.847900e-05	4.689700e-07	4.689700e-07
3.000000e+02	4.000000e+02	6.360800e-06	1.858900e-07	1.858900e-07
4.000000e+02	1.500000e+03	2.631400e-07	9.346000e-09	9.346000e-09
# END HISTO1D


# BEGIN HISTO1D //eos/home-m/mdessena/CMSSW_eos/CMSSW_11_2_4/src/Final_Results_MCNNTUNES/PerBin_FxFx.yoda/CMS_2019_I1753680/d33-x01-y01
ErrorBars=1
LineColor=red
LineStyle=solid
Path=//eos/home-m/mdessena/CMSSW_eos/CMSSW_11_2_4/src/Final_Results_MCNNTUNES/PerBin_FxFx.yoda/CMS_2019_I1753680/d33-x01-y01
ScaledBy=1.00916331104035547e-10
Title=PerBin_FxFx
# xlow	 xhigh	 val	 errminus	 errplus
0.000000e+00	1.000000e+00	1.628022e-02	1.686494e-04	1.686494e-04
1.000000e+00	2.000000e+00	4.658129e-02	2.844360e-04	2.844360e-04
2.000000e+00	3.000000e+00	6.846867e-02	3.445588e-04	3.445588e-04
3.000000e+00	4.000000e+00	8.012985e-02	3.738094e-04	3.738094e-04
4.000000e+00	5.000000e+00	8.394809e-02	3.836102e-04	3.836102e-04
5.000000e+00	6.000000e+00	8.037024e-02	3.783753e-04	3.783753e-04
6.000000e+00	7.000000e+00	7.565533e-02	3.671462e-04	3.671462e-04
7.000000e+00	8.000000e+00	6.736405e-02	3.488965e-04	3.488965e-04
8.000000e+00	9.000000e+00	6.068472e-02	3.322179e-04	3.322179e-04
9.000000e+00	1.000000e+01	5.446995e-02	3.159360e-04	3.159360e-04
1.000000e+01	1.100000e+01	4.930523e-02	3.020912e-04	3.020912e-04
1.100000e+01	1.200000e+01	4.547667e-02	2.900507e-04	2.900507e-04
1.200000e+01	1.300000e+01	4.149474e-02	2.779972e-04	2.779972e-04
1.300000e+01	1.400000e+01	3.758801e-02	2.665948e-04	2.665948e-04
1.400000e+01	1.600000e+01	3.353013e-02	1.792933e-04	1.792933e-04
1.600000e+01	1.800000e+01	2.916400e-02	1.681877e-04	1.681877e-04
1.800000e+01	2.000000e+01	2.560607e-02	1.594294e-04	1.594294e-04
2.000000e+01	2.200000e+01	2.253555e-02	1.504595e-04	1.504595e-04
2.200000e+01	2.500000e+01	1.943284e-02	1.166029e-04	1.166029e-04
2.500000e+01	2.800000e+01	1.666416e-02	1.107218e-04	1.107218e-04
2.800000e+01	3.200000e+01	1.390876e-02	9.114521e-05	9.114521e-05
3.200000e+01	3.700000e+01	1.103999e-02	7.603578e-05	7.603578e-05
3.700000e+01	4.300000e+01	8.249000e-03	6.307692e-05	6.307692e-05
4.300000e+01	5.200000e+01	5.489338e-03	4.409877e-05	4.409877e-05
5.200000e+01	6.500000e+01	3.402458e-03	2.935894e-05	2.935894e-05
6.500000e+01	8.500000e+01	1.875640e-03	1.745496e-05	1.745496e-05
8.500000e+01	1.200000e+02	7.681977e-04	8.719692e-06	8.719692e-06
1.200000e+02	1.600000e+02	2.794363e-04	4.783278e-06	4.783278e-06
1.600000e+02	1.900000e+02	1.305191e-04	3.609475e-06	3.609475e-06
1.900000e+02	2.200000e+02	6.680807e-05	2.659627e-06	2.659627e-06
2.200000e+02	2.500000e+02	1.573111e-05	2.054147e-06	2.054147e-06
2.500000e+02	3.000000e+02	1.406951e-05	1.085751e-06	1.085751e-06
3.000000e+02	4.000000e+02	1.004333e-05	4.600310e-07	4.600310e-07
4.000000e+02	1.500000e+03	1.783157e-07	3.579997e-08	3.579997e-08
# END HISTO1D


# BEGIN HISTO1D //eos/home-m/mdessena/CMSSW_eos/CMSSW_11_2_4/src/Final_Results_MCNNTUNES/Tune_PrimordialkT_FxFx_ext_CP5/CP5_default_FxFx.yoda/CMS_2019_I1753680/d33-x01-y01
ErrorBars=1
LineColor=blue
LineStyle=solid
Path=//eos/home-m/mdessena/CMSSW_eos/CMSSW_11_2_4/src/Final_Results_MCNNTUNES/Tune_PrimordialkT_FxFx_ext_CP5/CP5_default_FxFx.yoda/CMS_2019_I1753680/d33-x01-y01
ScaledBy=1.21345954769797675e-10
Title=CP5_default_FxFx
# xlow	 xhigh	 val	 errminus	 errplus
0.000000e+00	1.000000e+00	2.265632e-02	2.162033e-04	2.162033e-04
1.000000e+00	2.000000e+00	6.092522e-02	3.555025e-04	3.555025e-04
2.000000e+00	3.000000e+00	8.173725e-02	4.131791e-04	4.131791e-04
3.000000e+00	4.000000e+00	8.846357e-02	4.296671e-04	4.296671e-04
4.000000e+00	5.000000e+00	8.417206e-02	4.212481e-04	4.212481e-04
5.000000e+00	6.000000e+00	7.511025e-02	4.011732e-04	4.011732e-04
6.000000e+00	7.000000e+00	6.764089e-02	3.832447e-04	3.832447e-04
7.000000e+00	8.000000e+00	6.089152e-02	3.649700e-04	3.649700e-04
8.000000e+00	9.000000e+00	5.533562e-02	3.493455e-04	3.493455e-04
9.000000e+00	1.000000e+01	5.025142e-02	3.342613e-04	3.342613e-04
1.000000e+01	1.100000e+01	4.623478e-02	3.210891e-04	3.210891e-04
1.100000e+01	1.200000e+01	4.274129e-02	3.092857e-04	3.092857e-04
1.200000e+01	1.300000e+01	3.899597e-02	2.973206e-04	2.973206e-04
1.300000e+01	1.400000e+01	3.605576e-02	2.876328e-04	2.876328e-04
1.400000e+01	1.600000e+01	3.265801e-02	1.939246e-04	1.939246e-04
1.600000e+01	1.800000e+01	2.843655e-02	1.818851e-04	1.818851e-04
1.800000e+01	2.000000e+01	2.519576e-02	1.730584e-04	1.730584e-04
2.000000e+01	2.200000e+01	2.211279e-02	1.636751e-04	1.636751e-04
2.200000e+01	2.500000e+01	1.925563e-02	1.263981e-04	1.263981e-04
2.500000e+01	2.800000e+01	1.632132e-02	1.202265e-04	1.202265e-04
2.800000e+01	3.200000e+01	1.372972e-02	9.927692e-05	9.927692e-05
3.200000e+01	3.700000e+01	1.093306e-02	8.337235e-05	8.337235e-05
3.700000e+01	4.300000e+01	8.022045e-03	6.862302e-05	6.862302e-05
4.300000e+01	5.200000e+01	5.567138e-03	4.836814e-05	4.836814e-05
5.200000e+01	6.500000e+01	3.411516e-03	3.202826e-05	3.202826e-05
6.500000e+01	8.500000e+01	1.878066e-03	1.917003e-05	1.917003e-05
8.500000e+01	1.200000e+02	7.534711e-04	9.546826e-06	9.546826e-06
1.200000e+02	1.600000e+02	2.698595e-04	5.242830e-06	5.242830e-06
1.600000e+02	1.900000e+02	1.338288e-04	3.954743e-06	3.954743e-06
1.900000e+02	2.200000e+02	6.845130e-05	2.915110e-06	2.915110e-06
2.200000e+02	2.500000e+02	1.749705e-05	2.247798e-06	2.247798e-06
2.500000e+02	3.000000e+02	1.333559e-05	1.202745e-06	1.202745e-06
3.000000e+02	4.000000e+02	9.859827e-06	5.015792e-07	5.015792e-07
4.000000e+02	1.500000e+03	1.499287e-07	3.865767e-08	3.865767e-08
# END HISTO1D


# BEGIN HISTO1D //eos/home-m/mdessena/CMSSW_eos/CMSSW_11_2_4/src/Final_Results_MCNNTUNES/Tune_PrimordialkT_FxFx_ext_InverseModel/Inverse_FxFx.yoda/CMS_2019_I1753680/d33-x01-y01
ErrorBars=1
LineColor=green
LineStyle=solid
Path=//eos/home-m/mdessena/CMSSW_eos/CMSSW_11_2_4/src/Final_Results_MCNNTUNES/Tune_PrimordialkT_FxFx_ext_InverseModel/Inverse_FxFx.yoda/CMS_2019_I1753680/d33-x01-y01
ScaledBy=1.22237301172549768e-10
Title=Inverse_FxFx
# xlow	 xhigh	 val	 errminus	 errplus
0.000000e+00	1.000000e+00	1.714564e-02	1.889679e-04	1.889679e-04
1.000000e+00	2.000000e+00	4.699956e-02	3.140874e-04	3.140874e-04
2.000000e+00	3.000000e+00	6.838427e-02	3.791539e-04	3.791539e-04
3.000000e+00	4.000000e+00	8.063345e-02	4.124557e-04	4.124557e-04
4.000000e+00	5.000000e+00	8.418298e-02	4.222088e-04	4.222088e-04
5.000000e+00	6.000000e+00	8.078708e-02	4.163828e-04	4.163828e-04
6.000000e+00	7.000000e+00	7.436684e-02	4.005627e-04	4.005627e-04
7.000000e+00	8.000000e+00	6.707843e-02	3.833348e-04	3.833348e-04
8.000000e+00	9.000000e+00	6.018123e-02	3.631092e-04	3.631092e-04
9.000000e+00	1.000000e+01	5.466133e-02	3.476373e-04	3.476373e-04
1.000000e+01	1.100000e+01	4.909855e-02	3.321652e-04	3.321652e-04
1.100000e+01	1.200000e+01	4.472550e-02	3.176084e-04	3.176084e-04
1.200000e+01	1.300000e+01	4.115811e-02	3.062372e-04	3.062372e-04
1.300000e+01	1.400000e+01	3.771576e-02	2.946546e-04	2.946546e-04
1.400000e+01	1.600000e+01	3.433236e-02	1.989104e-04	1.989104e-04
1.600000e+01	1.800000e+01	2.899557e-02	1.845876e-04	1.845876e-04
1.800000e+01	2.000000e+01	2.581403e-02	1.755041e-04	1.755041e-04
2.000000e+01	2.200000e+01	2.242706e-02	1.661306e-04	1.661306e-04
2.200000e+01	2.500000e+01	1.945126e-02	1.283763e-04	1.283763e-04
2.500000e+01	2.800000e+01	1.645491e-02	1.215086e-04	1.215086e-04
2.800000e+01	3.200000e+01	1.397214e-02	1.006671e-04	1.006671e-04
3.200000e+01	3.700000e+01	1.110197e-02	8.417757e-05	8.417757e-05
3.700000e+01	4.300000e+01	8.161655e-03	6.933005e-05	6.933005e-05
4.300000e+01	5.200000e+01	5.527048e-03	4.867245e-05	4.867245e-05
5.200000e+01	6.500000e+01	3.476563e-03	3.233689e-05	3.233689e-05
6.500000e+01	8.500000e+01	1.886234e-03	1.932922e-05	1.932922e-05
8.500000e+01	1.200000e+02	7.635483e-04	9.609770e-06	9.609770e-06
1.200000e+02	1.600000e+02	2.729582e-04	5.264509e-06	5.264509e-06
1.600000e+02	1.900000e+02	1.336805e-04	3.965505e-06	3.965505e-06
1.900000e+02	2.200000e+02	6.532183e-05	2.950376e-06	2.950376e-06
2.200000e+02	2.500000e+02	1.953105e-05	2.273686e-06	2.273686e-06
2.500000e+02	3.000000e+02	1.461256e-05	1.195138e-06	1.195138e-06
3.000000e+02	4.000000e+02	1.062894e-05	5.174328e-07	5.174328e-07
4.000000e+02	1.500000e+03	1.688937e-07	3.931235e-08	3.931235e-08
# END HISTO1D

